997, 6
0.0
0.0
0.0
4.0
56.0
0.0
0.0
0.0
0.0
4.0
56.0
0.0
0.0
0.0
0.0
4.0
56.0
0.0
0.0
0.0
0.0
4.0
56.0
0.0
0.0
0.0
0.0
4.0
56.0
0.0
0.0
0.0
0.0
4.0
56.0
0.0
0.0
0.0
0.0
4.0
56.0
0.0
0.0
0.0
0.0
4.0
56.0
0.0
0.0
0.0
0.0
4.0
56.0
0.0
0.0
0.0
0.0
4.0
56.0
0.0
0.53400004
0.0
0.0
4.0
56.6
0.0
1.00926
0.0
0.0
4.0
57.733997
0.0
1.4322414
0.0
0.0
4.0
59.343258
0.0
1.8086947
0.0
0.0
4.0
61.3755
0.0
2.1437383
0.0
0.0
4.0
63.784195
0.0
2.441927
0.0
0.0
4.0
66.52793
0.0
2.707315
0.0
0.0
4.0
69.569855
0.0
2.9435103
0.0
0.0
4.0
72.87717
0.0
3.1537242
0.0
0.0
4.0
76.42068
0.0
3.3408144
0.0
0.0
4.0
80.1744
0.0
3.507325
0.0
0.0
4.0
84.11521
0.0
3.6555192
0.0
0.0
4.0
88.222534
0.0
3.7874122
0.0
0.0
4.0
92.47805
0.0
3.9047966
0.0
0.0
4.0
96.86546
0.0
4.0092688
0.0
0.0
4.0
101.37026
0.0
4.102249
0.0
0.0
4.0
105.97953
0.0
4.1850014
0.0
0.0
4.0
110.68178
0.0
4.2586513
0.0
0.0
4.0
115.46678
0.0
4.3241997
0.0
0.0
4.0
120.32543
0.0
4.3825374
0.0
0.0
4.0
125.24963
0.0
4.4344583
0.0
0.0
4.0
130.23218
0.0
4.4806676
0.0
0.0
4.0
135.26663
0.0
4.521794
0.0
0.0
4.0
140.3473
0.0
4.5583963
0.0
0.0
4.0
145.4691
0.0
4.5909724
0.0
0.0
4.0
150.6275
0.0
4.619965
0.0
0.0
4.0
155.81848
0.0
4.6457686
0.0
0.0
4.0
161.03845
0.0
4.668734
0.0
0.0
4.0
166.28423
0.0
4.689173
0.0
0.0
4.0
171.55296
0.0
4.707364
0.0
0.0
4.0
176.84213
0.0
4.7235537
0.0
0.0
4.0
182.14949
0.0
4.7379627
0.0
0.0
4.0
187.47304
0.0
4.750787
0.0
0.0
4.0
192.811
0.0
4.7622
0.0
0.0
4.0
198.16179
0.0
4.772358
0.0
0.0
4.0
203.52399
0.0
4.7813983
0.0
0.0
4.0
208.89635
0.0
4.7894444
0.0
0.0
4.0
214.27774
0.0
4.7966056
0.0
0.0
4.0
219.66719
0.0
4.802979
0.0
0.0
4.0
225.0638
0.0
4.808651
0.0
0.0
4.0
230.46678
0.0
4.8136992
0.0
0.0
4.0
235.87543
0.0
4.818192
0.0
0.0
4.0
241.28912
0.0
4.8221908
0.0
0.0
4.0
246.70732
0.0
4.8257494
0.0
0.0
4.0
252.12952
0.0
4.828917
0.0
0.0
4.0
257.55527
0.0
4.831736
0.0
0.0
4.0
262.9842
0.0
4.8342447
0.0
0.0
4.0
268.41592
0.0
4.8364778
0.0
0.0
4.0
273.85016
0.0
4.838465
0.0
0.0
4.0
279.28662
0.0
4.840234
0.0
0.0
4.0
284.7251
0.0
4.307808
0.0
0.0
4.0
289.56534
0.0
3.833949
0.0
0.0
4.0
293.87314
0.0
3.4122145
0.0
0.0
4.0
297.7071
0.0
2.5028708
0.0
0.0
4.0
300.51932
0.0
1.693555
0.0
0.0
4.0
302.42218
0.0
1.5072639
0.0
0.0
4.0
304.11572
0.0
1.3414649
0.0
0.0
4.0
305.623
0.0
0.6599037
0.0
0.0
4.0
306.36444
1.0
0.5873143
0.0
0.0
4.0
307.02435
1.0
0.5227097
0.0
0.0
4.0
307.61166
1.0
0.46521166
0.0
0.0
4.0
308.13437
1.0
0.0
0.0
0.0
4.0
308.13437
1.0
0.0
0.0
0.0
4.0
308.13437
1.0
0.0
0.0
0.0
4.0
308.13437
1.0
0.53400004
0.0
0.0
4.0
308.73438
1.0
1.00926
0.0
0.0
4.0
309.86838
1.0
1.4322414
0.0
0.0
4.0
311.47763
1.0
1.8086947
0.0
0.0
4.0
313.50986
1.0
2.1437383
0.0
0.0
4.0
315.91855
1.0
2.441927
0.0
0.0
4.0
318.6623
1.0
2.707315
0.0
0.0
4.0
321.70422
1.0
2.9435103
0.0
0.0
4.0
325.01154
1.0
3.1537242
0.0
0.0
4.0
328.55505
1.0
3.3408144
0.0
0.0
4.0
332.30878
1.0
3.507325
0.0
0.0
4.0
336.2496
1.0
3.6555192
0.0
0.0
4.0
340.35693
1.0
3.7874122
0.0
0.0
4.0
344.61246
1.0
3.9047966
0.0
0.0
4.0
348.99988
1.0
4.0092688
0.0
0.0
4.0
353.50467
1.0
4.102249
0.0
0.0
4.0
358.11395
1.0
4.1850014
0.0
0.0
4.0
362.8162
1.0
4.2586513
0.0
0.0
4.0
367.6012
1.0
4.3241997
0.0
0.0
4.0
372.45984
1.0
4.3825374
0.0
0.0
4.0
377.38403
1.0
4.4344583
0.0
0.0
4.0
382.36658
1.0
4.4806676
0.0
0.0
4.0
387.40103
1.0
4.521794
0.0
0.0
4.0
392.4817
1.0
4.5583963
0.0
0.0
4.0
397.6035
1.0
4.5909724
0.0
0.0
4.0
402.76187
1.0
4.619965
0.0
0.0
4.0
407.95285
1.0
4.6457686
0.0
0.0
4.0
413.17282
1.0
4.668734
0.0
0.0
4.0
418.41858
1.0
4.689173
0.0
0.0
4.0
423.68732
1.0
4.707364
0.0
0.0
4.0
428.9765
1.0
4.7235537
0.0
0.0
4.0
434.28387
1.0
4.7379627
0.0
0.0
4.0
439.60742
1.0
4.750787
0.0
0.0
4.0
444.94537
1.0
4.7622
0.0
0.0
4.0
450.29617
1.0
4.772358
0.0
0.0
4.0
455.6584
1.0
4.7813983
0.0
0.0
4.0
461.03073
1.0
4.7894444
0.0
0.0
4.0
466.41214
1.0
4.7966056
0.0
0.0
4.0
471.80157
1.0
4.802979
0.0
0.0
4.0
477.19818
1.0
4.808651
0.0
0.0
4.0
482.60117
1.0
4.8136992
0.0
0.0
4.0
488.00983
1.0
4.818192
0.0
0.0
4.0
493.42352
1.0
4.8221908
0.0
0.0
4.0
498.8417
1.0
4.8257494
0.0
0.0
4.0
504.2639
1.0
4.828917
0.0
0.0
4.0
509.68964
1.0
4.831736
0.0
0.0
4.0
515.1185
1.0
4.8342447
0.0
0.0
4.0
520.5503
1.0
4.8364778
0.0
0.0
4.0
525.98456
1.0
4.838465
0.0
0.0
4.0
531.421
1.0
4.840234
0.0
0.0
4.0
536.8595
1.0
4.841808
0.0
0.0
4.0
542.29974
1.0
4.843209
0.0
0.0
4.0
547.7416
1.0
4.8444557
0.0
0.0
4.0
553.1848
1.0
4.8455653
0.0
0.0
4.0
558.6293
1.0
4.846553
0.0
0.0
4.0
564.0748
1.0
4.8474317
0.0
0.0
4.0
569.52136
1.0
4.848214
0.0
0.0
4.0
574.9688
1.0
4.8489103
0.0
0.0
4.0
580.41705
1.0
4.84953
0.0
0.0
4.0
585.86597
1.0
4.850082
0.0
0.0
4.0
591.3155
1.0
4.8505726
0.0
0.0
4.0
596.76556
1.0
4.8510094
0.0
0.0
4.0
602.2161
1.0
4.851398
0.0
0.0
4.0
607.6671
1.0
4.851744
0.0
0.0
4.0
613.1185
1.0
4.852052
0.0
0.0
4.0
618.57025
1.0
4.8523264
0.0
0.0
4.0
624.0223
1.0
4.8525705
0.0
0.0
4.0
629.4746
1.0
4.8527875
0.0
0.0
4.0
634.9272
1.0
4.8529806
0.0
0.0
4.0
640.37994
1.0
4.8531528
0.0
0.0
4.0
645.83295
1.0
4.853306
0.0
0.0
4.0
651.2861
1.0
4.853442
0.0
0.0
4.0
656.7394
1.0
4.8535633
0.0
0.0
4.0
662.1928
2.0
4.853671
0.0
0.0
4.0
667.64636
2.0
4.853767
0.0
0.0
4.0
673.10004
2.0
4.8538523
0.0
0.0
4.0
678.55383
2.0
4.8539286
0.0
0.0
4.0
684.0077
2.0
4.8539963
0.0
0.0
4.0
689.4616
2.0
4.8540564
0.0
0.0
4.0
694.9156
2.0
4.85411
0.0
0.0
4.0
700.3696
2.0
4.8541574
0.0
0.0
4.0
705.8237
2.0
4.8542
0.0
0.0
4.0
711.2779
2.0
4.8542376
0.0
0.0
4.0
716.7321
2.0
4.8542714
0.0
0.0
4.0
722.18634
2.0
4.8543015
0.0
0.0
4.0
727.6406
2.0
0.0
0.0
0.0
4.0
731.0
2.0
0.53400004
0.0
0.0
4.0
731.6
2.0
0.0
0.0
0.0
4.0
731.0
2.0
0.53400004
0.0
0.0
4.0
731.6
2.0
0.0
0.0
0.0
4.0
731.0
2.0
0.53400004
0.0
0.0
4.0
731.6
2.0
0.0
0.0
0.0
4.0
731.0
2.0
0.53400004
0.0
0.0
4.0
731.6
2.0
1.00926
0.0
0.0
4.0
732.73395
2.0
1.4322414
0.0
0.0
4.0
734.3432
2.0
1.8086947
0.0
0.0
4.0
736.3754
2.0
2.1437383
0.0
0.0
4.0
738.7841
2.0
2.441927
0.0
0.0
4.0
741.52783
2.0
2.707315
0.0
0.0
4.0
744.56976
2.0
2.9435103
0.0
0.0
4.0
747.8771
2.0
3.1537242
0.0
0.0
4.0
751.4206
2.0
3.3408144
0.0
0.0
4.0
755.1743
2.0
3.507325
0.0
0.0
4.0
759.1151
2.0
3.6555192
0.0
0.0
4.0
763.2224
2.0
3.7874122
0.0
0.0
4.0
767.4779
2.0
3.9047966
0.0
0.0
4.0
771.8653
2.0
4.0092688
0.0
0.0
4.0
776.3701
2.0
4.102249
0.0
0.0
4.0
780.9794
2.0
4.1850014
0.0
0.0
4.0
785.68164
2.0
4.2586513
0.0
0.0
4.0
790.4666
2.0
4.3241997
0.0
0.0
4.0
795.32526
2.0
4.3825374
0.0
0.0
4.0
800.24945
2.0
4.4344583
0.0
0.0
4.0
805.232
3.0
4.4806676
0.0
0.0
4.0
810.2665
3.0
4.521794
0.0
0.0
4.0
815.34717
3.0
4.5583963
0.0
0.0
4.0
820.46893
3.0
4.5909724
0.0
0.0
4.0
825.6273
3.0
4.619965
0.0
0.0
4.0
830.8183
3.0
4.6457686
0.0
0.0
4.0
836.03827
3.0
4.668734
0.0
0.0
4.0
841.28406
3.0
4.689173
0.0
0.0
4.0
846.5528
3.0
4.707364
0.0
0.0
4.0
851.842
4.0
4.7235537
0.0
0.0
4.0
857.14935
4.0
4.7379627
0.0
0.0
4.0
862.4729
4.0
4.750787
0.0
0.0
4.0
867.81085
4.0
4.7622
0.0
0.0
4.0
873.1616
4.0
4.772358
0.0
0.0
4.0
878.5238
4.0
4.7813983
0.0
0.0
4.0
883.8962
4.0
4.7894444
0.0
0.0
4.0
889.2776
4.0
4.7966056
0.0
0.0
4.0
894.66705
4.0
4.802979
0.0
0.0
4.0
900.06366
4.0
4.808651
0.0
0.0
4.0
905.4666
4.0
0.0
0.0
0.0
4.0
907.0
4.0
0.53400004
0.0
0.0
4.0
907.6
4.0
0.0
0.0
0.0
4.0
907.0
4.0
0.53400004
0.0
0.0
4.0
907.6
4.0
0.0
0.0
0.0
4.0
907.0
4.0
0.53400004
0.0
0.0
4.0
907.6
4.0
0.0
0.0
0.0
4.0
907.0
4.0
0.53400004
0.0
0.0
4.0
907.6
4.0
0.0
0.0
0.0
4.0
907.0
4.0
0.53400004
0.0
0.0
4.0
907.6
4.0
1.00926
0.0
0.0
4.0
908.73395
4.0
1.4322414
0.0
0.0
4.0
910.3432
4.0
1.8086947
0.0
0.0
4.0
912.3754
4.0
2.1437383
0.0
0.0
4.0
914.7841
4.0
2.441927
0.0
0.0
4.0
917.52783
4.0
2.707315
0.0
0.0
4.0
920.56976
4.0
2.9435103
0.0
0.0
4.0
923.8771
4.0
3.1537242
0.0
0.0
4.0
927.4206
4.0
3.3408144
0.0
0.0
4.0
931.1743
4.0
3.507325
0.0
0.0
4.0
935.1151
4.0
3.6555192
0.0
0.0
4.0
939.2224
4.0
3.7874122
0.0
0.0
4.0
943.4779
4.0
3.9047966
0.0
0.0
4.0
947.8653
4.0
4.0092688
0.0
0.0
4.0
952.3701
4.0
4.102249
0.0
0.0
4.0
956.9794
4.0
4.1850014
0.0
0.0
4.0
961.68164
4.0
4.2586513
0.0
0.0
4.0
966.4666
4.0
4.3241997
0.0
0.0
4.0
971.32526
4.0
4.3825374
0.0
0.0
4.0
976.24945
4.0
4.4344583
0.0
0.0
4.0
981.232
4.0
4.4806676
0.0
0.0
4.0
986.2665
4.0
4.521794
0.0
0.0
4.0
991.34717
4.0
4.5583963
0.0
0.0
4.0
996.46893
4.0
4.5909724
0.0
0.0
4.0
1001.6273
4.0
4.619965
0.0
0.0
4.0
1006.8183
4.0
4.6457686
0.0
0.0
4.0
1012.03827
4.0
4.668734
0.0
0.0
4.0
1017.28406
4.0
4.689173
0.0
0.0
4.0
1022.5528
4.0
4.707364
0.0
0.0
4.0
1027.8419
4.0
4.7235537
0.0
0.0
4.0
1033.1493
4.0
4.7379627
0.0
0.0
4.0
1038.4729
4.0
4.750787
0.0
0.0
4.0
1043.8109
4.0
4.7622
0.0
0.0
4.0
1049.1617
4.0
4.772358
0.0
0.0
4.0
1054.5239
4.0
4.7813983
0.0
0.0
4.0
1059.8962
4.0
4.7894444
0.0
0.0
4.0
1065.2776
4.0
4.7966056
0.0
0.0
4.0
1070.667
4.0
4.802979
0.0
0.0
4.0
1076.0636
4.0
4.808651
0.0
0.0
4.0
1081.4666
4.0
4.8136992
0.0
0.0
4.0
1086.8752
4.0
4.818192
0.0
0.0
4.0
1092.289
4.0
4.8221908
0.0
0.0
4.0
1097.7072
4.0
4.8257494
0.0
0.0
4.0
1103.1294
4.0
4.828917
0.0
0.0
4.0
1108.5552
4.0
4.831736
0.0
0.0
4.0
1113.9841
4.0
4.8342447
0.0
0.0
4.0
1119.4159
4.0
4.8364778
0.0
0.0
4.0
1124.8501
4.0
4.838465
0.0
0.0
4.0
1130.2866
4.0
4.840234
0.0
0.0
4.0
1135.7251
4.0
4.841808
0.0
0.0
4.0
1141.1653
4.0
4.843209
0.0
0.0
4.0
1146.607
4.0
4.8444557
0.0
0.0
4.0
1152.0503
4.0
4.8455653
0.0
0.0
4.0
1157.4948
4.0
4.846553
0.0
0.0
4.0
1162.9403
4.0
4.8474317
0.0
0.0
4.0
1168.3868
4.0
4.848214
0.0
0.0
4.0
1173.8342
4.0
4.3149104
0.0
0.0
4.0
1178.6825
4.0
3.3062704
0.0
0.0
4.0
1182.3975
4.0
2.4085805
0.0
0.0
4.0
1185.1038
4.0
1.6096367
0.0
0.0
4.0
1186.9124
4.0
0.8985766
0.0
0.0
4.0
1187.922
4.0
0.0
0.0
0.0
4.0
1187.922
4.0
-0.53400004
0.0
0.0
4.0
1187.322
4.0
-1.00926
0.0
0.0
4.0
1186.188
4.0
-1.4322414
0.0
0.0
4.0
1184.5787
4.0
-1.8086947
0.0
0.0
4.0
1182.5465
4.0
-2.1437383
0.0
0.0
4.0
1180.1378
4.0
-1.907927
0.0
0.0
4.0
1177.994
4.0
-1.698055
0.0
0.0
4.0
1176.086
4.0
-1.511269
0.0
0.0
4.0
1174.3881
4.0
-1.3450294
0.0
0.0
4.0
1172.8768
4.0
-1.1970761
0.0
0.0
4.0
1171.5319
4.0
-1.0653977
0.0
0.0
4.0
1170.3348
4.0
-0.948204
0.0
0.0
4.0
1169.2694
4.0
-0.8439015
0.0
0.0
4.0
1168.3212
4.0
-0.75107235
0.0
0.0
4.0
1167.4773
4.0
-0.66845435
0.0
0.0
4.0
1166.7262
4.0
-0.5949244
0.0
0.0
4.0
1166.0577
4.0
-0.5294827
0.0
0.0
4.0
1165.4628
4.0
0.0
0.0
0.0
4.0
1165.4628
4.0
0.53400004
0.0
0.0
4.0
1166.0627
4.0
1.00926
0.0
0.0
4.0
1167.1968
4.0
1.4322414
0.0
0.0
4.0
1168.806
4.0
1.8086947
0.0
0.0
4.0
1170.8383
4.0
2.1437383
0.0
0.0
4.0
1173.247
4.0
2.441927
0.0
0.0
4.0
1175.9907
4.0
2.707315
0.0
0.0
4.0
1179.0326
4.0
2.4095104
0.0
0.0
4.0
1181.7399
4.0
2.1444643
0.0
0.0
4.0
1184.1494
4.0
1.9085732
0.0
0.0
4.0
1186.2938
4.0
1.6986301
0.0
0.0
4.0
1188.2024
4.0
0.97778076
0.0
0.0
4.0
1189.301
4.0
0.0
0.0
0.0
4.0
1189.301
4.0
-0.53400004
0.0
0.0
4.0
1188.701
4.0
-1.00926
0.0
0.0
4.0
1187.567
5.0
-1.4322414
0.0
0.0
4.0
1185.9578
5.0
-1.8086947
0.0
0.0
4.0
1183.9255
5.0
-2.1437383
0.0
0.0
4.0
1181.5168
5.0
-2.441927
0.0
0.0
4.0
1178.7731
5.0
-2.173315
0.0
0.0
4.0
1176.3312
5.0
-1.9342504
0.0
0.0
4.0
1174.1578
5.0
-1.7214828
0.0
0.0
4.0
1172.2236
5.0
-1.5321196
0.0
0.0
4.0
1170.5022
5.0
-1.3635864
0.0
0.0
4.0
1168.9701
5.0
-1.2135919
0.0
0.0
4.0
1167.6064
5.0
-1.0800968
0.0
0.0
4.0
1166.3928
5.0
-0.9612862
0.0
0.0
4.0
1165.3127
5.0
-0.8555447
0.0
0.0
4.0
1164.3514
5.0
-0.76143473
0.0
0.0
4.0
1163.4958
5.0
-0.6776769
0.0
0.0
4.0
1162.7344
5.0
-0.6031324
0.0
0.0
4.0
1162.0566
5.0
-0.53678787
0.0
0.0
4.0
1161.4535
5.0
-0.47774118
0.0
0.0
4.0
1160.9167
5.0
0.0
0.0
0.0
4.0
1160.9167
5.0
0.0
0.0
0.0
4.0
1160.9167
5.0
0.53400004
0.0
0.0
4.0
1161.5167
5.0
1.00926
0.0
0.0
4.0
1162.6508
5.0
1.4322414
0.0
0.0
4.0
1164.26
5.0
1.8086947
0.0
0.0
4.0
1166.2922
5.0
2.1437383
0.0
0.0
4.0
1168.7009
5.0
2.441927
0.0
0.0
4.0
1171.4447
5.0
2.707315
0.0
0.0
4.0
1174.4866
5.0
2.9435103
0.0
0.0
4.0
1177.794
5.0
2.619724
0.0
0.0
4.0
1180.7374
5.0
2.3315544
0.0
0.0
4.0
1183.3572
5.0
2.0750835
0.0
0.0
4.0
1185.6887
5.0
1.8468243
0.0
0.0
4.0
1187.7638
5.0
1.6436735
0.0
0.0
4.0
1189.6106
5.0
1.4628694
0.0
0.0
4.0
1191.2543
5.0
1.3019538
0.0
0.0
4.0
1192.7172
6.0
1.1587389
0.0
0.0
4.0
1194.0192
6.0
1.0312775
0.0
0.0
4.0
1195.1779
6.0
0.91783696
0.0
0.0
4.0
1196.2091
6.0
0.81687486
0.0
0.0
4.0
1197.127
6.0
1.2610186
0.0
0.0
4.0
1198.5438
6.0
1.6563066
0.0
0.0
4.0
1200.4048
6.0
2.008113
0.0
0.0
4.0
1202.6611
6.0
2.3212204
0.0
0.0
4.0
1205.2693
6.0
2.599886
0.0
0.0
4.0
1208.1906
6.0
2.8478982
0.0
0.0
4.0
1211.3904
6.0
3.0686295
0.0
0.0
4.0
1214.8383
6.0
3.2650802
0.0
0.0
4.0
1218.5068
6.0
3.4399214
0.0
0.0
4.0
1222.372
6.0
3.5955298
0.0
0.0
4.0
1226.4119
6.0
3.7340217
0.0
0.0
4.0
1230.6074
6.0
3.857279
0.0
0.0
4.0
1234.9414
6.0
3.9669783
0.0
0.0
4.0
1239.3987
6.0
4.064611
0.0
0.0
4.0
1243.9657
6.0
4.1515036
0.0
0.0
4.0
1248.6302
6.0
4.228838
0.0
0.0
4.0
1253.3817
6.0
4.2976656
0.0
0.0
4.0
1258.2106
6.0
4.358922
0.0
0.0
4.0
1263.1083
6.0
4.41344
0.0
0.0
4.0
1268.0671
6.0
4.4619617
0.0
0.0
4.0
1273.0806
6.0
4.505146
0.0
0.0
4.0
1278.1426
6.0
4.5435796
0.0
0.0
4.0
1283.2477
6.0
4.5777855
0.0
0.0
4.0
1288.3912
6.0
4.608229
0.0
0.0
4.0
1293.569
6.0
4.635324
0.0
0.0
4.0
1298.7772
6.0
4.659438
0.0
0.0
4.0
1304.0126
6.0
4.6808996
0.0
0.0
4.0
1309.272
6.0
4.7000003
0.0
0.0
4.0
1314.5529
6.0
4.717
0.0
0.0
4.0
1319.8529
6.0
4.73213
0.0
0.0
4.0
1325.1699
6.0
4.7455955
0.0
0.0
4.0
1330.5021
6.0
4.75758
0.0
0.0
4.0
1335.8477
6.0
4.7682457
0.0
0.0
4.0
1341.2052
6.0
4.7777386
0.0
0.0
4.0
1346.5735
6.0
4.786187
0.0
0.0
4.0
1351.9512
6.0
4.7937064
0.0
0.0
4.0
1357.3374
6.0
4.8003983
0.0
0.0
4.0
1362.7311
6.0
4.8063545
0.0
0.0
4.0
1368.1315
6.0
4.8116555
0.0
0.0
4.0
1373.5378
6.0
4.8163733
0.0
0.0
4.0
1378.9495
6.0
4.820572
0.0
0.0
4.0
1384.3658
6.0
4.824309
0.0
0.0
4.0
1389.7864
6.0
4.827635
0.0
0.0
4.0
1395.2107
6.0
4.830595
0.0
0.0
4.0
1400.6383
6.0
4.8332295
0.0
0.0
4.0
1406.0688
6.0
4.835574
0.0
0.0
4.0
1411.5021
6.0
4.837661
0.0
0.0
4.0
1416.9376
6.0
4.839518
0.0
0.0
4.0
1422.3752
6.0
4.841171
0.0
0.0
4.0
1427.8148
6.0
4.842642
0.0
0.0
4.0
1433.256
6.0
4.3099513
0.0
0.0
4.0
1438.0986
6.0
3.3018568
0.0
0.0
4.0
1441.8086
6.0
2.4046524
0.0
0.0
4.0
1444.5105
6.0
1.6061405
0.0
0.0
4.0
1446.3152
6.0
0.895465
0.0
0.0
4.0
1447.3213
6.0
0.0
0.0
0.0
4.0
1447.3213
6.0
-0.53400004
0.0
0.0
4.0
1446.7213
6.0
-1.00926
0.0
0.0
4.0
1445.5873
6.0
-0.89824146
0.0
0.0
4.0
1444.578
6.0
-0.7994349
0.0
0.0
4.0
1443.6798
6.0
-0.71149707
0.0
0.0
4.0
1442.8804
6.0
-0.63323236
0.0
0.0
4.0
1442.1688
6.0
0.0
0.0
0.0
4.0
1442.1688
6.0
0.53400004
0.0
0.0
4.0
1442.7688
6.0
1.00926
0.0
0.0
4.0
1443.9028
6.0
1.4322414
0.0
0.0
4.0
1445.5121
6.0
1.8086947
0.0
0.0
4.0
1447.5443
6.0
2.1437383
0.0
0.0
4.0
1449.953
6.0
1.907927
0.0
0.0
4.0
1452.0968
6.0
1.698055
0.0
0.0
4.0
1454.0048
6.0
1.511269
0.0
0.0
4.0
1455.7028
6.0
1.3450294
0.0
0.0
4.0
1457.214
6.0
1.1970761
0.0
0.0
4.0
1458.559
6.0
1.0653977
0.0
0.0
4.0
1459.756
6.0
0.948204
0.0
0.0
4.0
1460.8214
6.0
0.8439015
0.0
0.0
4.0
1461.7697
7.0
0.75107235
0.0
0.0
4.0
1462.6135
7.0
0.66845435
0.0
0.0
4.0
1463.3646
7.0
0.0
0.0
0.0
4.0
1463.3646
7.0
-0.53400004
0.0
0.0
4.0
1462.7646
7.0
-1.00926
0.0
0.0
4.0
1461.6306
7.0
-1.4322414
0.0
0.0
4.0
1460.0214
7.0
-1.8086947
0.0
0.0
4.0
1457.9891
7.0
-2.1437383
0.0
0.0
4.0
1455.5804
7.0
-1.907927
0.0
0.0
4.0
1453.4366
7.0
-1.698055
0.0
0.0
4.0
1451.5287
7.0
-1.511269
0.0
0.0
4.0
1449.8307
7.0
-1.3450294
0.0
0.0
4.0
1448.3195
7.0
-0.6630761
0.0
0.0
4.0
1447.5745
7.0
0.0
0.0
0.0
4.0
1447.5745
7.0
0.53400004
0.0
0.0
4.0
1448.1744
7.0
1.00926
0.0
0.0
4.0
1449.3085
7.0
0.89824146
0.0
0.0
4.0
1450.3177
7.0
0.7994349
0.0
0.0
4.0
1451.216
7.0
0.71149707
0.0
0.0
4.0
1452.0154
7.0
0.63323236
0.0
0.0
4.0
1452.7269
7.0
0.56357676
0.0
0.0
4.0
1453.3601
7.0
0.5015833
0.0
0.0
4.0
1453.9237
7.0
0.9804091
0.0
0.0
4.0
1455.0253
7.0
1.406564
0.0
0.0
4.0
1456.6057
8.0
1.7858421
0.0
0.0
4.0
1458.6123
8.0
2.1233995
0.0
0.0
4.0
1460.9982
8.0
2.4238257
0.0
0.0
4.0
1463.7216
8.0
2.6912048
0.0
0.0
4.0
1466.7454
8.0
2.395172
0.0
0.0
4.0
1469.4365
8.0
2.1317031
0.0
0.0
4.0
1471.8317
8.0
2.4312158
0.0
0.0
4.0
1474.5634
8.0
2.6977818
0.0
0.0
4.0
1477.5946
8.0
2.935026
0.0
0.0
4.0
1480.8923
8.0
3.1461732
0.0
0.0
4.0
1484.4274
8.0
3.3340943
0.0
0.0
4.0
1488.1736
8.0
3.501344
0.0
0.0
4.0
1492.1077
8.0
3.6501963
0.0
0.0
4.0
1496.209
8.0
3.7826748
0.0
0.0
4.0
1500.4592
8.0
3.9005804
0.0
0.0
4.0
1504.8419
8.0
4.0055165
0.0
0.0
4.0
1509.3425
8.0
4.0989094
0.0
0.0
4.0
1513.948
8.0
4.1820292
0.0
0.0
4.0
1518.6469
8.0
4.256006
0.0
0.0
4.0
1523.4288
8.0
4.321845
0.0
0.0
4.0
1528.2848
8.0
4.380442
0.0
0.0
4.0
1533.2067
8.0
4.4325933
0.0
0.0
4.0
1538.1871
8.0
4.4790077
0.0
0.0
4.0
1543.2197
8.0
4.5203166
0.0
0.0
4.0
1548.2987
8.0
4.5570817
0.0
0.0
4.0
1553.4191
8.0
4.5898027
0.0
0.0
4.0
1558.5762
8.0
4.618924
0.0
0.0
4.0
1563.766
8.0
4.644842
0.0
0.0
4.0
1568.9849
8.0
4.667909
0.0
0.0
4.0
1574.2297
8.0
4.688439
0.0
0.0
4.0
1579.4977
8.0
4.7067103
0.0
0.0
4.0
1584.7861
8.0
4.722972
0.0
0.0
4.0
1590.0929
8.0
4.737445
0.0
0.0
4.0
1595.4159
8.0
4.7503257
0.0
0.0
4.0
1600.7533
8.0
4.76179
0.0
0.0
4.0
1606.1036
8.0
4.7719927
0.0
0.0
4.0
1611.4655
8.0
4.781073
0.0
0.0
4.0
1616.8374
8.0
4.789155
0.0
0.0
4.0
1622.2185
8.0
4.7963476
0.0
0.0
4.0
1627.6077
8.0
4.802749
0.0
0.0
4.0
1633.004
8.0
4.8084464
0.0
0.0
4.0
1638.4067
8.0
4.813517
0.0
0.0
4.0
1643.8152
8.0
4.28403
0.0
0.0
4.0
1648.6287
8.0
3.2787867
0.0
0.0
4.0
1652.3127
8.0
2.3841202
0.0
0.0
4.0
1654.9916
8.0
1.5878669
0.0
0.0
4.0
1656.7758
8.0
1.4132016
0.0
0.0
4.0
1658.3636
8.0
1.2577493
0.0
0.0
4.0
1659.7769
9.0
1.1193969
0.0
0.0
4.0
1661.0345
9.0
0.99626327
0.0
0.0
4.0
1662.1539
9.0
0.8866743
0.0
0.0
4.0
1663.1501
9.0
0.7891401
0.0
0.0
4.0
1664.0369
9.0
0.7023347
0.0
0.0
4.0
1664.826
9.0
0.6250779
0.0
0.0
4.0
1665.5284
9.0
0.5563193
0.0
0.0
4.0
1666.1536
9.0
0.49512416
0.0
0.0
4.0
1666.7098
9.0
0.0
0.0
0.0
4.0
1666.7098
9.0
0.0
0.0
0.0
4.0
1666.7098
9.0
0.0
0.0
0.0
4.0
1666.7098
9.0
0.0
0.0
0.0
4.0
1666.7098
9.0
0.0
0.0
0.0
4.0
1666.7098
9.0
0.0
0.0
0.0
4.0
1666.7098
9.0
0.53400004
0.0
0.0
4.0
1667.3098
9.0
1.00926
0.0
0.0
4.0
1668.4438
9.0
1.4322414
0.0
0.0
4.0
1670.0531
9.0
1.8086947
0.0
0.0
4.0
1672.0853
9.0
2.1437383
0.0
0.0
4.0
1674.494
9.0
2.441927
0.0
0.0
4.0
1677.2378
9.0
2.707315
0.0
0.0
4.0
1680.2797
9.0
2.9435103
0.0
0.0
4.0
1683.587
9.0
3.1537242
0.0
0.0
4.0
1687.1305
9.0
3.3408144
0.0
0.0
4.0
1690.8843
9.0
3.507325
0.0
0.0
4.0
1694.8251
9.0
3.6555192
0.0
0.0
4.0
1698.9324
9.0
3.7874122
0.0
0.0
4.0
1703.1879
9.0
3.9047966
0.0
0.0
4.0
1707.5753
9.0
4.0092688
0.0
0.0
4.0
1712.0801
9.0
4.102249
0.0
0.0
4.0
1716.6893
9.0
4.1850014
0.0
0.0
4.0
1721.3916
9.0
4.2586513
0.0
0.0
4.0
1726.1766
9.0
4.3241997
0.0
0.0
4.0
1731.0353
9.0
4.3825374
0.0
0.0
4.0
1735.9595
9.0
4.4344583
0.0
0.0
4.0
1740.942
9.0
4.4806676
0.0
0.0
4.0
1745.9764
9.0
4.521794
0.0
0.0
4.0
1751.0571
9.0
4.5583963
0.0
0.0
4.0
1756.179
9.0
4.5909724
0.0
0.0
4.0
1761.3374
9.0
4.619965
0.0
0.0
4.0
1766.5283
9.0
4.6457686
0.0
0.0
4.0
1771.7483
9.0
4.668734
0.0
0.0
4.0
1776.994
9.0
4.689173
0.0
0.0
4.0
1782.2627
9.0
4.707364
0.0
0.0
4.0
1787.5519
9.0
4.7235537
0.0
0.0
4.0
1792.8593
9.0
4.7379627
0.0
0.0
4.0
1798.1829
9.0
4.750787
0.0
0.0
4.0
1803.5209
9.0
4.7622
0.0
0.0
4.0
1808.8717
9.0
4.772358
0.0
0.0
4.0
1814.2339
9.0
4.7813983
0.0
0.0
4.0
1819.6062
9.0
4.7894444
0.0
0.0
4.0
1824.9875
9.0
4.7966056
0.0
0.0
4.0
1830.377
9.0
4.802979
0.0
0.0
4.0
1835.7736
9.0
4.808651
0.0
0.0
4.0
1841.1765
9.0
4.8136992
0.0
0.0
4.0
1846.5852
9.0
4.818192
0.0
0.0
4.0
1851.9989
9.0
4.8221908
0.0
0.0
4.0
1857.4171
9.0
4.8257494
0.0
0.0
4.0
1862.8394
9.0
4.828917
0.0
0.0
4.0
1868.2651
9.0
4.831736
0.0
0.0
4.0
1873.6941
9.0
4.8342447
0.0
0.0
4.0
1879.1259
9.0
4.8364778
0.0
0.0
4.0
1884.56
9.0
4.838465
0.0
0.0
4.0
1889.9966
9.0
4.840234
0.0
0.0
4.0
1895.435
9.0
4.841808
0.0
0.0
4.0
1900.8752
9.0
4.843209
0.0
0.0
4.0
1906.317
9.0
4.8444557
0.0
0.0
4.0
1911.7603
9.0
4.8455653
0.0
0.0
4.0
1917.2047
9.0
4.846553
0.0
0.0
4.0
1922.6503
9.0
4.8474317
0.0
0.0
4.0
1928.0968
9.0
4.848214
0.0
0.0
4.0
1933.5442
9.0
4.3149104
0.0
0.0
4.0
1938.3925
9.0
3.8402703
0.0
0.0
4.0
1942.7074
9.0
2.8838403
0.0
0.0
4.0
1945.9476
9.0
2.0326178
0.0
0.0
4.0
1948.2314
9.0
1.2750298
0.0
0.0
4.0
1949.6641
9.0
1.1347765
0.0
0.0
4.0
1950.9391
9.0
1.009951
0.0
0.0
4.0
1952.0739
10.0
0.89885634
0.0
0.0
4.0
1953.0839
10.0
0.79998213
0.0
0.0
4.0
1953.9827
10.0
0.7119841
0.0
0.0
4.0
1954.7826
10.0
0.63366586
0.0
0.0
4.0
1955.4946
10.0
0.5639626
0.0
0.0
4.0
1956.1283
10.0
1.0359267
0.0
0.0
4.0
1957.2922
10.0
1.4559748
0.0
0.0
4.0
1958.9282
10.0
1.8298177
0.0
0.0
4.0
1960.9843
10.0
1.6285377
0.0
0.0
4.0
1962.8141
11.0
1.4493985
0.0
0.0
4.0
1964.4426
11.0
0.75596464
0.0
0.0
4.0
1965.292
11.0
0.0
0.0
0.0
4.0
1965.292
11.0
-0.53400004
0.0
0.0
4.0
1964.692
11.0
-1.00926
0.0
0.0
4.0
1963.558
11.0
-1.4322414
0.0
0.0
4.0
1961.9487
11.0
-1.8086947
0.0
0.0
4.0
1959.9165
11.0
-2.1437383
0.0
0.0
4.0
1957.5078
11.0
-2.441927
0.0
0.0
4.0
1954.764
11.0
-2.707315
0.0
0.0
4.0
1951.7222
11.0
-2.9435103
0.0
0.0
4.0
1948.4148
11.0
-3.1537242
0.0
0.0
4.0
1944.8713
11.0
-3.3408144
0.0
0.0
4.0
1941.1176
11.0
-2.9733248
0.0
0.0
4.0
1937.7767
11.0
-2.646259
0.0
0.0
4.0
1934.8035
11.0
-1.8211704
0.0
0.0
4.0
1932.7572
11.0
-1.0868417
0.0
0.0
4.0
1931.536
11.0
0.0
0.0
0.0
4.0
1931.536
11.0
0.53400004
0.0
0.0
4.0
1932.136
11.0
1.00926
0.0
0.0
4.0
1933.27
11.0
1.4322414
0.0
0.0
4.0
1934.8793
11.0
1.8086947
0.0
0.0
4.0
1936.9115
11.0
1.6097382
0.0
0.0
4.0
1938.7202
11.0
1.432667
0.0
0.0
4.0
1940.33
11.0
1.2750736
0.0
0.0
4.0
1941.7626
11.0
0.60081553
0.0
0.0
4.0
1942.4376
11.0
0.0
0.0
0.0
4.0
1942.4376
11.0
-0.53400004
0.0
0.0
4.0
1941.8376
12.0
-1.00926
0.0
0.0
4.0
1940.7036
12.0
-1.4322414
0.0
0.0
4.0
1939.0944
12.0
-1.2746949
0.0
0.0
4.0
1937.6621
12.0
-1.1344784
0.0
0.0
4.0
1936.3875
12.0
-1.0096858
0.0
0.0
4.0
1935.2529
12.0
-1.4326203
0.0
0.0
4.0
1933.6432
12.0
-1.8090322
0.0
0.0
4.0
1931.6106
12.0
-1.6100386
0.0
0.0
4.0
1929.8015
12.0
-1.4329344
0.0
0.0
4.0
1928.1915
12.0
-1.2753116
0.0
0.0
4.0
1926.7585
12.0
-1.1350273
0.0
0.0
4.0
1925.4833
12.0
-0.47617427
0.0
0.0
4.0
1924.9482
12.0
0.0
0.0
0.0
4.0
1924.9482
12.0
0.53400004
0.0
0.0
4.0
1925.5482
12.0
1.00926
0.0
0.0
4.0
1926.6823
12.0
1.4322414
0.0
0.0
4.0
1928.2915
12.0
1.8086947
0.0
0.0
4.0
1930.3237
12.0
1.6097382
0.0
0.0
4.0
1932.1324
12.0
1.432667
0.0
0.0
4.0
1933.7422
12.0
1.2750736
0.0
0.0
4.0
1935.1748
12.0
1.1348156
0.0
0.0
4.0
1936.4498
12.0
1.5439858
0.0
0.0
4.0
1938.1847
12.0
1.9081473
0.0
0.0
4.0
1940.3287
12.0
2.232251
0.0
0.0
4.0
1942.8369
13.0
2.5207033
0.0
0.0
4.0
1945.6692
13.0
2.7774258
0.0
0.0
4.0
1948.7899
13.0
3.0059087
0.0
0.0
4.0
1952.1674
13.0
3.2092588
0.0
0.0
4.0
1955.7733
13.0
3.3902404
0.0
0.0
4.0
1959.5825
13.0
3.551314
0.0
0.0
4.0
1963.5728
13.0
3.6946697
0.0
0.0
4.0
1967.7241
13.0
3.8222558
0.0
0.0
4.0
1972.0188
13.0
3.9358077
0.0
0.0
4.0
1976.441
13.0
4.0368686
0.0
0.0
4.0
1980.9768
13.0
4.126813
0.0
0.0
4.0
1985.6136
13.0
4.2068634
0.0
0.0
4.0
1990.3405
13.0
4.278108
0.0
0.0
4.0
1995.1473
13.0
4.341516
0.0
0.0
4.0
2000.0254
13.0
4.397949
0.0
0.0
4.0
2004.9669
13.0
4.4481745
0.0
0.0
4.0
2009.9648
13.0
4.492875
0.0
0.0
4.0
2015.0131
13.0
4.5326586
0.0
0.0
4.0
2020.106
13.0
4.568066
0.0
0.0
4.0
2025.2386
13.0
4.599579
0.0
0.0
4.0
2030.4067
13.0
4.627625
0.0
0.0
4.0
2035.6063
13.0
4.652586
0.0
0.0
4.0
2040.834
13.0
4.6748013
0.0
0.0
4.0
2046.0865
13.0
4.694573
0.0
0.0
4.0
2051.3613
13.0
4.7121696
0.0
0.0
4.0
2056.656
13.0
4.727831
0.0
0.0
4.0
2061.9683
13.0
4.7417693
0.0
0.0
4.0
2067.2961
13.0
4.7541747
0.0
0.0
4.0
2072.638
13.0
4.7652154
0.0
0.0
4.0
2077.9922
13.0
4.7750416
0.0
0.0
4.0
2083.3574
13.0
4.783787
0.0
0.0
4.0
2088.7324
13.0
4.79157
0.0
0.0
4.0
2094.1162
13.0
4.798497
0.0
0.0
4.0
2099.5078
13.0
4.804662
0.0
0.0
4.0
2104.9062
13.0
4.810149
0.0
0.0
4.0
2110.3108
13.0
4.8150325
0.0
0.0
4.0
2115.721
13.0
4.819379
0.0
0.0
4.0
2121.136
13.0
4.823247
0.0
0.0
4.0
2126.5554
13.0
4.8266897
0.0
0.0
4.0
2131.9788
13.0
4.829754
0.0
0.0
4.0
2137.4055
13.0
4.832481
0.0
0.0
4.0
2142.8352
13.0
4.834908
0.0
0.0
4.0
2148.2676
13.0
4.837068
0.0
0.0
4.0
2153.7024
13.0
4.83899
0.0
0.0
4.0
2159.1394
13.0
4.840701
0.0
0.0
4.0
2164.5784
13.0
4.8422236
0.0
0.0
4.0
2170.019
13.0
4.843579
0.0
0.0
4.0
2175.4612
13.0
4.844785
0.0
0.0
4.0
2180.9048
13.0
4.8458586
0.0
0.0
4.0
2186.3496
13.0
0.0
0.0
0.0
4.0
2187.0
13.0
0.0
0.0
0.0
4.0
2187.0
13.0
0.0
0.0
0.0
4.0
2187.0
13.0
0.0
0.0
0.0
4.0
2187.0
13.0
0.0
0.0
0.0
4.0
2187.0
13.0
0.0
0.0
0.0
4.0
2187.0
13.0
0.0
0.0
0.0
4.0
2187.0
13.0
0.0
0.0
0.0
4.0
2187.0
13.0
0.53400004
0.0
0.0
4.0
2187.6
13.0
1.00926
0.0
0.0
4.0
2188.7341
13.0
1.4322414
0.0
0.0
4.0
2190.3435
13.0
1.2746949
0.0
0.0
4.0
2191.7756
13.0
1.1344784
0.0
0.0
4.0
2193.0503
13.0
1.0096858
0.0
0.0
4.0
2194.1848
13.0
0.8986203
0.0
0.0
4.0
2195.1946
13.0
1.3337721
0.0
0.0
4.0
2196.693
13.0
1.7210572
0.0
0.0
4.0
2198.627
13.0
2.065741
0.0
0.0
4.0
2200.948
13.0
2.3725095
0.0
0.0
4.0
2203.6138
13.0
2.6455333
0.0
0.0
4.0
2206.5862
13.0
2.8885248
0.0
0.0
4.0
2209.8318
13.0
3.104787
0.0
0.0
4.0
2213.3203
13.0
3.2972605
0.0
0.0
4.0
2217.0251
13.0
3.468562
0.0
0.0
4.0
2220.9224
13.0
3.62102
0.0
0.0
4.0
2224.991
13.0
3.756708
0.0
0.0
4.0
2229.212
13.0
3.87747
0.0
0.0
4.0
2233.5686
13.0
3.9849482
0.0
0.0
4.0
2238.0461
13.0
4.0806036
0.0
0.0
4.0
2242.631
13.0
4.165737
0.0
0.0
4.0
2247.3118
13.0
4.241506
0.0
0.0
4.0
2252.0774
13.0
4.3089404
0.0
0.0
4.0
2256.919
13.0
4.368957
0.0
0.0
4.0
2261.828
13.0
4.4223714
0.0
0.0
4.0
2266.7969
13.0
4.46991
0.0
0.0
4.0
2271.8193
13.0
4.51222
0.0
0.0
4.0
2276.8892
13.0
4.5498757
0.0
0.0
4.0
2282.0015
13.0
4.5833893
0.0
0.0
4.0
2287.1514
13.0
4.6132164
0.0
0.0
4.0
2292.3347
13.0
4.6397624
0.0
0.0
4.0
2297.5479
13.0
4.6633883
0.0
0.0
4.0
2302.7876
13.0
4.6844153
0.0
0.0
4.0
2308.051
13.0
4.7031293
0.0
0.0
4.0
2313.3354
13.0
4.7197847
0.0
0.0
4.0
2318.6387
13.0
4.734608
0.0
0.0
4.0
2323.9585
13.0
4.7478013
0.0
0.0
4.0
2329.2932
13.0
4.759543
0.0
0.0
4.0
2334.641
13.0
4.769993
0.0
0.0
4.0
2340.0007
13.0
4.7792935
0.0
0.0
4.0
2345.3706
13.0
4.787571
0.0
0.0
4.0
2350.75
13.0
4.794938
0.0
0.0
4.0
2356.1375
13.0
4.8014946
0.0
0.0
4.0
2361.5325
13.0
0.0
0.0
0.0
4.0
2363.0
13.0
0.53400004
0.0
0.0
4.0
2363.6
13.0
1.00926
0.0
0.0
4.0
2364.7341
13.0
1.4322414
0.0
0.0
4.0
2366.3435
13.0
1.8086947
0.0
0.0
4.0
2368.3757
13.0
2.1437383
0.0
0.0
4.0
2370.7844
13.0
2.441927
0.0
0.0
4.0
2373.528
13.0
2.707315
0.0
0.0
4.0
2376.57
13.0
2.9435103
0.0
0.0
4.0
2379.8774
13.0
3.1537242
0.0
0.0
4.0
2383.421
13.0
3.3408144
0.0
0.0
4.0
2387.1746
13.0
3.507325
0.0
0.0
4.0
2391.1155
13.0
3.6555192
0.0
0.0
4.0
2395.223
13.0
0.0
0.0
0.0
4.0
2395.0
13.0
0.53400004
0.0
0.0
4.0
2395.6
13.0
0.0
0.0
0.0
4.0
2395.0
13.0
0.53400004
0.0
0.0
4.0
2395.6
13.0
0.0
0.0
0.0
4.0
2395.0
13.0
0.53400004
0.0
0.0
4.0
2395.6
13.0
1.00926
0.0
0.0
4.0
2396.7341
13.0
1.4322414
0.0
0.0
4.0
2398.3435
13.0
1.8086947
0.0
0.0
4.0
2400.3757
13.0
2.1437383
0.0
0.0
4.0
2402.7844
13.0
2.441927
0.0
0.0
4.0
2405.528
13.0
2.173315
0.0
0.0
4.0
2407.97
13.0
1.9342504
0.0
0.0
4.0
2410.1433
13.0
1.7214828
0.0
0.0
4.0
2412.0776
13.0
1.5321196
0.0
0.0
4.0
2413.799
13.0
1.3635864
0.0
0.0
4.0
2415.3313
13.0
1.2135919
0.0
0.0
4.0
2416.6948
13.0
1.0800968
0.0
0.0
4.0
2417.9084
13.0
0.9612862
0.0
0.0
4.0
2418.9885
13.0
0.8555447
0.0
0.0
4.0
2419.9497
13.0
1.2954347
0.0
0.0
4.0
2421.4053
13.0
1.6869369
0.0
0.0
4.0
2423.3008
13.0
2.0353737
0.0
0.0
4.0
2425.5876
13.0
2.3454823
0.0
0.0
4.0
2428.223
13.0
2.6214793
0.0
0.0
4.0
2431.1685
13.0
2.8671167
0.0
0.0
4.0
2434.39
13.0
3.085734
0.0
0.0
4.0
2437.857
13.0
3.280303
0.0
0.0
4.0
2441.5427
13.0
3.4534695
0.0
0.0
4.0
2445.423
13.0
3.607588
0.0
0.0
4.0
2449.4766
13.0
3.7447534
0.0
0.0
4.0
2453.684
13.0
3.8668303
0.0
0.0
4.0
2458.0288
13.0
3.975479
0.0
0.0
4.0
2462.4956
13.0
4.0721765
0.0
0.0
4.0
2467.071
13.0
4.158237
0.0
0.0
4.0
2471.7432
13.0
4.234831
0.0
0.0
4.0
2476.5015
13.0
4.3029995
0.0
0.0
4.0
2481.3362
13.0
4.3636694
0.0
0.0
4.0
2486.2393
13.0
4.4176655
0.0
0.0
4.0
2491.203
13.0
4.465722
0.0
0.0
4.0
2496.2205
13.0
4.5084925
0.0
0.0
4.0
2501.2861
13.0
4.546558
0.0
0.0
4.0
2506.3945
13.0
4.580436
0.0
0.0
4.0
2511.541
13.0
4.610588
0.0
0.0
4.0
2516.7214
13.0
4.637423
0.0
0.0
4.0
2521.9321
13.0
4.6613064
0.0
0.0
4.0
2527.1694
13.0
4.6825624
0.0
0.0
4.0
2532.4307
13.0
4.7014804
0.0
0.0
4.0
2537.7131
13.0
4.7183175
0.0
0.0
4.0
2543.0146
13.0
4.7333026
0.0
0.0
4.0
2548.333
13.0
4.7466393
0.0
0.0
4.0
2553.6663
13.0
4.7585087
0.0
0.0
4.0
2559.013
13.0
4.7690725
0.0
0.0
4.0
2564.3713
13.0
4.7784743
0.0
0.0
4.0
2569.7405
13.0
4.786842
0.0
0.0
4.0
2575.119
13.0
4.794289
0.0
0.0
4.0
2580.5059
13.0
4.800917
0.0
0.0
4.0
2585.9001
13.0
4.806816
0.0
0.0
4.0
2591.301
13.0
4.812066
0.0
0.0
4.0
2596.7078
13.0
4.8167386
0.0
0.0
4.0
2602.1199
13.0
4.820897
0.0
0.0
4.0
2607.5366
13.0
4.8245983
0.0
0.0
4.0
2612.9575
13.0
4.8278923
0.0
0.0
4.0
2618.382
13.0
4.830824
0.0
0.0
4.0
2623.81
13.0
4.833433
0.0
0.0
4.0
2629.241
13.0
4.8357553
0.0
0.0
4.0
2634.6743
13.0
4.837822
0.0
0.0
4.0
2640.11
13.0
4.8396616
0.0
0.0
4.0
2645.5479
13.0
4.8412986
0.0
0.0
4.0
2650.9875
13.0
4.842756
0.0
0.0
4.0
2656.429
13.0
4.8440523
0.0
0.0
4.0
2661.8718
13.0
4.8452063
0.0
0.0
4.0
2667.316
13.0
4.8462334
0.0
0.0
4.0
2672.7612
13.0
4.8471475
0.0
0.0
4.0
2678.2075
13.0
4.847961
0.0
0.0
4.0
2683.6548
13.0
4.8486853
0.0
0.0
4.0
2689.1028
13.0
4.31533
0.0
0.0
4.0
2693.9514
13.0
3.3066437
0.0
0.0
4.0
2697.6667
13.0
2.4089127
0.0
0.0
4.0
2700.3733
13.0
1.6099322
0.0
0.0
4.0
2702.1821
13.0
0.8988396
0.0
0.0
4.0
2703.1921
13.0
0.0
0.0
0.0
4.0
2703.1921
13.0
-0.53400004
0.0
0.0
4.0
2702.592
13.0
-1.00926
0.0
0.0
4.0
2701.458
13.0
-1.4322414
0.0
0.0
4.0
2699.8486
13.0
-1.8086947
0.0
0.0
4.0
2697.8164
13.0
-1.6097382
0.0
0.0
4.0
2696.0078
13.0
-1.432667
0.0
0.0
4.0
2694.3982
13.0
-1.2750736
0.0
0.0
4.0
2692.9656
13.0
-1.1348156
0.0
0.0
4.0
2691.6904
13.0
-1.0099858
0.0
0.0
4.0
2690.5557
13.0
-0.89888734
0.0
0.0
4.0
2689.5457
13.0
-0.8000097
0.0
0.0
4.0
2688.6467
13.0
0.0
0.0
0.0
4.0
2688.6467
13.0
0.53400004
0.0
0.0
4.0
2689.2468
13.0
1.00926
0.0
0.0
4.0
2690.3809
13.0
1.4322414
0.0
0.0
4.0
2691.9902
13.0
1.8086947
0.0
0.0
4.0
2694.0225
13.0
2.1437383
0.0
0.0
4.0
2696.4312
13.0
2.441927
0.0
0.0
4.0
2699.1748
13.0
2.707315
0.0
0.0
4.0
2702.2168
13.0
2.9435103
0.0
0.0
4.0
2705.5242
13.0
3.1537242
0.0
0.0
4.0
2709.0676
13.0
3.3408144
0.0
0.0
4.0
2712.8213
13.0
3.507325
0.0
0.0
4.0
2716.7622
13.0
3.6555192
0.0
0.0
4.0
2720.8696
13.0
3.7874122
0.0
0.0
4.0
2725.1252
13.0
3.9047966
0.0
0.0
4.0
2729.5127
14.0
4.0092688
0.0
0.0
4.0
2734.0176
14.0
4.102249
0.0
0.0
4.0
2738.627
14.0
4.1850014
0.0
0.0
4.0
2743.329
14.0
4.2586513
0.0
0.0
4.0
2748.114
14.0
4.3241997
0.0
0.0
4.0
2752.9727
14.0
3.3145378
0.0
0.0
4.0
2756.6968
14.0
2.4159384
0.0
0.0
4.0
2759.4114
14.0
1.6161851
0.0
0.0
4.0
2761.2273
14.0
0.9044047
0.0
0.0
4.0
2762.2434
14.0
0.8049202
0.0
0.0
4.0
2763.1477
14.0
1.250379
0.0
0.0
4.0
2764.5527
14.0
1.6468372
0.0
0.0
4.0
2766.403
14.0
1.999685
0.0
0.0
4.0
2768.65
14.0
2.3137197
0.0
0.0
4.0
2771.2495
14.0
2.5932105
0.0
0.0
4.0
2774.1633
14.0
2.8419573
0.0
0.0
4.0
2777.3564
14.0
3.063342
0.0
0.0
4.0
2780.7983
14.0
3.2603743
0.0
0.0
4.0
2784.4617
14.0
3.4357333
0.0
0.0
4.0
2788.322
14.0
3.5918026
0.0
0.0
4.0
2792.3577
14.0
3.730704
0.0
0.0
4.0
2796.5496
14.0
3.8543267
0.0
0.0
4.0
2800.8804
14.0
3.9643507
0.0
0.0
4.0
2805.3347
14.0
4.062272
0.0
0.0
4.0
2809.8992
14.0
4.149422
0.0
0.0
4.0
2814.5615
14.0
4.2269855
0.0
0.0
4.0
2819.311
14.0
4.2960167
0.0
0.0
4.0
2824.138
14.0
4.357455
0.0
0.0
4.0
2829.034
14.0
4.4121346
0.0
0.0
4.0
2833.9915
14.0
4.4607997
0.0
0.0
4.0
2839.0037
14.0
4.504112
0.0
0.0
4.0
2844.0645
14.0
4.5426593
0.0
0.0
4.0
2849.1685
14.0
4.576967
0.0
0.0
4.0
2854.311
14.0
4.6075
0.0
0.0
4.0
2859.488
14.0
4.634675
0.0
0.0
4.0
2864.6956
14.0
4.6588607
0.0
0.0
4.0
2869.9302
14.0
4.680386
0.0
0.0
4.0
2875.189
14.0
4.6995435
0.0
0.0
4.0
2880.4692
14.0
4.7165937
0.0
0.0
4.0
2885.7688
14.0
4.731768
0.0
0.0
4.0
2891.0854
14.0
4.7452736
0.0
0.0
4.0
2896.4172
14.0
4.757293
0.0
0.0
4.0
2901.7625
14.0
4.7679906
0.0
0.0
4.0
2907.1196
14.0
0.0
0.0
0.0
4.0
2907.0
14.0
0.53400004
0.0
0.0
4.0
2907.6
14.0
0.0
0.0
0.0
4.0
2907.0
14.0
0.53400004
0.0
0.0
4.0
2907.6
14.0
0.0
0.0
0.0
4.0
2907.0
14.0
0.53400004
0.0
0.0
4.0
2907.6
14.0
0.0
0.0
0.0
4.0
2907.0
14.0
0.53400004
0.0
0.0
4.0
2907.6
14.0
0.0
0.0
0.0
4.0
2907.0
14.0
0.53400004
0.0
0.0
4.0
2907.6
14.0
0.0
0.0
0.0
4.0
2907.0
14.0
0.53400004
0.0
0.0
4.0
2907.6
14.0
1.00926
0.0
0.0
4.0
2908.7341
14.0
1.4322414
0.0
0.0
4.0
2910.3435
14.0
1.8086947
0.0
0.0
4.0
2912.3757
14.0
2.1437383
0.0
0.0
4.0
2914.7844
14.0
2.441927
0.0
0.0
4.0
2917.528
14.0
2.707315
0.0
0.0
4.0
2920.57
14.0
2.9435103
0.0
0.0
4.0
2923.8774
14.0
3.1537242
0.0
0.0
4.0
2927.421
14.0
3.3408144
0.0
0.0
4.0
2931.1746
14.0
3.507325
0.0
0.0
4.0
2935.1155
14.0
3.6555192
0.0
0.0
4.0
2939.223
14.0
0.0
0.0
0.0
4.0
2939.0
14.0
0.53400004
0.0
0.0
4.0
2939.6
14.0
0.0
0.0
0.0
4.0
2939.0
14.0
0.53400004
0.0
0.0
4.0
2939.6
14.0
1.00926
0.0
0.0
4.0
2940.7341
14.0
1.4322414
0.0
0.0
4.0
2942.3435
14.0
1.8086947
0.0
0.0
4.0
2944.3757
14.0
2.1437383
0.0
0.0
4.0
2946.7844
14.0
2.441927
0.0
0.0
4.0
2949.528
14.0
2.707315
0.0
0.0
4.0
2952.57
14.0
2.9435103
0.0
0.0
4.0
2955.8774
14.0
3.1537242
0.0
0.0
4.0
2959.421
14.0
3.3408144
0.0
0.0
4.0
2963.1746
14.0
3.507325
0.0
0.0
4.0
2967.1155
14.0
3.6555192
0.0
0.0
4.0
2971.223
14.0
0.0
0.0
0.0
4.0
2971.0
14.0
0.53400004
0.0
0.0
4.0
2971.6
14.0
0.0
0.0
0.0
4.0
2971.0
14.0
0.53400004
0.0
0.0
4.0
2971.6
14.0
1.00926
0.0
0.0
4.0
2972.7341
14.0
1.4322414
0.0
0.0
4.0
2974.3435
14.0
1.8086947
0.0
0.0
4.0
2976.3757
14.0
2.1437383
0.0
0.0
4.0
2978.7844
14.0
2.441927
0.0
0.0
4.0
2981.528
14.0
2.707315
0.0
0.0
4.0
2984.57
14.0
2.9435103
0.0
0.0
4.0
2987.8774
14.0
3.1537242
0.0
0.0
4.0
2991.421
14.0
3.3408144
0.0
0.0
4.0
2995.1746
14.0
3.507325
0.0
0.0
4.0
2999.1155
14.0
3.6555192
0.0
0.0
4.0
3003.223
14.0
0.0
0.0
0.0
4.0
3003.0
14.0
0.53400004
0.0
0.0
4.0
3003.6
14.0
0.0
0.0
0.0
4.0
3003.0
14.0
0.53400004
0.0
0.0
4.0
3003.6
14.0
1.00926
0.0
0.0
4.0
3004.7341
14.0
1.4322414
0.0
0.0
4.0
3006.3435
14.0
1.8086947
0.0
0.0
4.0
3008.3757
14.0
2.1437383
0.0
0.0
4.0
3010.7844
14.0
2.441927
0.0
0.0
4.0
3013.528
14.0
2.707315
0.0
0.0
4.0
3016.57
14.0
2.9435103
0.0
0.0
4.0
3019.8774
14.0
3.1537242
0.0
0.0
4.0
3023.421
14.0
3.3408144
0.0
0.0
4.0
3027.1746
14.0
3.507325
0.0
0.0
4.0
3031.1155
14.0
3.6555192
0.0
0.0
4.0
3035.223
14.0
3.7874122
0.0
0.0
4.0
3039.4785
14.0
3.9047966
0.0
0.0
4.0
3043.866
14.0
4.0092688
0.0
0.0
4.0
3048.3708
14.0
4.102249
0.0
0.0
4.0
3052.9802
14.0
4.1850014
0.0
0.0
4.0
3057.6824
14.0
4.2586513
0.0
0.0
4.0
3062.4673
14.0
4.3241997
0.0
0.0
4.0
3067.326
14.0
4.3825374
0.0
0.0
4.0
3072.2502
14.0
4.4344583
0.0
0.0
4.0
3077.2327
14.0
4.4806676
0.0
0.0
4.0
3082.267
14.0
4.521794
0.0
0.0
4.0
3087.3477
14.0
4.5583963
0.0
0.0
4.0
3092.4695
14.0
4.5909724
0.0
0.0
4.0
3097.628
14.0
4.619965
0.0
0.0
4.0
3102.8188
14.0
4.6457686
0.0
0.0
4.0
3108.0388
14.0
4.668734
0.0
0.0
4.0
3113.2847
14.0
4.689173
0.0
0.0
4.0
3118.5535
14.0
4.707364
0.0
0.0
4.0
3123.8425
14.0
4.7235537
0.0
0.0
4.0
3129.15
14.0
4.7379627
0.0
0.0
4.0
3134.4734
14.0
4.750787
0.0
0.0
4.0
3139.8113
14.0
4.7622
0.0
0.0
4.0
3145.162
14.0
4.772358
0.0
0.0
4.0
3150.5244
14.0
4.7813983
0.0
0.0
4.0
3155.8967
14.0
4.7894444
0.0
0.0
4.0
3161.278
14.0
4.7966056
0.0
0.0
4.0
3166.6675
14.0
0.0
0.0
0.0
4.0
3168.0
14.0
