919, 6
0.0
0.0
0.0
4.0
56.0
0.0
0.0
0.0
0.0
4.0
56.0
0.0
0.0
0.0
0.0
4.0
56.0
0.0
0.0
0.0
0.0
4.0
56.0
0.0
0.0
0.0
0.0
4.0
56.0
0.0
0.53400004
0.0
0.0
4.0
56.6
0.0
1.00926
0.0
0.0
4.0
57.733997
0.0
1.4322414
0.0
0.0
4.0
59.343258
0.0
1.8086947
0.0
0.0
4.0
61.3755
0.0
2.1437383
0.0
0.0
4.0
63.784195
0.0
2.441927
0.0
0.0
4.0
66.52793
0.0
2.707315
0.0
0.0
4.0
69.569855
0.0
2.9435103
0.0
0.0
4.0
72.87717
0.0
3.1537242
0.0
0.0
4.0
76.42068
0.0
3.3408144
0.0
0.0
4.0
80.1744
0.0
3.507325
0.0
0.0
4.0
84.11521
0.0
3.6555192
0.0
0.0
4.0
88.222534
0.0
3.7874122
0.0
0.0
4.0
92.47805
0.0
3.9047966
0.0
0.0
4.0
96.86546
0.0
4.0092688
0.0
0.0
4.0
101.37026
0.0
4.102249
0.0
0.0
4.0
105.97953
0.0
4.1850014
0.0
0.0
4.0
110.68178
0.0
4.2586513
0.0
0.0
4.0
115.46678
0.0
4.3241997
0.0
0.0
4.0
120.32543
0.0
4.3825374
0.0
0.0
4.0
125.24963
0.0
4.4344583
0.0
0.0
4.0
130.23218
0.0
4.4806676
0.0
0.0
4.0
135.26663
0.0
4.521794
0.0
0.0
4.0
140.3473
0.0
4.5583963
0.0
0.0
4.0
145.4691
0.0
4.5909724
0.0
0.0
4.0
150.6275
0.0
4.619965
0.0
0.0
4.0
155.81848
0.0
4.6457686
0.0
0.0
4.0
161.03845
0.0
4.668734
0.0
0.0
4.0
166.28423
0.0
4.689173
0.0
0.0
4.0
171.55296
0.0
4.707364
0.0
0.0
4.0
176.84213
0.0
4.7235537
0.0
0.0
4.0
182.14949
0.0
4.7379627
0.0
0.0
4.0
187.47304
0.0
4.750787
0.0
0.0
4.0
192.811
0.0
4.7622
0.0
0.0
4.0
198.16179
0.0
4.772358
0.0
0.0
4.0
203.52399
0.0
4.7813983
0.0
0.0
4.0
208.89635
0.0
4.7894444
0.0
0.0
4.0
214.27774
0.0
4.7966056
0.0
0.0
4.0
219.66719
0.0
4.802979
0.0
0.0
4.0
225.0638
0.0
4.808651
0.0
0.0
4.0
230.46678
0.0
4.8136992
0.0
0.0
4.0
235.87543
0.0
4.818192
0.0
0.0
4.0
241.28912
0.0
4.8221908
0.0
0.0
4.0
246.70732
0.0
4.8257494
0.0
0.0
4.0
252.12952
0.0
4.828917
0.0
0.0
4.0
257.55527
0.0
4.831736
0.0
0.0
4.0
262.9842
0.0
4.8342447
0.0
0.0
4.0
268.41592
0.0
4.8364778
0.0
0.0
4.0
273.85016
0.0
4.838465
0.0
0.0
4.0
279.28662
0.0
4.840234
0.0
0.0
4.0
284.7251
0.0
4.307808
0.0
0.0
4.0
289.56534
0.0
3.833949
0.0
0.0
4.0
293.87314
0.0
2.8782148
0.0
0.0
4.0
297.1071
0.0
2.0276113
0.0
0.0
4.0
299.3853
0.0
1.270574
0.0
0.0
4.0
300.81293
0.0
1.1308109
0.0
0.0
4.0
302.0835
0.0
1.0064217
0.0
0.0
4.0
303.2143
0.0
0.8957153
0.0
0.0
4.0
304.2207
1.0
0.7971866
0.0
0.0
4.0
305.11642
1.0
1.2434961
0.0
0.0
4.0
306.5136
1.0
1.6407115
0.0
0.0
4.0
308.35712
1.0
1.9942334
0.0
0.0
4.0
310.59784
1.0
2.3088677
0.0
0.0
4.0
313.19208
1.0
0.0
0.0
0.0
4.0
315.0
1.0
0.53400004
0.0
0.0
4.0
315.6
1.0
1.00926
0.0
0.0
4.0
316.734
1.0
1.4322414
0.0
0.0
4.0
318.34326
1.0
1.8086947
0.0
0.0
4.0
320.3755
1.0
2.1437383
0.0
0.0
4.0
322.78418
1.0
2.441927
0.0
0.0
4.0
325.52792
1.0
2.707315
0.0
0.0
4.0
328.56985
1.0
2.9435103
0.0
0.0
4.0
331.87717
1.0
3.1537242
0.0
0.0
4.0
335.4207
1.0
3.3408144
0.0
0.0
4.0
339.1744
1.0
3.507325
0.0
0.0
4.0
343.11523
1.0
3.6555192
0.0
0.0
4.0
347.22256
1.0
3.7874122
0.0
0.0
4.0
351.4781
1.0
3.9047966
0.0
0.0
4.0
355.8655
1.0
4.0092688
0.0
0.0
4.0
360.3703
1.0
4.102249
0.0
0.0
4.0
364.97958
1.0
4.1850014
0.0
0.0
4.0
369.68182
1.0
4.2586513
0.0
0.0
4.0
374.46683
1.0
4.3241997
0.0
0.0
4.0
379.32547
1.0
4.3825374
0.0
0.0
4.0
384.24966
1.0
4.4344583
0.0
0.0
4.0
389.2322
1.0
4.4806676
0.0
0.0
4.0
394.26666
1.0
4.521794
0.0
0.0
4.0
399.34732
1.0
4.5583963
0.0
0.0
4.0
404.46912
1.0
4.5909724
0.0
0.0
4.0
409.6275
1.0
4.619965
0.0
0.0
4.0
414.81848
1.0
4.6457686
0.0
0.0
4.0
420.03845
1.0
4.668734
0.0
0.0
4.0
425.2842
1.0
4.689173
0.0
0.0
4.0
430.55295
1.0
4.707364
0.0
0.0
4.0
435.84213
1.0
4.7235537
0.0
0.0
4.0
441.1495
1.0
4.7379627
0.0
0.0
4.0
446.47305
1.0
4.750787
0.0
0.0
4.0
451.811
1.0
4.7622
0.0
0.0
4.0
457.1618
1.0
4.772358
0.0
0.0
4.0
462.52402
1.0
4.7813983
0.0
0.0
4.0
467.89636
1.0
4.7894444
0.0
0.0
4.0
473.27777
1.0
4.7966056
0.0
0.0
4.0
478.6672
1.0
4.802979
0.0
0.0
4.0
484.0638
1.0
4.808651
0.0
0.0
4.0
489.4668
1.0
4.8136992
0.0
0.0
4.0
494.87546
1.0
4.818192
0.0
0.0
4.0
500.28915
1.0
4.8221908
0.0
0.0
4.0
505.70734
1.0
4.8257494
0.0
0.0
4.0
511.12952
1.0
4.828917
0.0
0.0
4.0
516.55524
1.0
4.831736
0.0
0.0
4.0
521.98413
1.0
4.8342447
0.0
0.0
4.0
527.4159
1.0
4.8364778
0.0
0.0
4.0
532.85016
1.0
4.838465
0.0
0.0
4.0
538.2866
1.0
4.840234
0.0
0.0
4.0
543.7251
1.0
4.841808
0.0
0.0
4.0
549.16534
1.0
4.843209
0.0
0.0
4.0
554.6072
1.0
4.8444557
0.0
0.0
4.0
560.0504
1.0
4.8455653
0.0
0.0
4.0
565.4949
1.0
4.846553
0.0
0.0
4.0
570.9404
1.0
4.8474317
0.0
0.0
4.0
576.38696
1.0
4.848214
0.0
0.0
4.0
581.8344
1.0
4.8489103
0.0
0.0
4.0
587.28265
1.0
4.84953
0.0
0.0
4.0
592.73157
1.0
4.850082
0.0
0.0
4.0
598.1811
1.0
4.8505726
0.0
0.0
4.0
603.63116
1.0
4.8510094
0.0
0.0
4.0
609.0817
1.0
4.851398
0.0
0.0
4.0
614.5327
1.0
4.851744
0.0
0.0
4.0
619.98413
1.0
4.852052
0.0
0.0
4.0
625.43585
1.0
4.8523264
0.0
0.0
4.0
630.8879
1.0
4.8525705
0.0
0.0
4.0
636.3402
1.0
4.8527875
0.0
0.0
4.0
641.7928
1.0
4.8529806
0.0
0.0
4.0
647.24554
1.0
4.8531528
0.0
0.0
4.0
652.69855
1.0
4.853306
0.0
0.0
4.0
658.1517
1.0
4.853442
0.0
0.0
4.0
663.605
1.0
4.8535633
0.0
0.0
4.0
669.0584
2.0
4.853671
0.0
0.0
4.0
674.51196
2.0
4.319767
0.0
0.0
4.0
679.36566
2.0
3.8445926
0.0
0.0
4.0
683.6854
2.0
3.4216874
0.0
0.0
4.0
687.53
2.0
3.0453017
0.0
0.0
4.0
690.9517
2.0
2.7103186
0.0
0.0
4.0
693.997
2.0
2.4121835
0.0
0.0
4.0
696.70734
2.0
2.1468432
0.0
0.0
4.0
699.1195
2.0
1.9106904
0.0
0.0
4.0
701.26636
2.0
1.7005144
0.0
0.0
4.0
703.17706
2.0
2.047458
0.0
0.0
4.0
705.4776
2.0
2.3562376
0.0
0.0
4.0
708.12506
2.0
2.6310515
0.0
0.0
4.0
711.0813
2.0
2.8756356
0.0
0.0
4.0
714.3124
2.0
3.0933156
0.0
0.0
4.0
717.788
2.0
3.2870507
0.0
0.0
4.0
721.4813
2.0
3.459475
0.0
0.0
4.0
725.36835
2.0
3.6129327
0.0
0.0
4.0
729.4278
2.0
0.0
0.0
0.0
4.0
731.0
2.0
0.53400004
0.0
0.0
4.0
731.6
2.0
1.00926
0.0
0.0
4.0
732.73395
2.0
1.4322414
0.0
0.0
4.0
734.3432
2.0
1.8086947
0.0
0.0
4.0
736.3754
2.0
2.1437383
0.0
0.0
4.0
738.7841
2.0
2.441927
0.0
0.0
4.0
741.52783
2.0
2.707315
0.0
0.0
4.0
744.56976
2.0
2.9435103
0.0
0.0
4.0
747.8771
2.0
3.1537242
0.0
0.0
4.0
751.4206
2.0
3.3408144
0.0
0.0
4.0
755.1743
2.0
3.507325
0.0
0.0
4.0
759.1151
2.0
3.6555192
0.0
0.0
4.0
763.2224
2.0
3.7874122
0.0
0.0
4.0
767.4779
2.0
3.9047966
0.0
0.0
4.0
771.8653
2.0
4.0092688
0.0
0.0
4.0
776.3701
2.0
4.102249
0.0
0.0
4.0
780.9794
2.0
4.1850014
0.0
0.0
4.0
785.68164
2.0
3.724651
0.0
0.0
4.0
789.86664
2.0
3.3149395
0.0
0.0
4.0
793.5913
2.0
2.9502962
0.0
0.0
4.0
796.90625
2.0
2.6257637
0.0
0.0
4.0
799.85657
3.0
2.3369296
0.0
0.0
4.0
802.48236
3.0
2.0798674
0.0
0.0
4.0
804.8193
3.0
2.3850818
0.0
0.0
4.0
807.49915
3.0
2.6567225
0.0
0.0
4.0
810.48425
3.0
2.898483
0.0
0.0
4.0
813.74097
3.0
3.11365
0.0
0.0
4.0
817.23944
3.0
3.3051486
0.0
0.0
4.0
820.95306
3.0
3.4755821
0.0
0.0
4.0
824.8582
3.0
3.6272678
0.0
0.0
4.0
828.9338
3.0
3.7622683
0.0
0.0
4.0
833.1611
4.0
3.8824189
0.0
0.0
4.0
837.5233
4.0
3.989353
0.0
0.0
4.0
842.00574
4.0
4.084524
0.0
0.0
4.0
846.5951
4.0
4.169226
0.0
0.0
4.0
851.2796
4.0
4.2446113
0.0
0.0
4.0
856.0488
4.0
4.3117037
0.0
0.0
4.0
860.89343
4.0
4.371416
0.0
0.0
4.0
865.8051
4.0
4.42456
0.0
0.0
4.0
870.77655
4.0
4.4718585
0.0
0.0
4.0
875.8011
4.0
4.5139537
0.0
0.0
4.0
880.8729
4.0
4.551419
0.0
0.0
4.0
885.9869
4.0
4.5847626
0.0
0.0
4.0
891.1383
4.0
4.6144385
0.0
0.0
4.0
896.32306
4.0
4.64085
0.0
0.0
4.0
901.5375
4.0
4.664356
0.0
0.0
4.0
906.7783
4.0
0.0
0.0
0.0
4.0
907.0
4.0
0.53400004
0.0
0.0
4.0
907.6
4.0
0.0
0.0
0.0
4.0
907.0
4.0
0.53400004
0.0
0.0
4.0
907.6
4.0
1.00926
0.0
0.0
4.0
908.73395
4.0
1.4322414
0.0
0.0
4.0
910.3432
4.0
1.8086947
0.0
0.0
4.0
912.3754
4.0
2.1437383
0.0
0.0
4.0
914.7841
4.0
2.441927
0.0
0.0
4.0
917.52783
4.0
2.707315
0.0
0.0
4.0
920.56976
4.0
2.9435103
0.0
0.0
4.0
923.8771
4.0
3.1537242
0.0
0.0
4.0
927.4206
4.0
3.3408144
0.0
0.0
4.0
931.1743
4.0
3.507325
0.0
0.0
4.0
935.1151
4.0
3.6555192
0.0
0.0
4.0
939.2224
4.0
3.7874122
0.0
0.0
4.0
943.4779
4.0
3.9047966
0.0
0.0
4.0
947.8653
4.0
4.0092688
0.0
0.0
4.0
952.3701
4.0
4.102249
0.0
0.0
4.0
956.9794
4.0
4.1850014
0.0
0.0
4.0
961.68164
4.0
4.2586513
0.0
0.0
4.0
966.4666
4.0
4.3241997
0.0
0.0
4.0
971.32526
4.0
4.3825374
0.0
0.0
4.0
976.24945
4.0
4.4344583
0.0
0.0
4.0
981.232
4.0
4.4806676
0.0
0.0
4.0
986.2665
4.0
4.521794
0.0
0.0
4.0
991.34717
4.0
4.5583963
0.0
0.0
4.0
996.46893
4.0
4.5909724
0.0
0.0
4.0
1001.6273
4.0
4.619965
0.0
0.0
4.0
1006.8183
4.0
4.6457686
0.0
0.0
4.0
1012.03827
4.0
4.668734
0.0
0.0
4.0
1017.28406
4.0
4.689173
0.0
0.0
4.0
1022.5528
4.0
4.707364
0.0
0.0
4.0
1027.8419
4.0
4.7235537
0.0
0.0
4.0
1033.1493
4.0
4.7379627
0.0
0.0
4.0
1038.4729
4.0
4.750787
0.0
0.0
4.0
1043.8109
4.0
4.7622
0.0
0.0
4.0
1049.1617
4.0
4.772358
0.0
0.0
4.0
1054.5239
4.0
4.7813983
0.0
0.0
4.0
1059.8962
4.0
4.7894444
0.0
0.0
4.0
1065.2776
4.0
4.7966056
0.0
0.0
4.0
1070.667
4.0
4.802979
0.0
0.0
4.0
1076.0636
4.0
4.808651
0.0
0.0
4.0
1081.4666
4.0
4.8136992
0.0
0.0
4.0
1086.8752
4.0
4.818192
0.0
0.0
4.0
1092.289
4.0
4.8221908
0.0
0.0
4.0
1097.7072
4.0
4.8257494
0.0
0.0
4.0
1103.1294
4.0
4.828917
0.0
0.0
4.0
1108.5552
4.0
4.831736
0.0
0.0
4.0
1113.9841
4.0
4.8342447
0.0
0.0
4.0
1119.4159
4.0
4.8364778
0.0
0.0
4.0
1124.8501
4.0
4.838465
0.0
0.0
4.0
1130.2866
4.0
4.840234
0.0
0.0
4.0
1135.7251
4.0
4.841808
0.0
0.0
4.0
1141.1653
4.0
4.843209
0.0
0.0
4.0
1146.607
4.0
4.8444557
0.0
0.0
4.0
1152.0503
4.0
4.3115654
0.0
0.0
4.0
1156.8948
4.0
3.8372931
0.0
0.0
4.0
1161.2063
4.0
2.881191
0.0
0.0
4.0
1164.4436
4.0
2.0302598
0.0
0.0
4.0
1166.7249
4.0
1.2729312
0.0
0.0
4.0
1168.1552
4.0
0.5989088
0.0
0.0
4.0
1168.8281
4.0
0.0
0.0
0.0
4.0
1168.8281
4.0
-0.53400004
0.0
0.0
4.0
1168.2281
4.0
-1.00926
0.0
0.0
4.0
1167.0941
4.0
-1.4322414
0.0
0.0
4.0
1165.4849
4.0
-1.8086947
0.0
0.0
4.0
1163.4526
4.0
-1.6097382
0.0
0.0
4.0
1161.6439
4.0
-1.432667
0.0
0.0
4.0
1160.0342
4.0
-1.2750736
0.0
0.0
4.0
1158.6016
4.0
-1.1348156
0.0
0.0
4.0
1157.3265
4.0
-0.47598583
0.0
0.0
4.0
1156.7917
4.0
0.0
0.0
0.0
4.0
1156.7917
4.0
0.53400004
0.0
0.0
4.0
1157.3917
4.0
1.00926
0.0
0.0
4.0
1158.5258
4.0
1.4322414
0.0
0.0
4.0
1160.135
4.0
1.8086947
0.0
0.0
4.0
1162.1672
4.0
2.1437383
0.0
0.0
4.0
1164.5759
4.0
2.441927
0.0
0.0
4.0
1167.3197
4.0
2.707315
0.0
0.0
4.0
1170.3616
4.0
2.9435103
0.0
0.0
4.0
1173.669
4.0
3.1537242
0.0
0.0
4.0
1177.2124
4.0
3.3408144
0.0
0.0
4.0
1180.9662
4.0
3.507325
0.0
0.0
4.0
1184.907
4.0
3.6555192
0.0
0.0
4.0
1189.0143
4.0
3.253412
0.0
0.0
4.0
1192.6698
4.0
2.8955367
0.0
0.0
4.0
1195.9232
4.0
2.5770276
0.0
0.0
4.0
1198.8187
5.0
2.2935545
0.0
0.0
4.0
1201.3958
5.0
2.0412636
0.0
0.0
4.0
1203.6893
5.0
1.2827245
0.0
0.0
4.0
1205.1306
5.0
0.60762477
0.0
0.0
4.0
1205.8134
5.0
0.0
0.0
0.0
4.0
1205.8134
5.0
-0.53400004
0.0
0.0
4.0
1205.2134
5.0
-1.00926
0.0
0.0
4.0
1204.0793
5.0
-1.4322414
0.0
0.0
4.0
1202.4701
5.0
-1.8086947
0.0
0.0
4.0
1200.4379
5.0
-2.1437383
0.0
0.0
4.0
1198.0292
5.0
-2.441927
0.0
0.0
4.0
1195.2854
5.0
-2.707315
0.0
0.0
4.0
1192.2435
5.0
-2.9435103
0.0
0.0
4.0
1188.9362
5.0
-3.1537242
0.0
0.0
4.0
1185.3927
5.0
-2.8068144
0.0
0.0
4.0
1182.239
5.0
-2.4980648
0.0
0.0
4.0
1179.4323
5.0
-2.2232776
0.0
0.0
4.0
1176.9342
5.0
-1.978717
0.0
0.0
4.0
1174.7109
5.0
-1.7610581
0.0
0.0
4.0
1172.7322
5.0
-1.5673417
0.0
0.0
4.0
1170.9711
5.0
-1.394934
0.0
0.0
4.0
1169.4037
5.0
-1.2414913
0.0
0.0
4.0
1168.0088
5.0
-1.1049273
0.0
0.0
4.0
1166.7673
5.0
-0.98338526
0.0
0.0
4.0
1165.6624
5.0
-0.87521285
0.0
0.0
4.0
1164.679
5.0
-0.7789394
0.0
0.0
4.0
1163.8037
5.0
-0.6932561
0.0
0.0
4.0
1163.0248
5.0
-0.6169979
0.0
0.0
4.0
1162.3315
5.0
-0.5491281
0.0
0.0
4.0
1161.7146
5.0
-0.48872402
0.0
0.0
4.0
1161.1655
5.0
0.0
0.0
0.0
4.0
1161.1655
5.0
0.53400004
0.0
0.0
4.0
1161.7655
5.0
1.00926
0.0
0.0
4.0
1162.8995
5.0
1.4322414
0.0
0.0
4.0
1164.5088
5.0
1.8086947
0.0
0.0
4.0
1166.541
5.0
2.1437383
0.0
0.0
4.0
1168.9497
5.0
2.441927
0.0
0.0
4.0
1171.6935
5.0
2.707315
0.0
0.0
4.0
1174.7354
5.0
2.9435103
0.0
0.0
4.0
1178.0427
5.0
3.1537242
0.0
0.0
4.0
1181.5862
5.0
2.8068144
0.0
0.0
4.0
1184.7399
5.0
2.4980648
0.0
0.0
4.0
1187.5466
5.0
2.2232776
0.0
0.0
4.0
1190.0447
5.0
1.978717
0.0
0.0
4.0
1192.268
5.0
1.7610581
0.0
0.0
4.0
1194.2467
5.0
1.5673417
0.0
0.0
4.0
1196.0078
5.0
1.394934
0.0
0.0
4.0
1197.5752
6.0
1.2414913
0.0
0.0
4.0
1198.9701
6.0
1.1049273
0.0
0.0
4.0
1200.2115
6.0
0.98338526
0.0
0.0
4.0
1201.3165
6.0
0.87521285
0.0
0.0
4.0
1202.2999
6.0
0.7789394
0.0
0.0
4.0
1203.1752
6.0
1.2272561
0.0
0.0
4.0
1204.5541
6.0
1.6262579
0.0
0.0
4.0
1206.3813
6.0
1.9813694
0.0
0.0
4.0
1208.6077
6.0
2.2974188
0.0
0.0
4.0
1211.1891
6.0
2.578703
0.0
0.0
4.0
1214.0865
6.0
2.8290455
0.0
0.0
4.0
1217.2653
6.0
3.0518506
0.0
0.0
4.0
1220.6943
6.0
3.250147
0.0
0.0
4.0
1224.3462
6.0
3.426631
0.0
0.0
4.0
1228.1963
6.0
3.5837014
0.0
0.0
4.0
1232.2229
6.0
3.7234943
0.0
0.0
4.0
1236.4066
6.0
3.84791
0.0
0.0
4.0
1240.7301
6.0
3.9586396
0.0
0.0
4.0
1245.178
6.0
4.057189
0.0
0.0
4.0
1249.7366
6.0
4.144898
0.0
0.0
4.0
1254.3938
6.0
4.222959
0.0
0.0
4.0
1259.1387
6.0
4.2924333
0.0
0.0
4.0
1263.9617
6.0
4.354265
0.0
0.0
4.0
1268.8541
6.0
4.409296
0.0
0.0
4.0
1273.8083
6.0
4.4582734
0.0
0.0
4.0
1278.8176
6.0
4.501863
0.0
0.0
4.0
1283.8759
6.0
4.540658
0.0
0.0
4.0
1288.9777
6.0
4.5751853
0.0
0.0
4.0
1294.1183
6.0
4.6059146
0.0
0.0
4.0
1299.2935
6.0
4.633264
0.0
0.0
4.0
1304.4994
6.0
4.6576047
0.0
0.0
4.0
1309.7327
6.0
4.679268
0.0
0.0
4.0
1314.9902
6.0
4.6985483
0.0
0.0
4.0
1320.2695
6.0
4.715708
0.0
0.0
4.0
1325.5681
6.0
4.73098
0.0
0.0
4.0
1330.8838
6.0
4.744572
0.0
0.0
4.0
1336.2147
6.0
4.756669
0.0
0.0
4.0
1341.5593
6.0
4.767435
0.0
0.0
4.0
1346.916
6.0
4.777017
0.0
0.0
4.0
1352.2834
6.0
4.785545
0.0
0.0
4.0
1357.6605
6.0
4.7931347
0.0
0.0
4.0
1363.046
6.0
4.7998896
0.0
0.0
4.0
1368.4392
6.0
4.8059015
0.0
0.0
4.0
1373.8391
6.0
4.811252
0.0
0.0
4.0
1379.245
6.0
4.8160143
0.0
0.0
4.0
1384.6562
6.0
4.8202524
0.0
0.0
4.0
1390.0723
6.0
4.8240247
0.0
0.0
4.0
1395.4926
6.0
4.8273816
0.0
0.0
4.0
1400.9166
6.0
4.8303695
0.0
0.0
4.0
1406.344
6.0
4.833029
0.0
0.0
4.0
1411.7744
6.0
4.8353953
0.0
0.0
4.0
1417.2074
6.0
4.8375015
0.0
0.0
4.0
1422.6428
6.0
4.839376
0.0
0.0
4.0
1428.0803
6.0
4.8410444
0.0
0.0
4.0
1433.5197
6.0
4.3085294
0.0
0.0
4.0
1438.3607
6.0
3.8345912
0.0
0.0
4.0
1442.6692
6.0
3.412786
0.0
0.0
4.0
1446.5038
6.0
2.5033796
0.0
0.0
4.0
1449.3165
6.0
1.6940078
0.0
0.0
4.0
1451.2198
6.0
1.5076668
0.0
0.0
4.0
1452.9138
6.0
1.3418235
0.0
0.0
4.0
1454.4215
6.0
1.1942228
0.0
0.0
4.0
1455.7633
6.0
1.5968583
0.0
0.0
4.0
1457.5575
6.0
1.9552039
0.0
0.0
4.0
1459.7544
6.0
2.2741315
0.0
0.0
4.0
1462.3096
6.0
2.5579772
0.0
0.0
4.0
1465.1837
6.0
2.8105996
0.0
0.0
4.0
1468.3417
6.0
2.5014336
0.0
0.0
4.0
1471.1522
6.0
2.226276
0.0
0.0
4.0
1473.6537
6.0
1.9813856
0.0
0.0
4.0
1475.88
6.0
1.7634331
0.0
0.0
4.0
1477.8615
6.0
1.5694554
0.0
0.0
4.0
1479.6249
6.0
0.86281526
0.0
0.0
4.0
1480.5944
6.0
0.0
0.0
0.0
4.0
1480.5944
7.0
-0.53400004
0.0
0.0
4.0
1479.9944
7.0
-1.00926
0.0
0.0
4.0
1478.8604
7.0
-1.4322414
0.0
0.0
4.0
1477.2511
7.0
-1.8086947
0.0
0.0
4.0
1475.2189
7.0
-2.1437383
0.0
0.0
4.0
1472.8102
7.0
-1.907927
0.0
0.0
4.0
1470.6664
7.0
-1.698055
0.0
0.0
4.0
1468.7584
7.0
-1.511269
0.0
0.0
4.0
1467.0604
7.0
-1.3450294
0.0
0.0
4.0
1465.5492
7.0
-1.1970761
0.0
0.0
4.0
1464.2042
7.0
-0.5313977
0.0
0.0
4.0
1463.6072
7.0
0.0
0.0
0.0
4.0
1463.6072
7.0
0.53400004
0.0
0.0
4.0
1464.2072
7.0
1.00926
0.0
0.0
4.0
1465.3412
7.0
1.4322414
0.0
0.0
4.0
1466.9504
7.0
1.8086947
0.0
0.0
4.0
1468.9827
7.0
2.1437383
0.0
0.0
4.0
1471.3914
7.0
1.907927
0.0
0.0
4.0
1473.5352
7.0
1.698055
0.0
0.0
4.0
1475.4431
7.0
1.511269
0.0
0.0
4.0
1477.1411
7.0
1.3450294
0.0
0.0
4.0
1478.6523
7.0
1.1970761
0.0
0.0
4.0
1479.9973
7.0
1.0653977
0.0
0.0
4.0
1481.1943
7.0
0.948204
0.0
0.0
4.0
1482.2598
8.0
0.8439015
0.0
0.0
4.0
1483.208
8.0
0.75107235
0.0
0.0
4.0
1484.0519
8.0
0.66845435
0.0
0.0
4.0
1484.803
8.0
0.5949244
0.0
0.0
4.0
1485.4714
8.0
1.0634826
0.0
0.0
4.0
1486.6664
8.0
1.4804995
0.0
0.0
4.0
1488.3298
8.0
1.8516446
0.0
0.0
4.0
1490.4103
8.0
2.1819637
0.0
0.0
4.0
1492.8619
8.0
2.4759479
0.0
0.0
4.0
1495.6439
8.0
2.7375934
0.0
0.0
4.0
1498.7198
8.0
2.9704583
0.0
0.0
4.0
1502.0575
8.0
3.177708
0.0
0.0
4.0
1505.6279
8.0
3.3621602
0.0
0.0
4.0
1509.4056
8.0
3.5263224
0.0
0.0
4.0
1513.3678
8.0
3.6724267
0.0
0.0
4.0
1517.4941
8.0
3.8024597
0.0
0.0
4.0
1521.7666
8.0
3.918189
0.0
0.0
4.0
1526.1691
8.0
4.0211883
0.0
0.0
4.0
1530.6873
8.0
4.1128573
0.0
0.0
4.0
1535.3085
8.0
4.1944427
0.0
0.0
4.0
1540.0214
8.0
4.267054
0.0
0.0
4.0
1544.8158
8.0
4.331678
0.0
0.0
4.0
1549.6829
8.0
4.389193
0.0
0.0
4.0
1554.6145
8.0
4.4403815
0.0
0.0
4.0
1559.6036
8.0
4.4859395
0.0
0.0
4.0
1564.644
8.0
4.526486
0.0
0.0
4.0
1569.73
8.0
4.5625725
0.0
0.0
4.0
1574.8564
8.0
4.5946894
0.0
0.0
4.0
1580.019
8.0
4.6232734
0.0
0.0
4.0
1585.2137
8.0
4.648713
0.0
0.0
4.0
1590.437
8.0
4.6713543
0.0
0.0
4.0
1595.6857
8.0
4.691505
0.0
0.0
4.0
1600.957
8.0
4.7094393
0.0
0.0
4.0
1606.2485
8.0
4.725401
0.0
0.0
4.0
1611.558
8.0
4.739607
0.0
0.0
4.0
1616.8834
8.0
4.7522497
0.0
0.0
4.0
1622.223
8.0
4.763502
0.0
0.0
4.0
1627.5753
8.0
4.7735167
0.0
0.0
4.0
1632.9388
8.0
4.7824297
0.0
0.0
4.0
1638.3124
8.0
4.7903624
0.0
0.0
4.0
1643.6948
8.0
4.7974224
0.0
0.0
4.0
1649.0852
8.0
3.7357059
0.0
0.0
4.0
1653.2826
8.0
2.7907782
0.0
0.0
4.0
1656.4183
8.0
1.9497926
0.0
0.0
4.0
1658.6091
8.0
1.7353154
0.0
0.0
4.0
1660.559
8.0
1.5444307
0.0
0.0
4.0
1662.2943
8.0
1.3745433
0.0
0.0
4.0
1663.8387
9.0
1.2233435
0.0
0.0
4.0
1665.2133
9.0
1.0887756
0.0
0.0
4.0
1666.4366
9.0
0.9690103
0.0
0.0
4.0
1667.5254
9.0
0.8624191
0.0
0.0
4.0
1668.4944
9.0
0.76755303
0.0
0.0
4.0
1669.3568
9.0
0.68312216
0.0
0.0
4.0
1670.1244
9.0
0.6079787
0.0
0.0
4.0
1670.8075
9.0
0.54110104
0.0
0.0
4.0
1671.4155
9.0
0.48157993
0.0
0.0
4.0
1671.9567
9.0
0.0
0.0
0.0
4.0
1671.9567
9.0
0.0
0.0
0.0
4.0
1671.9567
9.0
0.0
0.0
0.0
4.0
1671.9567
9.0
0.0
0.0
0.0
4.0
1671.9567
9.0
0.53400004
0.0
0.0
4.0
1672.5566
9.0
1.00926
0.0
0.0
4.0
1673.6907
9.0
1.4322414
0.0
0.0
4.0
1675.2999
9.0
1.8086947
0.0
0.0
4.0
1677.3322
9.0
2.1437383
0.0
0.0
4.0
1679.7408
9.0
2.441927
0.0
0.0
4.0
1682.4846
9.0
2.707315
0.0
0.0
4.0
1685.5265
9.0
2.9435103
0.0
0.0
4.0
1688.8339
9.0
3.1537242
0.0
0.0
4.0
1692.3773
9.0
3.3408144
0.0
0.0
4.0
1696.1311
9.0
3.507325
0.0
0.0
4.0
1700.0719
9.0
3.6555192
0.0
0.0
4.0
1704.1792
9.0
3.7874122
0.0
0.0
4.0
1708.4347
9.0
3.9047966
0.0
0.0
4.0
1712.8221
9.0
4.0092688
0.0
0.0
4.0
1717.3269
9.0
4.102249
0.0
0.0
4.0
1721.9362
9.0
4.1850014
0.0
0.0
4.0
1726.6384
9.0
4.2586513
0.0
0.0
4.0
1731.4235
9.0
4.3241997
0.0
0.0
4.0
1736.2821
9.0
4.3825374
0.0
0.0
4.0
1741.2063
9.0
4.4344583
0.0
0.0
4.0
1746.1888
9.0
4.4806676
0.0
0.0
4.0
1751.2233
9.0
4.521794
0.0
0.0
4.0
1756.304
9.0
4.5583963
0.0
0.0
4.0
1761.4258
9.0
4.5909724
0.0
0.0
4.0
1766.5842
9.0
4.619965
0.0
0.0
4.0
1771.7751
9.0
4.6457686
0.0
0.0
4.0
1776.9951
9.0
4.668734
0.0
0.0
4.0
1782.2408
9.0
4.689173
0.0
0.0
4.0
1787.5095
9.0
4.707364
0.0
0.0
4.0
1792.7987
9.0
4.7235537
0.0
0.0
4.0
1798.1061
9.0
4.7379627
0.0
0.0
4.0
1803.4297
9.0
4.750787
0.0
0.0
4.0
1808.7677
9.0
4.7622
0.0
0.0
4.0
1814.1185
9.0
4.772358
0.0
0.0
4.0
1819.4807
9.0
4.7813983
0.0
0.0
4.0
1824.853
9.0
4.7894444
0.0
0.0
4.0
1830.2344
9.0
4.7966056
0.0
0.0
4.0
1835.6238
9.0
4.802979
0.0
0.0
4.0
1841.0204
9.0
4.808651
0.0
0.0
4.0
1846.4233
9.0
4.8136992
0.0
0.0
4.0
1851.832
9.0
4.818192
0.0
0.0
4.0
1857.2457
9.0
4.8221908
0.0
0.0
4.0
1862.664
9.0
4.8257494
0.0
0.0
4.0
1868.0862
9.0
4.828917
0.0
0.0
4.0
1873.512
9.0
4.831736
0.0
0.0
4.0
1878.9409
9.0
4.8342447
0.0
0.0
4.0
1884.3727
9.0
4.8364778
0.0
0.0
4.0
1889.8069
9.0
4.838465
0.0
0.0
4.0
1895.2434
9.0
4.840234
0.0
0.0
4.0
1900.6819
9.0
4.841808
0.0
0.0
4.0
1906.1221
9.0
4.843209
0.0
0.0
4.0
1911.5638
9.0
4.8444557
0.0
0.0
4.0
1917.0071
9.0
4.8455653
0.0
0.0
4.0
1922.4515
9.0
4.846553
0.0
0.0
4.0
1927.8971
9.0
4.3134317
0.0
0.0
4.0
1932.7437
9.0
3.8389542
0.0
0.0
4.0
1937.0571
9.0
3.4166691
0.0
0.0
4.0
1940.8961
9.0
2.5068355
0.0
0.0
4.0
1943.7128
9.0
1.6970835
0.0
0.0
4.0
1945.6196
9.0
0.97640425
0.0
0.0
4.0
1946.7167
9.0
0.8689998
0.0
0.0
4.0
1947.6931
9.0
0.7734098
0.0
0.0
4.0
1948.5621
10.0
0.6883347
0.0
0.0
4.0
1949.3356
10.0
0.61261785
0.0
0.0
4.0
1950.0239
10.0
0.54522985
0.0
0.0
4.0
1950.6366
10.0
0.48525456
0.0
0.0
4.0
1951.1819
10.0
0.0
0.0
0.0
4.0
1951.1819
10.0
0.0
0.0
0.0
4.0
1951.1819
10.0
0.0
0.0
0.0
4.0
1951.1819
10.0
0.0
0.0
0.0
4.0
1951.1819
10.0
0.0
0.0
0.0
4.0
1951.1819
11.0
-0.53400004
0.0
0.0
4.0
1950.5819
11.0
-1.00926
0.0
0.0
4.0
1949.4479
11.0
-1.4322414
0.0
0.0
4.0
1947.8386
11.0
-1.8086947
0.0
0.0
4.0
1945.8064
11.0
-2.1437383
0.0
0.0
4.0
1943.3977
11.0
-2.441927
0.0
0.0
4.0
1940.6539
11.0
-2.173315
0.0
0.0
4.0
1938.212
11.0
-1.9342504
0.0
0.0
4.0
1936.0387
11.0
-1.7214828
0.0
0.0
4.0
1934.1045
11.0
-0.9981196
0.0
0.0
4.0
1932.983
11.0
0.0
0.0
0.0
4.0
1932.983
11.0
0.53400004
0.0
0.0
4.0
1933.583
11.0
1.00926
0.0
0.0
4.0
1934.717
11.0
1.4322414
0.0
0.0
4.0
1936.3263
11.0
1.8086947
0.0
0.0
4.0
1938.3585
11.0
2.1437383
0.0
0.0
4.0
1940.7672
11.0
2.441927
0.0
0.0
4.0
1943.511
11.0
2.173315
0.0
0.0
4.0
1945.9529
11.0
1.9342504
0.0
0.0
4.0
1948.1262
11.0
1.7214828
0.0
0.0
4.0
1950.0604
11.0
1.5321196
0.0
0.0
4.0
1951.7819
11.0
1.3635864
0.0
0.0
4.0
1953.314
11.0
1.2135919
0.0
0.0
4.0
1954.6775
11.0
1.0800968
0.0
0.0
4.0
1955.8911
12.0
0.9612862
0.0
0.0
4.0
1956.9712
12.0
0.0
0.0
0.0
4.0
1956.9712
12.0
-0.53400004
0.0
0.0
4.0
1956.3712
12.0
-1.00926
0.0
0.0
4.0
1955.2372
12.0
-1.4322414
0.0
0.0
4.0
1953.6279
12.0
-1.8086947
0.0
0.0
4.0
1951.5957
12.0
-2.1437383
0.0
0.0
4.0
1949.187
12.0
-1.907927
0.0
0.0
4.0
1947.0432
12.0
-1.698055
0.0
0.0
4.0
1945.1353
12.0
-1.511269
0.0
0.0
4.0
1943.4373
12.0
-1.3450294
0.0
0.0
4.0
1941.926
12.0
-0.6630761
0.0
0.0
4.0
1941.181
12.0
0.0
0.0
0.0
4.0
1941.181
12.0
0.53400004
0.0
0.0
4.0
1941.781
12.0
1.00926
0.0
0.0
4.0
1942.915
12.0
1.4322414
0.0
0.0
4.0
1944.5243
12.0
1.8086947
0.0
0.0
4.0
1946.5565
12.0
1.6097382
0.0
0.0
4.0
1948.3652
12.0
1.432667
0.0
0.0
4.0
1949.975
12.0
1.2750736
0.0
0.0
4.0
1951.4076
12.0
1.1348156
0.0
0.0
4.0
1952.6826
12.0
1.0099858
0.0
0.0
4.0
1953.8174
12.0
0.89888734
0.0
0.0
4.0
1954.8274
12.0
0.8000097
0.0
0.0
4.0
1955.7263
13.0
0.71200866
0.0
0.0
4.0
1956.5264
13.0
0.6336877
0.0
0.0
4.0
1957.2384
13.0
0.563982
0.0
0.0
4.0
1957.8721
13.0
1.035944
0.0
0.0
4.0
1959.036
13.0
1.4559902
0.0
0.0
4.0
1960.672
13.0
1.8298312
0.0
0.0
4.0
1962.728
13.0
2.1625497
0.0
0.0
4.0
1965.1578
13.0
2.4586694
0.0
0.0
4.0
1967.9204
13.0
2.722216
0.0
0.0
4.0
1970.9791
13.0
2.9567723
0.0
0.0
4.0
1974.3014
13.0
3.1655273
0.0
0.0
4.0
1977.8582
13.0
3.3513193
0.0
0.0
4.0
1981.6237
13.0
3.516674
0.0
0.0
4.0
1985.575
13.0
3.6638398
0.0
0.0
4.0
1989.6917
13.0
3.7948172
0.0
0.0
4.0
1993.9554
13.0
3.9113874
0.0
0.0
4.0
1998.3502
13.0
4.015135
0.0
0.0
4.0
2002.8616
13.0
4.10747
0.0
0.0
4.0
2007.4767
13.0
4.189648
0.0
0.0
4.0
2012.1842
13.0
4.262787
0.0
0.0
4.0
2016.9739
13.0
4.3278804
0.0
0.0
4.0
2021.8367
13.0
4.385813
0.0
0.0
4.0
2026.7645
13.0
4.4373736
0.0
0.0
4.0
2031.7504
13.0
4.4832625
0.0
0.0
4.0
2036.7877
13.0
4.5241036
0.0
0.0
4.0
2041.871
13.0
4.560452
0.0
0.0
4.0
2046.9951
13.0
4.592802
0.0
0.0
4.0
2052.1555
13.0
4.6215935
0.0
0.0
4.0
2057.3484
13.0
4.647218
0.0
0.0
4.0
2062.57
13.0
4.670024
0.0
0.0
4.0
2067.8174
13.0
4.690321
0.0
0.0
4.0
2073.0874
13.0
4.7083855
0.0
0.0
4.0
2078.3777
13.0
4.724463
0.0
0.0
4.0
2083.686
13.0
4.738772
0.0
0.0
4.0
2089.0105
13.0
4.751507
0.0
0.0
4.0
2094.3494
13.0
4.7628407
0.0
0.0
4.0
2099.701
13.0
4.772928
0.0
0.0
4.0
2105.0637
13.0
4.781906
0.0
0.0
4.0
2110.4368
13.0
4.7898965
0.0
0.0
4.0
2115.8186
13.0
4.7970076
0.0
0.0
4.0
2121.2085
13.0
4.8033366
0.0
0.0
4.0
2126.6055
13.0
4.8089695
0.0
0.0
4.0
2132.0088
13.0
4.8139825
0.0
0.0
4.0
2137.4177
13.0
4.8184443
0.0
0.0
4.0
2142.8318
13.0
4.8224154
0.0
0.0
4.0
2148.2502
13.0
4.8259497
0.0
0.0
4.0
2153.6726
13.0
4.829095
0.0
0.0
4.0
2159.0986
13.0
4.8318944
0.0
0.0
4.0
2164.5278
13.0
4.834386
0.0
0.0
4.0
2169.9597
13.0
4.836603
0.0
0.0
4.0
2175.394
13.0
4.838577
0.0
0.0
4.0
2180.8306
13.0
4.840333
0.0
0.0
4.0
2186.269
13.0
0.0
0.0
0.0
4.0
2187.0
13.0
0.53400004
0.0
0.0
4.0
2187.6
13.0
0.0
0.0
0.0
4.0
2187.0
13.0
0.0
0.0
0.0
4.0
2187.0
13.0
0.0
0.0
0.0
4.0
2187.0
13.0
0.0
0.0
0.0
4.0
2187.0
13.0
0.0
0.0
0.0
4.0
2187.0
13.0
0.0
0.0
0.0
4.0
2187.0
13.0
0.53400004
0.0
0.0
4.0
2187.6
13.0
1.00926
0.0
0.0
4.0
2188.7341
13.0
1.4322414
0.0
0.0
4.0
2190.3435
13.0
1.8086947
0.0
0.0
4.0
2192.3757
13.0
2.1437383
0.0
0.0
4.0
2194.7844
13.0
2.441927
0.0
0.0
4.0
2197.528
13.0
2.707315
0.0
0.0
4.0
2200.57
13.0
2.9435103
0.0
0.0
4.0
2203.8774
13.0
3.1537242
0.0
0.0
4.0
2207.421
13.0
3.3408144
0.0
0.0
4.0
2211.1746
13.0
3.507325
0.0
0.0
4.0
2215.1155
13.0
3.6555192
0.0
0.0
4.0
2219.223
13.0
3.7874122
0.0
0.0
4.0
2223.4785
13.0
3.9047966
0.0
0.0
4.0
2227.866
13.0
4.0092688
0.0
0.0
4.0
2232.3708
13.0
4.102249
0.0
0.0
4.0
2236.9802
13.0
4.1850014
0.0
0.0
4.0
2241.6824
13.0
4.2586513
0.0
0.0
4.0
2246.4673
13.0
4.3241997
0.0
0.0
4.0
2251.326
13.0
4.3825374
0.0
0.0
4.0
2256.2502
13.0
4.4344583
0.0
0.0
4.0
2261.2327
13.0
4.4806676
0.0
0.0
4.0
2266.267
13.0
4.521794
0.0
0.0
4.0
2271.3477
13.0
4.5583963
0.0
0.0
4.0
2276.4695
13.0
4.5909724
0.0
0.0
4.0
2281.628
13.0
4.619965
0.0
0.0
4.0
2286.8188
13.0
4.6457686
0.0
0.0
4.0
2292.0388
13.0
4.668734
0.0
0.0
4.0
2297.2847
13.0
4.689173
0.0
0.0
4.0
2302.5535
13.0
4.707364
0.0
0.0
4.0
2307.8425
13.0
4.7235537
0.0
0.0
4.0
2313.15
13.0
4.7379627
0.0
0.0
4.0
2318.4734
13.0
4.750787
0.0
0.0
4.0
2323.8113
13.0
4.7622
0.0
0.0
4.0
2329.162
13.0
4.772358
0.0
0.0
4.0
2334.5244
13.0
4.7813983
0.0
0.0
4.0
2339.8967
13.0
4.7894444
0.0
0.0
4.0
2345.278
13.0
4.7966056
0.0
0.0
4.0
2350.6675
13.0
4.802979
0.0
0.0
4.0
2356.064
13.0
4.808651
0.0
0.0
4.0
2361.467
13.0
4.8136992
0.0
0.0
4.0
2366.8757
13.0
4.818192
0.0
0.0
4.0
2372.2896
13.0
4.8221908
0.0
0.0
4.0
2377.7078
13.0
4.8257494
0.0
0.0
4.0
2383.13
13.0
4.828917
0.0
0.0
4.0
2388.5557
13.0
4.831736
0.0
0.0
4.0
2393.9846
13.0
4.8342447
0.0
0.0
4.0
2399.4163
13.0
4.8364778
0.0
0.0
4.0
2404.8506
13.0
4.3044653
0.0
0.0
4.0
2409.687
13.0
0.0
0.0
0.0
4.0
2411.0
13.0
0.0
0.0
0.0
4.0
2411.0
13.0
0.0
0.0
0.0
4.0
2411.0
13.0
0.0
0.0
0.0
4.0
2411.0
13.0
0.0
0.0
0.0
4.0
2411.0
13.0
0.0
0.0
0.0
4.0
2411.0
13.0
0.0
0.0
0.0
4.0
2411.0
13.0
0.53400004
0.0
0.0
4.0
2411.6
13.0
1.00926
0.0
0.0
4.0
2412.7341
13.0
1.4322414
0.0
0.0
4.0
2414.3435
13.0
1.8086947
0.0
0.0
4.0
2416.3757
13.0
2.1437383
0.0
0.0
4.0
2418.7844
13.0
2.441927
0.0
0.0
4.0
2421.528
13.0
2.707315
0.0
0.0
4.0
2424.57
13.0
2.9435103
0.0
0.0
4.0
2427.8774
13.0
3.1537242
0.0
0.0
4.0
2431.421
13.0
3.3408144
0.0
0.0
4.0
2435.1746
13.0
3.507325
0.0
0.0
4.0
2439.1155
13.0
3.6555192
0.0
0.0
4.0
2443.223
13.0
3.7874122
0.0
0.0
4.0
2447.4785
13.0
3.9047966
0.0
0.0
4.0
2451.866
13.0
4.0092688
0.0
0.0
4.0
2456.3708
13.0
4.102249
0.0
0.0
4.0
2460.9802
13.0
4.1850014
0.0
0.0
4.0
2465.6824
13.0
4.2586513
0.0
0.0
4.0
2470.4673
13.0
4.3241997
0.0
0.0
4.0
2475.326
13.0
4.3825374
0.0
0.0
4.0
2480.2502
13.0
4.4344583
0.0
0.0
4.0
2485.2327
13.0
4.4806676
0.0
0.0
4.0
2490.267
13.0
4.521794
0.0
0.0
4.0
2495.3477
13.0
4.5583963
0.0
0.0
4.0
2500.4695
13.0
4.5909724
0.0
0.0
4.0
2505.628
13.0
4.619965
0.0
0.0
4.0
2510.8188
13.0
4.6457686
0.0
0.0
4.0
2516.0388
13.0
4.668734
0.0
0.0
4.0
2521.2847
13.0
4.689173
0.0
0.0
4.0
2526.5535
13.0
4.707364
0.0
0.0
4.0
2531.8425
13.0
4.7235537
0.0
0.0
4.0
2537.15
13.0
4.7379627
0.0
0.0
4.0
2542.4734
13.0
4.750787
0.0
0.0
4.0
2547.8113
13.0
4.7622
0.0
0.0
4.0
2553.162
13.0
4.772358
0.0
0.0
4.0
2558.5244
13.0
4.7813983
0.0
0.0
4.0
2563.8967
13.0
4.7894444
0.0
0.0
4.0
2569.278
13.0
4.7966056
0.0
0.0
4.0
2574.6675
13.0
4.802979
0.0
0.0
4.0
2580.064
13.0
4.808651
0.0
0.0
4.0
2585.467
13.0
4.8136992
0.0
0.0
4.0
2590.8757
13.0
4.818192
0.0
0.0
4.0
2596.2896
13.0
4.8221908
0.0
0.0
4.0
2601.7078
13.0
4.8257494
0.0
0.0
4.0
2607.13
13.0
4.828917
0.0
0.0
4.0
2612.5557
13.0
4.831736
0.0
0.0
4.0
2617.9846
13.0
4.8342447
0.0
0.0
4.0
2623.4163
13.0
4.8364778
0.0
0.0
4.0
2628.8506
13.0
4.838465
0.0
0.0
4.0
2634.287
13.0
4.840234
0.0
0.0
4.0
2639.7256
13.0
4.841808
0.0
0.0
4.0
2645.1658
13.0
4.843209
0.0
0.0
4.0
2650.6077
13.0
4.8444557
0.0
0.0
4.0
2656.0508
13.0
4.3115654
0.0
0.0
4.0
2660.8953
13.0
3.8372931
0.0
0.0
4.0
2665.2068
13.0
3.415191
0.0
0.0
4.0
2669.0442
13.0
3.0395198
0.0
0.0
4.0
2672.4595
13.0
2.7051725
0.0
0.0
4.0
2675.499
13.0
2.4076035
0.0
0.0
4.0
2678.204
13.0
2.1427672
0.0
0.0
4.0
2680.6118
13.0
1.9070628
0.0
0.0
4.0
2682.7546
13.0
1.6972859
0.0
0.0
4.0
2684.6616
13.0
1.5105845
0.0
0.0
4.0
2686.359
13.0
1.3444202
0.0
0.0
4.0
2687.8694
13.0
1.1965339
0.0
0.0
4.0
2689.2139
13.0
1.0649152
0.0
0.0
4.0
2690.4104
13.0
0.94777447
0.0
0.0
4.0
2691.4753
13.0
0.8435193
0.0
0.0
4.0
2692.423
13.0
1.2847322
0.0
0.0
4.0
2693.8667
13.0
1.6774117
0.0
0.0
4.0
2695.7515
13.0
2.0268965
0.0
0.0
4.0
2698.0288
13.0
2.3379378
0.0
0.0
4.0
2700.6558
13.0
2.6147645
0.0
0.0
4.0
2703.5938
13.0
2.8611405
0.0
0.0
4.0
2706.8086
13.0
3.080415
0.0
0.0
4.0
2710.2698
13.0
3.2755694
0.0
0.0
4.0
2713.9502
13.0
3.4492567
0.0
0.0
4.0
2717.8257
13.0
3.6038384
0.0
0.0
4.0
2721.875
13.0
3.741416
0.0
0.0
4.0
2726.0789
13.0
3.8638601
0.0
0.0
4.0
2730.4202
14.0
3.9728353
0.0
0.0
4.0
2734.884
14.0
4.0698233
0.0
0.0
4.0
2739.4568
14.0
4.1561427
0.0
0.0
4.0
2744.1267
14.0
4.232967
0.0
0.0
4.0
2748.8828
14.0
4.3013406
0.0
0.0
4.0
2753.7158
14.0
4.362193
0.0
0.0
4.0
2758.6172
14.0
4.416352
0.0
0.0
4.0
2763.5793
14.0
4.464553
0.0
0.0
4.0
2768.5957
14.0
4.507452
0.0
0.0
4.0
2773.6602
14.0
4.5456324
0.0
0.0
4.0
2778.7676
14.0
4.5796127
0.0
0.0
4.0
2783.9133
14.0
4.609855
0.0
0.0
4.0
2789.093
14.0
4.6367707
0.0
0.0
4.0
2794.303
14.0
4.1267257
0.0
0.0
4.0
2798.9397
14.0
4.2067857
0.0
0.0
4.0
2803.6665
14.0
4.278039
0.0
0.0
4.0
2808.4734
14.0
4.3414545
0.0
0.0
4.0
2813.3513
14.0
4.3978944
0.0
0.0
4.0
2818.2927
14.0
4.448126
0.0
0.0
4.0
2823.2905
14.0
4.4928317
0.0
0.0
4.0
2828.3386
14.0
4.53262
0.0
0.0
4.0
2833.4314
14.0
4.568032
0.0
0.0
4.0
2838.564
14.0
4.5995483
0.0
0.0
4.0
2843.732
14.0
4.627598
0.0
0.0
4.0
2848.9314
14.0
4.6525617
0.0
0.0
4.0
2854.159
14.0
4.67478
0.0
0.0
4.0
2859.4114
14.0
4.694554
0.0
0.0
4.0
2864.686
14.0
4.712153
0.0
0.0
4.0
2869.9805
14.0
4.727816
0.0
0.0
4.0
2875.2927
14.0
4.741756
0.0
0.0
4.0
2880.6206
14.0
4.754163
0.0
0.0
4.0
2885.9624
14.0
4.765205
0.0
0.0
4.0
2891.3167
14.0
4.775032
0.0
0.0
4.0
2896.682
14.0
4.783778
0.0
0.0
4.0
2902.057
14.0
4.7915626
0.0
0.0
4.0
2907.4407
14.0
4.7984905
0.0
0.0
4.0
2912.8323
14.0
4.8046565
0.0
0.0
4.0
2918.2307
14.0
4.810144
0.0
0.0
4.0
2923.6353
14.0
4.8150277
0.0
0.0
4.0
2929.0454
14.0
4.8193746
0.0
0.0
4.0
2934.4604
14.0
4.823243
0.0
0.0
4.0
2939.88
14.0
4.8266864
0.0
0.0
4.0
2945.3032
14.0
4.8297505
0.0
0.0
4.0
2950.73
14.0
4.832478
0.0
0.0
4.0
2956.1597
14.0
4.834905
0.0
0.0
4.0
2961.592
14.0
4.837065
0.0
0.0
4.0
2967.0269
14.0
0.0
0.0
0.0
4.0
2971.0
14.0
0.53400004
0.0
0.0
4.0
2971.6
14.0
0.0
0.0
0.0
4.0
2971.0
14.0
0.53400004
0.0
0.0
4.0
2971.6
14.0
1.00926
0.0
0.0
4.0
2972.7341
14.0
1.4322414
0.0
0.0
4.0
2974.3435
14.0
1.8086947
0.0
0.0
4.0
2976.3757
14.0
2.1437383
0.0
0.0
4.0
2978.7844
14.0
2.441927
0.0
0.0
4.0
2981.528
14.0
2.707315
0.0
0.0
4.0
2984.57
14.0
2.9435103
0.0
0.0
4.0
2987.8774
14.0
3.1537242
0.0
0.0
4.0
2991.421
14.0
3.3408144
0.0
0.0
4.0
2995.1746
14.0
3.507325
0.0
0.0
4.0
2999.1155
14.0
3.6555192
0.0
0.0
4.0
3003.223
14.0
0.0
0.0
0.0
4.0
3003.0
14.0
0.53400004
0.0
0.0
4.0
3003.6
14.0
0.0
0.0
0.0
4.0
3003.0
14.0
0.53400004
0.0
0.0
4.0
3003.6
14.0
1.00926
0.0
0.0
4.0
3004.7341
14.0
1.4322414
0.0
0.0
4.0
3006.3435
14.0
1.8086947
0.0
0.0
4.0
3008.3757
14.0
2.1437383
0.0
0.0
4.0
3010.7844
14.0
2.441927
0.0
0.0
4.0
3013.528
14.0
2.707315
0.0
0.0
4.0
3016.57
14.0
2.9435103
0.0
0.0
4.0
3019.8774
14.0
3.1537242
0.0
0.0
4.0
3023.421
14.0
3.3408144
0.0
0.0
4.0
3027.1746
14.0
3.507325
0.0
0.0
4.0
3031.1155
14.0
3.6555192
0.0
0.0
4.0
3035.223
14.0
3.7874122
0.0
0.0
4.0
3039.4785
14.0
3.9047966
0.0
0.0
4.0
3043.866
14.0
4.0092688
0.0
0.0
4.0
3048.3708
14.0
4.102249
0.0
0.0
4.0
3052.9802
14.0
4.1850014
0.0
0.0
4.0
3057.6824
14.0
4.2586513
0.0
0.0
4.0
3062.4673
14.0
4.3241997
0.0
0.0
4.0
3067.326
14.0
4.3825374
0.0
0.0
4.0
3072.2502
14.0
4.4344583
0.0
0.0
4.0
3077.2327
14.0
4.4806676
0.0
0.0
4.0
3082.267
14.0
4.521794
0.0
0.0
4.0
3087.3477
14.0
4.5583963
0.0
0.0
4.0
3092.4695
14.0
4.5909724
0.0
0.0
4.0
3097.628
14.0
4.619965
0.0
0.0
4.0
3102.8188
14.0
4.6457686
0.0
0.0
4.0
3108.0388
14.0
4.668734
0.0
0.0
4.0
3113.2847
14.0
4.689173
0.0
0.0
4.0
3118.5535
14.0
4.707364
0.0
0.0
4.0
3123.8425
14.0
4.7235537
0.0
0.0
4.0
3129.15
14.0
4.7379627
0.0
0.0
4.0
3134.4734
14.0
4.750787
0.0
0.0
4.0
3139.8113
14.0
4.7622
0.0
0.0
4.0
3145.162
14.0
4.772358
0.0
0.0
4.0
3150.5244
14.0
4.7813983
0.0
0.0
4.0
3155.8967
14.0
4.7894444
0.0
0.0
4.0
3161.278
14.0
4.7966056
0.0
0.0
4.0
3166.6675
14.0
0.0
0.0
0.0
4.0
3168.0
14.0
