937, 6
0.0
0.0
0.0
4.0
56.0
0.0
0.0
0.0
0.0
4.0
56.0
0.0
0.0
0.0
0.0
4.0
56.0
0.0
0.0
0.0
0.0
4.0
56.0
0.0
0.0
0.0
0.0
4.0
56.0
0.0
0.0
0.0
0.0
4.0
56.0
0.0
0.53400004
0.0
0.0
4.0
56.6
0.0
1.00926
0.0
0.0
4.0
57.733997
0.0
1.4322414
0.0
0.0
4.0
59.343258
0.0
1.8086947
0.0
0.0
4.0
61.3755
0.0
2.1437383
0.0
0.0
4.0
63.784195
0.0
2.441927
0.0
0.0
4.0
66.52793
0.0
2.707315
0.0
0.0
4.0
69.569855
0.0
2.9435103
0.0
0.0
4.0
72.87717
0.0
3.1537242
0.0
0.0
4.0
76.42068
0.0
3.3408144
0.0
0.0
4.0
80.1744
0.0
3.507325
0.0
0.0
4.0
84.11521
0.0
3.6555192
0.0
0.0
4.0
88.222534
0.0
3.7874122
0.0
0.0
4.0
92.47805
0.0
3.9047966
0.0
0.0
4.0
96.86546
0.0
4.0092688
0.0
0.0
4.0
101.37026
0.0
4.102249
0.0
0.0
4.0
105.97953
0.0
4.1850014
0.0
0.0
4.0
110.68178
0.0
4.2586513
0.0
0.0
4.0
115.46678
0.0
4.3241997
0.0
0.0
4.0
120.32543
0.0
4.3825374
0.0
0.0
4.0
125.24963
0.0
4.4344583
0.0
0.0
4.0
130.23218
0.0
4.4806676
0.0
0.0
4.0
135.26663
0.0
4.521794
0.0
0.0
4.0
140.3473
0.0
4.5583963
0.0
0.0
4.0
145.4691
0.0
4.5909724
0.0
0.0
4.0
150.6275
0.0
4.619965
0.0
0.0
4.0
155.81848
0.0
4.6457686
0.0
0.0
4.0
161.03845
0.0
4.668734
0.0
0.0
4.0
166.28423
0.0
4.689173
0.0
0.0
4.0
171.55296
0.0
4.707364
0.0
0.0
4.0
176.84213
0.0
4.7235537
0.0
0.0
4.0
182.14949
0.0
4.7379627
0.0
0.0
4.0
187.47304
0.0
4.750787
0.0
0.0
4.0
192.811
0.0
4.7622
0.0
0.0
4.0
198.16179
0.0
4.772358
0.0
0.0
4.0
203.52399
0.0
4.7813983
0.0
0.0
4.0
208.89635
0.0
4.7894444
0.0
0.0
4.0
214.27774
0.0
4.7966056
0.0
0.0
4.0
219.66719
0.0
4.802979
0.0
0.0
4.0
225.0638
0.0
4.808651
0.0
0.0
4.0
230.46678
0.0
4.8136992
0.0
0.0
4.0
235.87543
0.0
4.818192
0.0
0.0
4.0
241.28912
0.0
4.8221908
0.0
0.0
4.0
246.70732
0.0
4.8257494
0.0
0.0
4.0
252.12952
0.0
4.828917
0.0
0.0
4.0
257.55527
0.0
4.831736
0.0
0.0
4.0
262.9842
0.0
4.8342447
0.0
0.0
4.0
268.41592
0.0
4.8364778
0.0
0.0
4.0
273.85016
0.0
4.838465
0.0
0.0
4.0
279.28662
0.0
4.840234
0.0
0.0
4.0
284.7251
0.0
3.773808
0.0
0.0
4.0
288.96533
0.0
2.8246891
0.0
0.0
4.0
292.13913
0.0
1.9799732
0.0
0.0
4.0
294.36383
0.0
1.2281761
0.0
0.0
4.0
295.7438
0.0
0.5590767
0.0
0.0
4.0
296.37198
0.0
0.4975783
0.0
0.0
4.0
296.93106
0.0
0.0
0.0
0.0
4.0
296.93106
0.0
0.0
0.0
0.0
4.0
296.93106
1.0
0.0
0.0
0.0
4.0
296.93106
1.0
0.53400004
0.0
0.0
4.0
297.53107
1.0
1.00926
0.0
0.0
4.0
298.66507
1.0
1.4322414
0.0
0.0
4.0
300.27432
1.0
1.8086947
0.0
0.0
4.0
302.30655
1.0
2.1437383
0.0
0.0
4.0
304.71524
1.0
2.441927
0.0
0.0
4.0
307.45898
1.0
2.707315
0.0
0.0
4.0
310.50092
1.0
2.9435103
0.0
0.0
4.0
313.80823
1.0
3.1537242
0.0
0.0
4.0
317.35175
1.0
3.3408144
0.0
0.0
4.0
321.10547
1.0
3.507325
0.0
0.0
4.0
325.0463
1.0
3.6555192
0.0
0.0
4.0
329.15363
1.0
3.7874122
0.0
0.0
4.0
333.40915
1.0
3.9047966
0.0
0.0
4.0
337.79657
1.0
4.0092688
0.0
0.0
4.0
342.30136
1.0
4.102249
0.0
0.0
4.0
346.91064
1.0
4.1850014
0.0
0.0
4.0
351.61288
1.0
4.2586513
0.0
0.0
4.0
356.3979
1.0
4.3241997
0.0
0.0
4.0
361.25653
1.0
4.3825374
0.0
0.0
4.0
366.18073
1.0
4.4344583
0.0
0.0
4.0
371.16327
1.0
4.4806676
0.0
0.0
4.0
376.19772
1.0
4.521794
0.0
0.0
4.0
381.27838
1.0
4.5583963
0.0
0.0
4.0
386.40018
1.0
4.5909724
0.0
0.0
4.0
391.55856
1.0
4.619965
0.0
0.0
4.0
396.74954
1.0
4.6457686
0.0
0.0
4.0
401.9695
1.0
4.668734
0.0
0.0
4.0
407.21527
1.0
4.689173
0.0
0.0
4.0
412.484
1.0
4.707364
0.0
0.0
4.0
417.7732
1.0
4.7235537
0.0
0.0
4.0
423.08057
1.0
4.7379627
0.0
0.0
4.0
428.4041
1.0
4.750787
0.0
0.0
4.0
433.74207
1.0
4.7622
0.0
0.0
4.0
439.09286
1.0
4.772358
0.0
0.0
4.0
444.45508
1.0
4.7813983
0.0
0.0
4.0
449.82742
1.0
4.7894444
0.0
0.0
4.0
455.20883
1.0
4.7966056
0.0
0.0
4.0
460.59827
1.0
4.802979
0.0
0.0
4.0
465.99487
1.0
4.808651
0.0
0.0
4.0
471.39786
1.0
4.8136992
0.0
0.0
4.0
476.80652
1.0
4.818192
0.0
0.0
4.0
482.2202
1.0
4.8221908
0.0
0.0
4.0
487.6384
1.0
4.8257494
0.0
0.0
4.0
493.06058
1.0
4.828917
0.0
0.0
4.0
498.48633
1.0
4.831736
0.0
0.0
4.0
503.91525
1.0
4.8342447
0.0
0.0
4.0
509.347
1.0
4.8364778
0.0
0.0
4.0
514.78125
1.0
4.838465
0.0
0.0
4.0
520.2177
1.0
4.840234
0.0
0.0
4.0
525.6562
1.0
4.841808
0.0
0.0
4.0
531.09644
1.0
4.843209
0.0
0.0
4.0
536.53827
1.0
4.8444557
0.0
0.0
4.0
541.9815
1.0
4.8455653
0.0
0.0
4.0
547.42596
1.0
4.846553
0.0
0.0
4.0
552.8715
1.0
4.8474317
0.0
0.0
4.0
558.31805
1.0
4.848214
0.0
0.0
4.0
563.7655
1.0
4.8489103
0.0
0.0
4.0
569.21375
1.0
4.84953
0.0
0.0
4.0
574.66266
1.0
4.850082
0.0
0.0
4.0
580.1122
1.0
4.8505726
0.0
0.0
4.0
585.56226
1.0
4.8510094
0.0
0.0
4.0
591.0128
1.0
4.851398
0.0
0.0
4.0
596.4638
1.0
4.851744
0.0
0.0
4.0
601.9152
1.0
4.852052
0.0
0.0
4.0
607.36694
1.0
4.8523264
0.0
0.0
4.0
612.819
1.0
4.8525705
0.0
0.0
4.0
618.2713
1.0
4.8527875
0.0
0.0
4.0
623.7239
1.0
4.8529806
0.0
0.0
4.0
629.17664
1.0
4.8531528
0.0
0.0
4.0
634.62964
1.0
4.853306
0.0
0.0
4.0
640.08276
1.0
4.853442
0.0
0.0
4.0
645.5361
1.0
4.8535633
0.0
0.0
4.0
650.9895
1.0
4.853671
0.0
0.0
4.0
656.44305
1.0
4.853767
0.0
0.0
4.0
661.8967
1.0
4.8538523
0.0
0.0
4.0
667.3505
2.0
4.8539286
0.0
0.0
4.0
672.8044
2.0
4.8539963
0.0
0.0
4.0
678.2583
2.0
4.8540564
0.0
0.0
4.0
683.7123
2.0
4.85411
0.0
0.0
4.0
689.1663
2.0
4.8541574
0.0
0.0
4.0
694.6204
2.0
4.8542
0.0
0.0
4.0
700.0746
2.0
4.8542376
0.0
0.0
4.0
705.5288
2.0
4.8542714
0.0
0.0
4.0
710.98303
2.0
4.8543015
0.0
0.0
4.0
716.4373
2.0
4.854328
0.0
0.0
4.0
721.8916
2.0
4.854352
0.0
0.0
4.0
727.34595
2.0
0.0
0.0
0.0
4.0
731.0
2.0
0.53400004
0.0
0.0
4.0
731.6
2.0
0.0
0.0
0.0
4.0
731.0
2.0
0.53400004
0.0
0.0
4.0
731.6
2.0
0.0
0.0
0.0
4.0
731.0
2.0
0.53400004
0.0
0.0
4.0
731.6
2.0
0.0
0.0
0.0
4.0
731.0
2.0
0.53400004
0.0
0.0
4.0
731.6
2.0
1.00926
0.0
0.0
4.0
732.73395
2.0
1.4322414
0.0
0.0
4.0
734.3432
2.0
1.8086947
0.0
0.0
4.0
736.3754
2.0
2.1437383
0.0
0.0
4.0
738.7841
2.0
2.441927
0.0
0.0
4.0
741.52783
2.0
2.707315
0.0
0.0
4.0
744.56976
2.0
2.9435103
0.0
0.0
4.0
747.8771
2.0
3.1537242
0.0
0.0
4.0
751.4206
2.0
3.3408144
0.0
0.0
4.0
755.1743
2.0
3.507325
0.0
0.0
4.0
759.1151
2.0
3.6555192
0.0
0.0
4.0
763.2224
2.0
3.7874122
0.0
0.0
4.0
767.4779
2.0
3.9047966
0.0
0.0
4.0
771.8653
2.0
4.0092688
0.0
0.0
4.0
776.3701
2.0
4.102249
0.0
0.0
4.0
780.9794
2.0
4.1850014
0.0
0.0
4.0
785.68164
2.0
3.724651
0.0
0.0
4.0
789.86664
2.0
3.3149395
0.0
0.0
4.0
793.5913
2.0
2.9502962
0.0
0.0
4.0
796.90625
2.0
2.6257637
0.0
0.0
4.0
799.85657
3.0
2.3369296
0.0
0.0
4.0
802.48236
3.0
2.0798674
0.0
0.0
4.0
804.8193
3.0
2.3850818
0.0
0.0
4.0
807.49915
3.0
2.6567225
0.0
0.0
4.0
810.48425
3.0
2.898483
0.0
0.0
4.0
813.74097
3.0
3.11365
0.0
0.0
4.0
817.23944
3.0
3.3051486
0.0
0.0
4.0
820.95306
3.0
3.4755821
0.0
0.0
4.0
824.8582
3.0
3.6272678
0.0
0.0
4.0
828.9338
3.0
3.7622683
0.0
0.0
4.0
833.1611
4.0
3.8824189
0.0
0.0
4.0
837.5233
4.0
3.989353
0.0
0.0
4.0
842.00574
4.0
4.084524
0.0
0.0
4.0
846.5951
4.0
4.169226
0.0
0.0
4.0
851.2796
4.0
4.2446113
0.0
0.0
4.0
856.0488
4.0
4.3117037
0.0
0.0
4.0
860.89343
4.0
4.371416
0.0
0.0
4.0
865.8051
4.0
4.42456
0.0
0.0
4.0
870.77655
4.0
4.4718585
0.0
0.0
4.0
875.8011
4.0
4.5139537
0.0
0.0
4.0
880.8729
4.0
4.551419
0.0
0.0
4.0
885.9869
4.0
4.5847626
0.0
0.0
4.0
891.1383
4.0
4.6144385
0.0
0.0
4.0
896.32306
4.0
4.64085
0.0
0.0
4.0
901.5375
4.0
4.664356
0.0
0.0
4.0
906.7783
4.0
0.0
0.0
0.0
4.0
907.0
4.0
0.53400004
0.0
0.0
4.0
907.6
4.0
0.0
0.0
0.0
4.0
907.0
4.0
0.53400004
0.0
0.0
4.0
907.6
4.0
1.00926
0.0
0.0
4.0
908.73395
4.0
1.4322414
0.0
0.0
4.0
910.3432
4.0
1.8086947
0.0
0.0
4.0
912.3754
4.0
2.1437383
0.0
0.0
4.0
914.7841
4.0
2.441927
0.0
0.0
4.0
917.52783
4.0
2.707315
0.0
0.0
4.0
920.56976
4.0
2.9435103
0.0
0.0
4.0
923.8771
4.0
3.1537242
0.0
0.0
4.0
927.4206
4.0
3.3408144
0.0
0.0
4.0
931.1743
4.0
3.507325
0.0
0.0
4.0
935.1151
4.0
3.6555192
0.0
0.0
4.0
939.2224
4.0
3.7874122
0.0
0.0
4.0
943.4779
4.0
3.9047966
0.0
0.0
4.0
947.8653
4.0
4.0092688
0.0
0.0
4.0
952.3701
4.0
4.102249
0.0
0.0
4.0
956.9794
4.0
4.1850014
0.0
0.0
4.0
961.68164
4.0
4.2586513
0.0
0.0
4.0
966.4666
4.0
4.3241997
0.0
0.0
4.0
971.32526
4.0
4.3825374
0.0
0.0
4.0
976.24945
4.0
4.4344583
0.0
0.0
4.0
981.232
4.0
4.4806676
0.0
0.0
4.0
986.2665
4.0
4.521794
0.0
0.0
4.0
991.34717
4.0
4.5583963
0.0
0.0
4.0
996.46893
4.0
4.5909724
0.0
0.0
4.0
1001.6273
4.0
4.619965
0.0
0.0
4.0
1006.8183
4.0
4.6457686
0.0
0.0
4.0
1012.03827
4.0
4.668734
0.0
0.0
4.0
1017.28406
4.0
4.689173
0.0
0.0
4.0
1022.5528
4.0
4.707364
0.0
0.0
4.0
1027.8419
4.0
4.7235537
0.0
0.0
4.0
1033.1493
4.0
4.7379627
0.0
0.0
4.0
1038.4729
4.0
4.750787
0.0
0.0
4.0
1043.8109
4.0
4.7622
0.0
0.0
4.0
1049.1617
4.0
4.772358
0.0
0.0
4.0
1054.5239
4.0
4.7813983
0.0
0.0
4.0
1059.8962
4.0
4.7894444
0.0
0.0
4.0
1065.2776
4.0
4.7966056
0.0
0.0
4.0
1070.667
4.0
4.802979
0.0
0.0
4.0
1076.0636
4.0
4.808651
0.0
0.0
4.0
1081.4666
4.0
4.8136992
0.0
0.0
4.0
1086.8752
4.0
4.818192
0.0
0.0
4.0
1092.289
4.0
4.8221908
0.0
0.0
4.0
1097.7072
4.0
4.8257494
0.0
0.0
4.0
1103.1294
4.0
4.828917
0.0
0.0
4.0
1108.5552
4.0
4.831736
0.0
0.0
4.0
1113.9841
4.0
4.8342447
0.0
0.0
4.0
1119.4159
4.0
4.8364778
0.0
0.0
4.0
1124.8501
4.0
4.838465
0.0
0.0
4.0
1130.2866
4.0
4.840234
0.0
0.0
4.0
1135.7251
4.0
4.841808
0.0
0.0
4.0
1141.1653
4.0
4.309209
0.0
0.0
4.0
1146.0071
4.0
3.8351958
0.0
0.0
4.0
1150.3163
4.0
3.413324
0.0
0.0
4.0
1154.1515
4.0
3.0378585
0.0
0.0
4.0
1157.5648
4.0
2.703694
0.0
0.0
4.0
1160.6027
4.0
2.4062877
0.0
0.0
4.0
1163.3064
4.0
1.6075959
0.0
0.0
4.0
1165.1127
4.0
0.89676034
0.0
0.0
4.0
1166.1202
4.0
0.0
0.0
0.0
4.0
1166.1202
4.0
-0.53400004
0.0
0.0
4.0
1165.5203
4.0
-1.00926
0.0
0.0
4.0
1164.3862
4.0
-0.89824146
0.0
0.0
4.0
1163.377
4.0
-0.7994349
0.0
0.0
4.0
1162.4788
4.0
-0.71149707
0.0
0.0
4.0
1161.6793
4.0
-0.63323236
0.0
0.0
4.0
1160.9678
4.0
-0.56357676
0.0
0.0
4.0
1160.3346
4.0
-0.5015833
0.0
0.0
4.0
1159.771
4.0
-0.4464091
0.0
0.0
4.0
1159.2694
4.0
0.0
0.0
0.0
4.0
1159.2694
4.0
0.53400004
0.0
0.0
4.0
1159.8694
4.0
1.00926
0.0
0.0
4.0
1161.0034
4.0
1.4322414
0.0
0.0
4.0
1162.6127
4.0
1.8086947
0.0
0.0
4.0
1164.6449
4.0
2.1437383
0.0
0.0
4.0
1167.0536
4.0
2.441927
0.0
0.0
4.0
1169.7974
4.0
2.707315
0.0
0.0
4.0
1172.8392
4.0
2.9435103
0.0
0.0
4.0
1176.1466
4.0
3.1537242
0.0
0.0
4.0
1179.6901
4.0
3.3408144
0.0
0.0
4.0
1183.4438
4.0
3.507325
0.0
0.0
4.0
1187.3846
4.0
3.121519
0.0
0.0
4.0
1190.892
4.0
2.778152
0.0
0.0
4.0
1194.0134
4.0
2.4725552
0.0
0.0
4.0
1196.7916
4.0
2.2005742
0.0
0.0
4.0
1199.2642
4.0
1.424511
0.0
0.0
4.0
1200.8647
4.0
0.7338147
0.0
0.0
4.0
1201.6892
4.0
0.0
0.0
0.0
4.0
1201.6892
5.0
-0.53400004
0.0
0.0
4.0
1201.0892
5.0
-1.00926
0.0
0.0
4.0
1199.9552
5.0
-1.4322414
0.0
0.0
4.0
1198.346
5.0
-1.8086947
0.0
0.0
4.0
1196.3137
5.0
-2.1437383
0.0
0.0
4.0
1193.905
5.0
-2.441927
0.0
0.0
4.0
1191.1613
5.0
-2.707315
0.0
0.0
4.0
1188.1194
5.0
-2.9435103
0.0
0.0
4.0
1184.812
5.0
-2.619724
0.0
0.0
4.0
1181.8685
5.0
-2.3315544
0.0
0.0
4.0
1179.2488
5.0
-2.0750835
0.0
0.0
4.0
1176.9172
5.0
-1.8468243
0.0
0.0
4.0
1174.8422
5.0
-1.6436735
0.0
0.0
4.0
1172.9954
5.0
-1.4628694
0.0
0.0
4.0
1171.3517
5.0
-0.76795375
0.0
0.0
4.0
1170.4888
5.0
-0.68347883
0.0
0.0
4.0
1169.7208
5.0
-0.60829616
0.0
0.0
4.0
1169.0374
5.0
-0.54138356
0.0
0.0
4.0
1168.4291
5.0
-0.48183137
0.0
0.0
4.0
1167.8877
5.0
0.0
0.0
0.0
4.0
1167.8877
5.0
0.0
0.0
0.0
4.0
1167.8877
5.0
0.0
0.0
0.0
4.0
1167.8877
5.0
0.0
0.0
0.0
4.0
1167.8877
5.0
0.0
0.0
0.0
4.0
1167.8877
5.0
0.0
0.0
0.0
4.0
1167.8877
5.0
0.0
0.0
0.0
4.0
1167.8877
5.0
0.0
0.0
0.0
4.0
1167.8877
5.0
0.0
0.0
0.0
4.0
1167.8877
5.0
0.0
0.0
0.0
4.0
1167.8877
5.0
0.0
0.0
0.0
4.0
1167.8877
5.0
0.0
0.0
0.0
4.0
1167.8877
5.0
0.0
0.0
0.0
4.0
1167.8877
5.0
0.0
0.0
0.0
4.0
1167.8877
5.0
0.0
0.0
0.0
4.0
1167.8877
5.0
0.0
0.0
0.0
4.0
1167.8877
5.0
0.0
0.0
0.0
4.0
1167.8877
5.0
0.0
0.0
0.0
4.0
1167.8877
5.0
0.0
0.0
0.0
4.0
1167.8877
5.0
0.0
0.0
0.0
4.0
1167.8877
5.0
0.0
0.0
0.0
4.0
1167.8877
5.0
0.0
0.0
0.0
4.0
1167.8877
5.0
0.0
0.0
0.0
4.0
1167.8877
5.0
0.0
0.0
0.0
4.0
1167.8877
5.0
0.0
0.0
0.0
4.0
1167.8877
5.0
0.0
0.0
0.0
4.0
1167.8877
5.0
0.0
0.0
0.0
4.0
1167.8877
5.0
0.0
0.0
0.0
4.0
1167.8877
5.0
0.0
0.0
0.0
4.0
1167.8877
5.0
0.0
0.0
0.0
4.0
1167.8877
5.0
0.0
0.0
0.0
4.0
1167.8877
5.0
0.0
0.0
0.0
4.0
1167.8877
5.0
0.0
0.0
0.0
4.0
1167.8877
5.0
0.0
0.0
0.0
4.0
1167.8877
5.0
0.53400004
0.0
0.0
4.0
1168.4877
5.0
1.00926
0.0
0.0
4.0
1169.6217
5.0
1.4322414
0.0
0.0
4.0
1171.231
5.0
1.8086947
0.0
0.0
4.0
1173.2632
5.0
2.1437383
0.0
0.0
4.0
1175.6719
5.0
2.441927
0.0
0.0
4.0
1178.4156
5.0
2.707315
0.0
0.0
4.0
1181.4575
5.0
2.9435103
0.0
0.0
4.0
1184.7649
5.0
3.1537242
0.0
0.0
4.0
1188.3083
5.0
3.3408144
0.0
0.0
4.0
1192.0621
6.0
3.507325
0.0
0.0
4.0
1196.0029
6.0
3.6555192
0.0
0.0
4.0
1200.1102
6.0
3.7874122
0.0
0.0
4.0
1204.3657
6.0
3.9047966
0.0
0.0
4.0
1208.7532
6.0
4.0092688
0.0
0.0
4.0
1213.2579
6.0
4.102249
0.0
0.0
4.0
1217.8672
6.0
4.1850014
0.0
0.0
4.0
1222.5695
6.0
4.2586513
0.0
0.0
4.0
1227.3545
6.0
4.3241997
0.0
0.0
4.0
1232.2131
6.0
4.3825374
0.0
0.0
4.0
1237.1373
6.0
4.4344583
0.0
0.0
4.0
1242.1199
6.0
4.4806676
0.0
0.0
4.0
1247.1543
6.0
4.521794
0.0
0.0
4.0
1252.235
6.0
4.5583963
0.0
0.0
4.0
1257.3568
6.0
4.5909724
0.0
0.0
4.0
1262.5153
6.0
4.619965
0.0
0.0
4.0
1267.7062
6.0
4.6457686
0.0
0.0
4.0
1272.9261
6.0
4.668734
0.0
0.0
4.0
1278.1719
6.0
4.689173
0.0
0.0
4.0
1283.4406
6.0
4.707364
0.0
0.0
4.0
1288.7297
6.0
4.7235537
0.0
0.0
4.0
1294.0371
6.0
4.7379627
0.0
0.0
4.0
1299.3607
6.0
4.750787
0.0
0.0
4.0
1304.6987
6.0
4.7622
0.0
0.0
4.0
1310.0496
6.0
4.772358
0.0
0.0
4.0
1315.4117
6.0
4.7813983
0.0
0.0
4.0
1320.784
6.0
4.7894444
0.0
0.0
4.0
1326.1654
6.0
4.7966056
0.0
0.0
4.0
1331.5548
6.0
4.802979
0.0
0.0
4.0
1336.9514
6.0
4.808651
0.0
0.0
4.0
1342.3544
6.0
4.8136992
0.0
0.0
4.0
1347.7631
6.0
4.818192
0.0
0.0
4.0
1353.1768
6.0
4.8221908
0.0
0.0
4.0
1358.595
6.0
4.8257494
0.0
0.0
4.0
1364.0172
6.0
4.828917
0.0
0.0
4.0
1369.443
6.0
4.831736
0.0
0.0
4.0
1374.872
6.0
4.8342447
0.0
0.0
4.0
1380.3037
6.0
4.8364778
0.0
0.0
4.0
1385.7379
6.0
4.838465
0.0
0.0
4.0
1391.1744
6.0
4.840234
0.0
0.0
4.0
1396.6129
6.0
4.841808
0.0
0.0
4.0
1402.0531
6.0
4.843209
0.0
0.0
4.0
1407.4949
6.0
4.8444557
0.0
0.0
4.0
1412.9381
6.0
4.8455653
0.0
0.0
4.0
1418.3826
6.0
4.312553
0.0
0.0
4.0
1423.2281
6.0
3.838172
0.0
0.0
4.0
1427.5406
6.0
3.415973
0.0
0.0
4.0
1431.3788
6.0
2.5062158
0.0
0.0
4.0
1434.1947
6.0
1.696532
0.0
0.0
4.0
1436.101
6.0
0.97591347
0.0
0.0
4.0
1437.1975
6.0
0.0
0.0
0.0
4.0
1437.1975
6.0
-0.53400004
0.0
0.0
4.0
1436.5975
6.0
-0.47526002
0.0
0.0
4.0
1436.0635
6.0
0.0
0.0
0.0
4.0
1436.0635
6.0
0.0
0.0
0.0
4.0
1436.0635
6.0
0.0
0.0
0.0
4.0
1436.0635
6.0
0.53400004
0.0
0.0
4.0
1436.6635
6.0
1.00926
0.0
0.0
4.0
1437.7975
6.0
1.4322414
0.0
0.0
4.0
1439.4067
6.0
1.8086947
0.0
0.0
4.0
1441.439
6.0
2.1437383
0.0
0.0
4.0
1443.8477
6.0
2.441927
0.0
0.0
4.0
1446.5914
6.0
2.707315
0.0
0.0
4.0
1449.6333
6.0
2.9435103
0.0
0.0
4.0
1452.9407
6.0
2.619724
0.0
0.0
4.0
1455.8842
6.0
2.3315544
0.0
0.0
4.0
1458.5039
6.0
2.0750835
0.0
0.0
4.0
1460.8354
6.0
1.8468243
0.0
0.0
4.0
1462.9105
6.0
1.6436735
0.0
0.0
4.0
1464.7573
6.0
0.9288694
0.0
0.0
4.0
1465.801
6.0
0.0
0.0
0.0
4.0
1465.801
6.0
-0.53400004
0.0
0.0
4.0
1465.201
7.0
-1.00926
0.0
0.0
4.0
1464.067
7.0
-1.4322414
0.0
0.0
4.0
1462.4578
7.0
-1.2746949
0.0
0.0
4.0
1461.0255
7.0
-1.1344784
0.0
0.0
4.0
1459.7509
7.0
-1.0096858
0.0
0.0
4.0
1458.6163
7.0
-0.8986203
0.0
0.0
4.0
1457.6067
7.0
-0.7997721
0.0
0.0
4.0
1456.7081
7.0
-0.7117971
0.0
0.0
4.0
1455.9083
7.0
-0.63349944
0.0
0.0
4.0
1455.1965
7.0
-0.5638145
0.0
0.0
4.0
1454.563
7.0
-0.50179493
0.0
0.0
4.0
1453.9991
7.0
-0.4465975
0.0
0.0
4.0
1453.4973
7.0
0.0
0.0
0.0
4.0
1453.4973
7.0
0.0
0.0
0.0
4.0
1453.4973
7.0
0.53400004
0.0
0.0
4.0
1454.0973
7.0
1.00926
0.0
0.0
4.0
1455.2313
7.0
1.4322414
0.0
0.0
4.0
1456.8406
7.0
1.8086947
0.0
0.0
4.0
1458.8728
7.0
2.1437383
0.0
0.0
4.0
1461.2815
7.0
2.441927
0.0
0.0
4.0
1464.0253
7.0
2.707315
0.0
0.0
4.0
1467.0671
7.0
2.4095104
0.0
0.0
4.0
1469.7744
7.0
2.1444643
0.0
0.0
4.0
1472.184
7.0
1.9085732
0.0
0.0
4.0
1474.3284
8.0
1.6986301
0.0
0.0
4.0
1476.2369
8.0
1.5117807
0.0
0.0
4.0
1477.9355
8.0
1.8794848
0.0
0.0
4.0
1480.0474
8.0
2.2067413
0.0
0.0
4.0
1482.5269
8.0
2.4979997
0.0
0.0
4.0
1485.3336
8.0
2.7572196
0.0
0.0
4.0
1488.4316
8.0
2.9879255
0.0
0.0
4.0
1491.7888
8.0
3.1932535
0.0
0.0
4.0
1495.3767
8.0
3.3759954
0.0
0.0
4.0
1499.1699
8.0
3.538636
0.0
0.0
4.0
1503.1459
8.0
3.683386
0.0
0.0
4.0
1507.2845
8.0
3.8122137
0.0
0.0
4.0
1511.5679
8.0
3.92687
0.0
0.0
4.0
1515.9801
8.0
4.0289145
0.0
0.0
4.0
1520.507
8.0
4.119734
0.0
0.0
4.0
1525.1359
8.0
4.200563
0.0
0.0
4.0
1529.8556
8.0
4.272501
0.0
0.0
4.0
1534.6561
8.0
4.336526
0.0
0.0
4.0
1539.5287
8.0
4.393508
0.0
0.0
4.0
1544.4652
8.0
4.444222
0.0
0.0
4.0
1549.4587
8.0
4.4893575
0.0
0.0
4.0
1554.5029
8.0
4.529528
0.0
0.0
4.0
1559.5923
8.0
4.56528
0.0
0.0
4.0
1564.7218
8.0
4.597099
0.0
0.0
4.0
1569.8871
8.0
4.6254177
0.0
0.0
4.0
1575.0842
8.0
4.6506214
0.0
0.0
4.0
1580.3097
8.0
4.673053
0.0
0.0
4.0
1585.5603
8.0
4.693017
0.0
0.0
4.0
1590.8334
8.0
4.710785
0.0
0.0
4.0
1596.1263
8.0
4.7265983
0.0
0.0
4.0
1601.4371
8.0
4.740672
0.0
0.0
4.0
1606.7637
8.0
4.753198
0.0
0.0
4.0
1612.1044
8.0
4.764346
0.0
0.0
4.0
1617.4575
8.0
4.7742677
0.0
0.0
4.0
1622.8219
8.0
4.783098
0.0
0.0
4.0
1628.1962
8.0
4.7909575
0.0
0.0
4.0
1633.5792
8.0
4.797952
0.0
0.0
4.0
1638.9702
8.0
4.8041773
0.0
0.0
4.0
1644.3682
8.0
4.2757177
0.0
0.0
4.0
1649.1724
8.0
3.2713888
0.0
0.0
4.0
1652.848
8.0
2.3775358
0.0
0.0
4.0
1655.5194
8.0
1.5820068
0.0
0.0
4.0
1657.297
8.0
0.873986
0.0
0.0
4.0
1658.279
8.0
0.0
0.0
0.0
4.0
1658.279
8.0
0.0
0.0
0.0
4.0
1658.279
8.0
0.0
0.0
0.0
4.0
1658.279
9.0
0.0
0.0
0.0
4.0
1658.279
9.0
0.0
0.0
0.0
4.0
1658.279
9.0
0.0
0.0
0.0
4.0
1658.279
9.0
0.0
0.0
0.0
4.0
1658.279
9.0
0.0
0.0
0.0
4.0
1658.279
9.0
0.0
0.0
0.0
4.0
1658.279
9.0
0.0
0.0
0.0
4.0
1658.279
9.0
0.0
0.0
0.0
4.0
1658.279
9.0
0.0
0.0
0.0
4.0
1658.279
9.0
0.0
0.0
0.0
4.0
1658.279
9.0
0.0
0.0
0.0
4.0
1658.279
9.0
0.53400004
0.0
0.0
4.0
1658.879
9.0
1.00926
0.0
0.0
4.0
1660.0131
9.0
1.4322414
0.0
0.0
4.0
1661.6223
9.0
1.8086947
0.0
0.0
4.0
1663.6545
9.0
2.1437383
0.0
0.0
4.0
1666.0632
9.0
2.441927
0.0
0.0
4.0
1668.807
9.0
2.707315
0.0
0.0
4.0
1671.8489
9.0
2.9435103
0.0
0.0
4.0
1675.1562
9.0
3.1537242
0.0
0.0
4.0
1678.6997
9.0
3.3408144
0.0
0.0
4.0
1682.4535
9.0
3.507325
0.0
0.0
4.0
1686.3943
9.0
3.6555192
0.0
0.0
4.0
1690.5016
9.0
3.7874122
0.0
0.0
4.0
1694.7571
9.0
3.9047966
0.0
0.0
4.0
1699.1445
9.0
4.0092688
0.0
0.0
4.0
1703.6493
9.0
4.102249
0.0
0.0
4.0
1708.2585
9.0
4.1850014
0.0
0.0
4.0
1712.9608
9.0
4.2586513
0.0
0.0
4.0
1717.7458
9.0
4.3241997
0.0
0.0
4.0
1722.6045
9.0
4.3825374
0.0
0.0
4.0
1727.5287
9.0
4.4344583
0.0
0.0
4.0
1732.5112
9.0
4.4806676
0.0
0.0
4.0
1737.5457
9.0
4.521794
0.0
0.0
4.0
1742.6263
9.0
4.5583963
0.0
0.0
4.0
1747.7482
9.0
4.5909724
0.0
0.0
4.0
1752.9066
9.0
4.619965
0.0
0.0
4.0
1758.0975
9.0
4.6457686
0.0
0.0
4.0
1763.3175
9.0
4.668734
0.0
0.0
4.0
1768.5632
9.0
4.689173
0.0
0.0
4.0
1773.8319
9.0
4.707364
0.0
0.0
4.0
1779.1211
9.0
4.7235537
0.0
0.0
4.0
1784.4285
9.0
4.7379627
0.0
0.0
4.0
1789.7521
9.0
4.750787
0.0
0.0
4.0
1795.0901
9.0
4.7622
0.0
0.0
4.0
1800.4409
9.0
4.772358
0.0
0.0
4.0
1805.8031
9.0
4.7813983
0.0
0.0
4.0
1811.1754
9.0
4.7894444
0.0
0.0
4.0
1816.5568
9.0
4.7966056
0.0
0.0
4.0
1821.9462
9.0
4.802979
0.0
0.0
4.0
1827.3428
9.0
4.808651
0.0
0.0
4.0
1832.7457
9.0
4.8136992
0.0
0.0
4.0
1838.1544
9.0
4.818192
0.0
0.0
4.0
1843.5681
9.0
4.8221908
0.0
0.0
4.0
1848.9863
9.0
4.8257494
0.0
0.0
4.0
1854.4086
9.0
4.828917
0.0
0.0
4.0
1859.8344
9.0
4.831736
0.0
0.0
4.0
1865.2633
9.0
4.8342447
0.0
0.0
4.0
1870.6951
9.0
4.8364778
0.0
0.0
4.0
1876.1293
9.0
4.838465
0.0
0.0
4.0
1881.5658
9.0
4.840234
0.0
0.0
4.0
1887.0043
9.0
4.841808
0.0
0.0
4.0
1892.4445
9.0
4.843209
0.0
0.0
4.0
1897.8862
9.0
4.8444557
0.0
0.0
4.0
1903.3295
9.0
4.8455653
0.0
0.0
4.0
1908.7739
9.0
4.846553
0.0
0.0
4.0
1914.2195
9.0
4.8474317
0.0
0.0
4.0
1919.666
9.0
4.848214
0.0
0.0
4.0
1925.1134
9.0
4.8489103
0.0
0.0
4.0
1930.5616
9.0
4.3155303
0.0
0.0
4.0
1935.4105
9.0
3.840822
0.0
0.0
4.0
1939.7261
9.0
3.4183316
0.0
0.0
4.0
1943.5669
9.0
2.508315
0.0
0.0
4.0
1946.3853
9.0
1.6984004
0.0
0.0
4.0
1948.2936
9.0
0.9775763
0.0
0.0
4.0
1949.392
9.0
0.8700429
0.0
0.0
4.0
1950.3695
9.0
0.7743382
0.0
0.0
4.0
1951.2395
10.0
0.689161
0.0
0.0
4.0
1952.0138
10.0
1.1473533
0.0
0.0
4.0
1953.303
10.0
1.5551444
0.0
0.0
4.0
1955.0503
10.0
1.3840785
0.0
0.0
4.0
1956.6055
10.0
1.2318299
0.0
0.0
4.0
1957.9895
10.0
1.0963286
0.0
0.0
4.0
1959.2213
10.0
0.0
0.0
0.0
4.0
1959.2213
10.0
-0.53400004
0.0
0.0
4.0
1958.6213
10.0
-1.00926
0.0
0.0
4.0
1957.4873
11.0
-1.4322414
0.0
0.0
4.0
1955.878
11.0
-1.8086947
0.0
0.0
4.0
1953.8458
11.0
-2.1437383
0.0
0.0
4.0
1951.4371
11.0
-2.441927
0.0
0.0
4.0
1948.6934
11.0
-2.707315
0.0
0.0
4.0
1945.6515
11.0
-2.4095104
0.0
0.0
4.0
1942.9442
11.0
-2.1444643
0.0
0.0
4.0
1940.5347
11.0
-1.9085732
0.0
0.0
4.0
1938.3903
11.0
-1.6986301
0.0
0.0
4.0
1936.4817
11.0
-1.5117807
0.0
0.0
4.0
1934.7831
11.0
-0.8114848
0.0
0.0
4.0
1933.8713
11.0
0.0
0.0
0.0
4.0
1933.8713
11.0
0.53400004
0.0
0.0
4.0
1934.4713
11.0
1.00926
0.0
0.0
4.0
1935.6053
11.0
1.4322414
0.0
0.0
4.0
1937.2146
11.0
1.8086947
0.0
0.0
4.0
1939.2468
11.0
2.1437383
0.0
0.0
4.0
1941.6555
11.0
1.907927
0.0
0.0
4.0
1943.7993
11.0
1.698055
0.0
0.0
4.0
1945.7073
11.0
1.511269
0.0
0.0
4.0
1947.4053
11.0
1.3450294
0.0
0.0
4.0
1948.9165
11.0
1.1970761
0.0
0.0
4.0
1950.2615
11.0
1.0653977
0.0
0.0
4.0
1951.4585
11.0
0.948204
0.0
0.0
4.0
1952.5239
12.0
0.0
0.0
0.0
4.0
1952.5239
12.0
-0.53400004
0.0
0.0
4.0
1951.924
12.0
-1.00926
0.0
0.0
4.0
1950.7899
12.0
-1.4322414
0.0
0.0
4.0
1949.1807
12.0
-1.8086947
0.0
0.0
4.0
1947.1484
12.0
-2.1437383
0.0
0.0
4.0
1944.7397
12.0
-2.441927
0.0
0.0
4.0
1941.996
12.0
-2.173315
0.0
0.0
4.0
1939.5541
12.0
-1.9342504
0.0
0.0
4.0
1937.3807
12.0
-1.7214828
0.0
0.0
4.0
1935.4465
12.0
-0.9981196
0.0
0.0
4.0
1934.3251
12.0
0.0
0.0
0.0
4.0
1934.3251
12.0
0.53400004
0.0
0.0
4.0
1934.925
12.0
1.00926
0.0
0.0
4.0
1936.0591
12.0
1.4322414
0.0
0.0
4.0
1937.6683
12.0
1.8086947
0.0
0.0
4.0
1939.7006
12.0
2.1437383
0.0
0.0
4.0
1942.1093
12.0
2.441927
0.0
0.0
4.0
1944.853
12.0
2.707315
0.0
0.0
4.0
1947.8949
12.0
2.4095104
0.0
0.0
4.0
1950.6022
12.0
2.1444643
0.0
0.0
4.0
1953.0117
12.0
1.9085732
0.0
0.0
4.0
1955.1561
12.0
1.6986301
0.0
0.0
4.0
1957.0647
12.0
1.5117807
0.0
0.0
4.0
1958.7633
12.0
1.3454849
0.0
0.0
4.0
1960.2751
12.0
1.1974815
0.0
0.0
4.0
1961.6206
13.0
1.0657586
0.0
0.0
4.0
1962.8181
13.0
1.4825251
0.0
0.0
4.0
1964.4839
13.0
1.8534474
0.0
0.0
4.0
1966.5664
13.0
2.183568
0.0
0.0
4.0
1969.0199
13.0
2.4773755
0.0
0.0
4.0
1971.8035
13.0
2.7388642
0.0
0.0
4.0
1974.8809
13.0
2.971589
0.0
0.0
4.0
1978.2197
13.0
3.178714
0.0
0.0
4.0
1981.7913
13.0
3.3630555
0.0
0.0
4.0
1985.57
13.0
3.5271194
0.0
0.0
4.0
1989.533
13.0
3.6731362
0.0
0.0
4.0
1993.66
13.0
3.803091
0.0
0.0
4.0
1997.9332
13.0
3.918751
0.0
0.0
4.0
2002.3363
13.0
4.0216885
0.0
0.0
4.0
2006.8551
13.0
4.1133027
0.0
0.0
4.0
2011.4768
13.0
4.1948395
0.0
0.0
4.0
2016.1901
13.0
4.267407
0.0
0.0
4.0
2020.9849
13.0
4.331992
0.0
0.0
4.0
2025.8523
13.0
4.389473
0.0
0.0
4.0
2030.7843
13.0
4.440631
0.0
0.0
4.0
2035.7738
13.0
4.486161
0.0
0.0
4.0
2040.8145
13.0
4.5266833
0.0
0.0
4.0
2045.9006
13.0
4.562748
0.0
0.0
4.0
2051.0273
13.0
4.5948453
0.0
0.0
4.0
2056.1902
13.0
4.623412
0.0
0.0
4.0
2061.385
13.0
4.6488366
0.0
0.0
4.0
2066.6084
13.0
4.6714644
0.0
0.0
4.0
2071.8572
13.0
4.691603
0.0
0.0
4.0
2077.1287
13.0
4.7095265
0.0
0.0
4.0
2082.4202
13.0
4.7254786
0.0
0.0
4.0
2087.7297
13.0
4.739676
0.0
0.0
4.0
2093.0552
13.0
4.7523117
0.0
0.0
4.0
2098.3948
13.0
4.7635574
0.0
0.0
4.0
2103.747
13.0
4.773566
0.0
0.0
4.0
2109.1106
13.0
4.7824736
0.0
0.0
4.0
2114.4841
13.0
4.7904015
0.0
0.0
4.0
2119.8667
13.0
4.797457
0.0
0.0
4.0
2125.257
13.0
4.8037367
0.0
0.0
4.0
2130.6545
13.0
4.8093257
0.0
0.0
4.0
2136.0583
13.0
4.8142996
0.0
0.0
4.0
2141.4678
13.0
4.8187265
0.0
0.0
4.0
2146.882
13.0
4.8226666
0.0
0.0
4.0
2152.3008
13.0
4.8261733
0.0
0.0
4.0
2157.7234
13.0
4.829294
0.0
0.0
4.0
2163.1497
13.0
4.832072
0.0
0.0
4.0
2168.5789
13.0
4.8345437
0.0
0.0
4.0
2174.011
13.0
4.836744
0.0
0.0
4.0
2179.4456
13.0
4.8387017
0.0
0.0
4.0
2184.8823
13.0
0.0
0.0
0.0
4.0
2187.0
13.0
0.53400004
0.0
0.0
4.0
2187.6
13.0
0.0
0.0
0.0
4.0
2187.0
13.0
0.53400004
0.0
0.0
4.0
2187.6
13.0
0.0
0.0
0.0
4.0
2187.0
13.0
0.0
0.0
0.0
4.0
2187.0
13.0
0.0
0.0
0.0
4.0
2187.0
13.0
0.0
0.0
0.0
4.0
2187.0
13.0
0.0
0.0
0.0
4.0
2187.0
13.0
0.0
0.0
0.0
4.0
2187.0
13.0
0.0
0.0
0.0
4.0
2187.0
13.0
0.53400004
0.0
0.0
4.0
2187.6
13.0
1.00926
0.0
0.0
4.0
2188.7341
13.0
1.4322414
0.0
0.0
4.0
2190.3435
13.0
1.8086947
0.0
0.0
4.0
2192.3757
13.0
2.1437383
0.0
0.0
4.0
2194.7844
13.0
2.441927
0.0
0.0
4.0
2197.528
13.0
2.707315
0.0
0.0
4.0
2200.57
13.0
2.9435103
0.0
0.0
4.0
2203.8774
13.0
3.1537242
0.0
0.0
4.0
2207.421
13.0
3.3408144
0.0
0.0
4.0
2211.1746
13.0
3.507325
0.0
0.0
4.0
2215.1155
13.0
3.6555192
0.0
0.0
4.0
2219.223
13.0
3.7874122
0.0
0.0
4.0
2223.4785
13.0
3.9047966
0.0
0.0
4.0
2227.866
13.0
4.0092688
0.0
0.0
4.0
2232.3708
13.0
4.102249
0.0
0.0
4.0
2236.9802
13.0
4.1850014
0.0
0.0
4.0
2241.6824
13.0
4.2586513
0.0
0.0
4.0
2246.4673
13.0
4.3241997
0.0
0.0
4.0
2251.326
13.0
4.3825374
0.0
0.0
4.0
2256.2502
13.0
4.4344583
0.0
0.0
4.0
2261.2327
13.0
4.4806676
0.0
0.0
4.0
2266.267
13.0
4.521794
0.0
0.0
4.0
2271.3477
13.0
4.5583963
0.0
0.0
4.0
2276.4695
13.0
4.5909724
0.0
0.0
4.0
2281.628
13.0
4.619965
0.0
0.0
4.0
2286.8188
13.0
4.6457686
0.0
0.0
4.0
2292.0388
13.0
4.668734
0.0
0.0
4.0
2297.2847
13.0
4.689173
0.0
0.0
4.0
2302.5535
13.0
4.707364
0.0
0.0
4.0
2307.8425
13.0
4.7235537
0.0
0.0
4.0
2313.15
13.0
4.7379627
0.0
0.0
4.0
2318.4734
13.0
4.750787
0.0
0.0
4.0
2323.8113
13.0
4.7622
0.0
0.0
4.0
2329.162
13.0
4.772358
0.0
0.0
4.0
2334.5244
13.0
4.7813983
0.0
0.0
4.0
2339.8967
13.0
4.7894444
0.0
0.0
4.0
2345.278
13.0
4.7966056
0.0
0.0
4.0
2350.6675
13.0
4.802979
0.0
0.0
4.0
2356.064
13.0
4.808651
0.0
0.0
4.0
2361.467
13.0
4.8136992
0.0
0.0
4.0
2366.8757
13.0
4.818192
0.0
0.0
4.0
2372.2896
13.0
4.8221908
0.0
0.0
4.0
2377.7078
13.0
4.8257494
0.0
0.0
4.0
2383.13
13.0
4.828917
0.0
0.0
4.0
2388.5557
13.0
4.831736
0.0
0.0
4.0
2393.9846
13.0
4.8342447
0.0
0.0
4.0
2399.4163
13.0
4.8364778
0.0
0.0
4.0
2404.8506
13.0
4.838465
0.0
0.0
4.0
2410.287
13.0
0.0
0.0
0.0
4.0
2411.0
13.0
0.0
0.0
0.0
4.0
2411.0
13.0
0.0
0.0
0.0
4.0
2411.0
13.0
0.0
0.0
0.0
4.0
2411.0
13.0
0.0
0.0
0.0
4.0
2411.0
13.0
0.0
0.0
0.0
4.0
2411.0
13.0
0.0
0.0
0.0
4.0
2411.0
13.0
0.53400004
0.0
0.0
4.0
2411.6
13.0
1.00926
0.0
0.0
4.0
2412.7341
13.0
1.4322414
0.0
0.0
4.0
2414.3435
13.0
1.8086947
0.0
0.0
4.0
2416.3757
13.0
2.1437383
0.0
0.0
4.0
2418.7844
13.0
2.441927
0.0
0.0
4.0
2421.528
13.0
2.707315
0.0
0.0
4.0
2424.57
13.0
2.9435103
0.0
0.0
4.0
2427.8774
13.0
3.1537242
0.0
0.0
4.0
2431.421
13.0
3.3408144
0.0
0.0
4.0
2435.1746
13.0
3.507325
0.0
0.0
4.0
2439.1155
13.0
3.6555192
0.0
0.0
4.0
2443.223
13.0
3.7874122
0.0
0.0
4.0
2447.4785
13.0
3.9047966
0.0
0.0
4.0
2451.866
13.0
4.0092688
0.0
0.0
4.0
2456.3708
13.0
4.102249
0.0
0.0
4.0
2460.9802
13.0
4.1850014
0.0
0.0
4.0
2465.6824
13.0
4.2586513
0.0
0.0
4.0
2470.4673
13.0
4.3241997
0.0
0.0
4.0
2475.326
13.0
4.3825374
0.0
0.0
4.0
2480.2502
13.0
4.4344583
0.0
0.0
4.0
2485.2327
13.0
4.4806676
0.0
0.0
4.0
2490.267
13.0
4.521794
0.0
0.0
4.0
2495.3477
13.0
4.5583963
0.0
0.0
4.0
2500.4695
13.0
4.5909724
0.0
0.0
4.0
2505.628
13.0
4.619965
0.0
0.0
4.0
2510.8188
13.0
4.6457686
0.0
0.0
4.0
2516.0388
13.0
4.668734
0.0
0.0
4.0
2521.2847
13.0
4.689173
0.0
0.0
4.0
2526.5535
13.0
4.707364
0.0
0.0
4.0
2531.8425
13.0
4.7235537
0.0
0.0
4.0
2537.15
13.0
4.7379627
0.0
0.0
4.0
2542.4734
13.0
4.750787
0.0
0.0
4.0
2547.8113
13.0
4.7622
0.0
0.0
4.0
2553.162
13.0
4.772358
0.0
0.0
4.0
2558.5244
13.0
4.7813983
0.0
0.0
4.0
2563.8967
13.0
4.7894444
0.0
0.0
4.0
2569.278
13.0
4.7966056
0.0
0.0
4.0
2574.6675
13.0
4.802979
0.0
0.0
4.0
2580.064
13.0
4.808651
0.0
0.0
4.0
2585.467
13.0
4.8136992
0.0
0.0
4.0
2590.8757
13.0
4.818192
0.0
0.0
4.0
2596.2896
13.0
4.8221908
0.0
0.0
4.0
2601.7078
13.0
4.8257494
0.0
0.0
4.0
2607.13
13.0
4.828917
0.0
0.0
4.0
2612.5557
13.0
4.831736
0.0
0.0
4.0
2617.9846
13.0
4.8342447
0.0
0.0
4.0
2623.4163
13.0
4.8364778
0.0
0.0
4.0
2628.8506
13.0
4.838465
0.0
0.0
4.0
2634.287
13.0
4.840234
0.0
0.0
4.0
2639.7256
13.0
4.841808
0.0
0.0
4.0
2645.1658
13.0
4.843209
0.0
0.0
4.0
2650.6077
13.0
4.8444557
0.0
0.0
4.0
2656.0508
13.0
4.8455653
0.0
0.0
4.0
2661.495
13.0
4.846553
0.0
0.0
4.0
2666.9407
13.0
4.8474317
0.0
0.0
4.0
2672.3872
13.0
4.848214
0.0
0.0
4.0
2677.8347
13.0
4.8489103
0.0
0.0
4.0
2683.283
13.0
4.84953
0.0
0.0
4.0
2688.732
13.0
4.850082
0.0
0.0
4.0
2694.1814
13.0
4.8505726
0.0
0.0
4.0
2699.6316
13.0
4.8510094
0.0
0.0
4.0
2705.0823
13.0
4.851398
0.0
0.0
4.0
2710.5332
13.0
4.851744
0.0
0.0
4.0
2715.9846
13.0
4.852052
0.0
0.0
4.0
2721.4363
13.0
4.8523264
0.0
0.0
4.0
2726.8884
13.0
4.8525705
0.0
0.0
4.0
2732.3408
13.0
4.8527875
0.0
0.0
4.0
2737.7935
13.0
4.8529806
0.0
0.0
4.0
2743.2463
13.0
4.319153
0.0
0.0
4.0
2748.0994
13.0
3.8440459
0.0
0.0
4.0
2752.4185
14.0
2.8872006
0.0
0.0
4.0
2755.6626
14.0
2.5696084
0.0
0.0
4.0
2758.5498
14.0
2.2869515
0.0
0.0
4.0
2761.1194
14.0
2.0353868
0.0
0.0
4.0
2763.4062
14.0
1.8114942
0.0
0.0
4.0
2765.4417
14.0
1.6122298
0.0
0.0
4.0
2767.2532
14.0
1.4348845
0.0
0.0
4.0
2768.8655
14.0
0.74304724
0.0
0.0
4.0
2769.7004
14.0
0.0
0.0
0.0
4.0
2769.7004
15.0
-0.53400004
0.0
0.0
4.0
2769.1003
15.0
-0.47526002
0.0
0.0
4.0
2768.5664
15.0
0.0
0.0
0.0
4.0
2768.5664
15.0
0.53400004
0.0
0.0
4.0
2769.1665
15.0
1.00926
0.0
0.0
4.0
2770.3005
15.0
1.4322414
0.0
0.0
4.0
2771.91
15.0
1.8086947
0.0
0.0
4.0
2773.9421
15.0
2.1437383
0.0
0.0
4.0
2776.3508
15.0
2.441927
0.0
0.0
4.0
2779.0945
15.0
2.707315
0.0
0.0
4.0
2782.1365
15.0
2.9435103
0.0
0.0
4.0
2785.4438
15.0
3.1537242
0.0
0.0
4.0
2788.9873
15.0
3.3408144
0.0
0.0
4.0
2792.741
15.0
3.507325
0.0
0.0
4.0
2796.682
15.0
3.6555192
0.0
0.0
4.0
2800.7893
15.0
3.7874122
0.0
0.0
4.0
2805.045
15.0
3.9047966
0.0
0.0
4.0
2809.4324
15.0
4.0092688
0.0
0.0
4.0
2813.9373
15.0
4.102249
0.0
0.0
4.0
2818.5466
15.0
4.1850014
0.0
0.0
4.0
2823.2488
15.0
4.2586513
0.0
0.0
4.0
2828.0337
15.0
4.3241997
0.0
0.0
4.0
2832.8923
15.0
4.3825374
0.0
0.0
4.0
2837.8167
15.0
4.4344583
0.0
0.0
4.0
2842.799
15.0
4.4806676
0.0
0.0
4.0
2847.8335
15.0
4.521794
0.0
0.0
4.0
2852.914
15.0
4.5583963
0.0
0.0
4.0
2858.036
15.0
4.5909724
0.0
0.0
4.0
2863.1943
15.0
4.619965
0.0
0.0
4.0
2868.3853
15.0
4.6457686
0.0
0.0
4.0
2873.6052
15.0
4.668734
0.0
0.0
4.0
2878.851
15.0
4.689173
0.0
0.0
4.0
2884.1199
15.0
4.707364
0.0
0.0
4.0
2889.409
15.0
4.7235537
0.0
0.0
4.0
2894.7163
15.0
4.7379627
0.0
0.0
4.0
2900.0398
15.0
4.750787
0.0
0.0
4.0
2905.3777
15.0
4.7622
0.0
0.0
4.0
2910.7285
15.0
4.772358
0.0
0.0
4.0
2916.0908
15.0
4.7813983
0.0
0.0
4.0
2921.4631
15.0
4.7894444
0.0
0.0
4.0
2926.8445
15.0
4.7966056
0.0
0.0
4.0
2932.234
15.0
4.802979
0.0
0.0
4.0
2937.6304
15.0
4.808651
0.0
0.0
4.0
2943.0334
15.0
4.8136992
0.0
0.0
4.0
2948.4421
15.0
4.818192
0.0
0.0
4.0
2953.856
15.0
4.8221908
0.0
0.0
4.0
2959.2742
15.0
4.8257494
0.0
0.0
4.0
2964.6963
15.0
4.828917
0.0
0.0
4.0
2970.122
15.0
0.0
0.0
0.0
4.0
2971.0
15.0
0.53400004
0.0
0.0
4.0
2971.6
15.0
1.00926
0.0
0.0
4.0
2972.7341
15.0
1.4322414
0.0
0.0
4.0
2974.3435
15.0
1.8086947
0.0
0.0
4.0
2976.3757
15.0
2.1437383
0.0
0.0
4.0
2978.7844
15.0
2.441927
0.0
0.0
4.0
2981.528
15.0
2.707315
0.0
0.0
4.0
2984.57
15.0
2.9435103
0.0
0.0
4.0
2987.8774
15.0
3.1537242
0.0
0.0
4.0
2991.421
15.0
3.3408144
0.0
0.0
4.0
2995.1746
15.0
3.507325
0.0
0.0
4.0
2999.1155
15.0
3.6555192
0.0
0.0
4.0
3003.223
15.0
0.0
0.0
0.0
4.0
3003.0
15.0
0.53400004
0.0
0.0
4.0
3003.6
15.0
0.0
0.0
0.0
4.0
3003.0
15.0
0.53400004
0.0
0.0
4.0
3003.6
15.0
0.0
0.0
0.0
4.0
3003.0
15.0
0.53400004
0.0
0.0
4.0
3003.6
15.0
1.00926
0.0
0.0
4.0
3004.7341
15.0
1.4322414
0.0
0.0
4.0
3006.3435
15.0
1.8086947
0.0
0.0
4.0
3008.3757
15.0
2.1437383
0.0
0.0
4.0
3010.7844
15.0
2.441927
0.0
0.0
4.0
3013.528
15.0
2.707315
0.0
0.0
4.0
3016.57
15.0
2.9435103
0.0
0.0
4.0
3019.8774
15.0
3.1537242
0.0
0.0
4.0
3023.421
15.0
3.3408144
0.0
0.0
4.0
3027.1746
15.0
3.507325
0.0
0.0
4.0
3031.1155
15.0
3.6555192
0.0
0.0
4.0
3035.223
15.0
3.7874122
0.0
0.0
4.0
3039.4785
15.0
3.9047966
0.0
0.0
4.0
3043.866
15.0
4.0092688
0.0
0.0
4.0
3048.3708
15.0
4.102249
0.0
0.0
4.0
3052.9802
15.0
4.1850014
0.0
0.0
4.0
3057.6824
15.0
4.2586513
0.0
0.0
4.0
3062.4673
15.0
4.3241997
0.0
0.0
4.0
3067.326
15.0
4.3825374
0.0
0.0
4.0
3072.2502
15.0
4.4344583
0.0
0.0
4.0
3077.2327
15.0
4.4806676
0.0
0.0
4.0
3082.267
15.0
4.521794
0.0
0.0
4.0
3087.3477
15.0
4.5583963
0.0
0.0
4.0
3092.4695
15.0
4.5909724
0.0
0.0
4.0
3097.628
15.0
4.619965
0.0
0.0
4.0
3102.8188
15.0
4.6457686
0.0
0.0
4.0
3108.0388
15.0
4.668734
0.0
0.0
4.0
3113.2847
15.0
4.689173
0.0
0.0
4.0
3118.5535
15.0
4.707364
0.0
0.0
4.0
3123.8425
15.0
4.7235537
0.0
0.0
4.0
3129.15
15.0
4.7379627
0.0
0.0
4.0
3134.4734
15.0
4.750787
0.0
0.0
4.0
3139.8113
15.0
4.7622
0.0
0.0
4.0
3145.162
15.0
4.772358
0.0
0.0
4.0
3150.5244
15.0
4.7813983
0.0
0.0
4.0
3155.8967
15.0
4.7894444
0.0
0.0
4.0
3161.278
15.0
4.7966056
0.0
0.0
4.0
3166.6675
15.0
0.0
0.0
0.0
4.0
3168.0
15.0
