972, 6
0.0
0.0
0.0
4.0
56.0
0.0
0.0
0.0
0.0
4.0
56.0
0.0
0.0
0.0
0.0
4.0
56.0
0.0
0.0
0.0
0.0
4.0
56.0
0.0
0.0
0.0
0.0
4.0
56.0
0.0
0.0
0.0
0.0
4.0
56.0
0.0
0.0
0.0
0.0
4.0
56.0
0.0
0.0
0.0
0.0
4.0
56.0
0.0
0.0
0.0
0.0
4.0
56.0
0.0
0.0
0.0
0.0
4.0
56.0
0.0
0.53400004
0.0
0.0
4.0
56.6
0.0
1.00926
0.0
0.0
4.0
57.733997
0.0
1.4322414
0.0
0.0
4.0
59.343258
0.0
1.8086947
0.0
0.0
4.0
61.3755
0.0
2.1437383
0.0
0.0
4.0
63.784195
0.0
2.441927
0.0
0.0
4.0
66.52793
0.0
2.707315
0.0
0.0
4.0
69.569855
0.0
2.9435103
0.0
0.0
4.0
72.87717
0.0
3.1537242
0.0
0.0
4.0
76.42068
0.0
3.3408144
0.0
0.0
4.0
80.1744
0.0
3.507325
0.0
0.0
4.0
84.11521
0.0
3.6555192
0.0
0.0
4.0
88.222534
0.0
3.7874122
0.0
0.0
4.0
92.47805
0.0
3.9047966
0.0
0.0
4.0
96.86546
0.0
4.0092688
0.0
0.0
4.0
101.37026
0.0
4.102249
0.0
0.0
4.0
105.97953
0.0
4.1850014
0.0
0.0
4.0
110.68178
0.0
4.2586513
0.0
0.0
4.0
115.46678
0.0
4.3241997
0.0
0.0
4.0
120.32543
0.0
4.3825374
0.0
0.0
4.0
125.24963
0.0
4.4344583
0.0
0.0
4.0
130.23218
0.0
4.4806676
0.0
0.0
4.0
135.26663
0.0
4.521794
0.0
0.0
4.0
140.3473
0.0
4.5583963
0.0
0.0
4.0
145.4691
0.0
4.5909724
0.0
0.0
4.0
150.6275
0.0
4.619965
0.0
0.0
4.0
155.81848
0.0
4.6457686
0.0
0.0
4.0
161.03845
0.0
4.668734
0.0
0.0
4.0
166.28423
0.0
4.689173
0.0
0.0
4.0
171.55296
0.0
4.707364
0.0
0.0
4.0
176.84213
0.0
4.7235537
0.0
0.0
4.0
182.14949
0.0
4.7379627
0.0
0.0
4.0
187.47304
0.0
4.750787
0.0
0.0
4.0
192.811
0.0
4.7622
0.0
0.0
4.0
198.16179
0.0
4.772358
0.0
0.0
4.0
203.52399
0.0
4.7813983
0.0
0.0
4.0
208.89635
0.0
4.7894444
0.0
0.0
4.0
214.27774
0.0
4.7966056
0.0
0.0
4.0
219.66719
0.0
4.802979
0.0
0.0
4.0
225.0638
0.0
4.808651
0.0
0.0
4.0
230.46678
0.0
4.8136992
0.0
0.0
4.0
235.87543
0.0
4.818192
0.0
0.0
4.0
241.28912
0.0
4.8221908
0.0
0.0
4.0
246.70732
0.0
4.8257494
0.0
0.0
4.0
252.12952
0.0
4.828917
0.0
0.0
4.0
257.55527
0.0
4.831736
0.0
0.0
4.0
262.9842
0.0
4.8342447
0.0
0.0
4.0
268.41592
0.0
4.8364778
0.0
0.0
4.0
273.85016
0.0
4.838465
0.0
0.0
4.0
279.28662
0.0
4.840234
0.0
0.0
4.0
284.7251
0.0
4.841808
0.0
0.0
4.0
290.16534
0.0
4.309209
0.0
0.0
4.0
295.00714
0.0
3.8351958
0.0
0.0
4.0
299.31635
0.0
2.879324
0.0
0.0
4.0
302.55154
0.0
2.0285983
0.0
0.0
4.0
304.83087
0.0
1.2714524
0.0
0.0
4.0
306.25946
0.0
1.1315926
0.0
0.0
4.0
307.5309
0.0
1.0071174
0.0
0.0
4.0
308.6625
1.0
0.89633447
0.0
0.0
4.0
309.66962
1.0
0.79773766
0.0
0.0
4.0
310.56595
1.0
0.7099865
0.0
0.0
4.0
311.36368
1.0
1.1658881
0.0
0.0
4.0
312.67368
1.0
1.5716404
0.0
0.0
4.0
314.43958
1.0
0.0
0.0
0.0
4.0
315.0
1.0
0.53400004
0.0
0.0
4.0
315.6
1.0
1.00926
0.0
0.0
4.0
316.734
1.0
1.4322414
0.0
0.0
4.0
318.34326
1.0
1.8086947
0.0
0.0
4.0
320.3755
1.0
2.1437383
0.0
0.0
4.0
322.78418
1.0
2.441927
0.0
0.0
4.0
325.52792
1.0
2.707315
0.0
0.0
4.0
328.56985
1.0
2.9435103
0.0
0.0
4.0
331.87717
1.0
3.1537242
0.0
0.0
4.0
335.4207
1.0
3.3408144
0.0
0.0
4.0
339.1744
1.0
3.507325
0.0
0.0
4.0
343.11523
1.0
3.6555192
0.0
0.0
4.0
347.22256
1.0
3.7874122
0.0
0.0
4.0
351.4781
1.0
3.9047966
0.0
0.0
4.0
355.8655
1.0
4.0092688
0.0
0.0
4.0
360.3703
1.0
4.102249
0.0
0.0
4.0
364.97958
1.0
4.1850014
0.0
0.0
4.0
369.68182
1.0
4.2586513
0.0
0.0
4.0
374.46683
1.0
4.3241997
0.0
0.0
4.0
379.32547
1.0
4.3825374
0.0
0.0
4.0
384.24966
1.0
4.4344583
0.0
0.0
4.0
389.2322
1.0
4.4806676
0.0
0.0
4.0
394.26666
1.0
4.521794
0.0
0.0
4.0
399.34732
1.0
4.5583963
0.0
0.0
4.0
404.46912
1.0
4.5909724
0.0
0.0
4.0
409.6275
1.0
4.619965
0.0
0.0
4.0
414.81848
1.0
4.6457686
0.0
0.0
4.0
420.03845
1.0
4.668734
0.0
0.0
4.0
425.2842
1.0
4.689173
0.0
0.0
4.0
430.55295
1.0
4.707364
0.0
0.0
4.0
435.84213
1.0
4.7235537
0.0
0.0
4.0
441.1495
1.0
4.7379627
0.0
0.0
4.0
446.47305
1.0
4.750787
0.0
0.0
4.0
451.811
1.0
4.7622
0.0
0.0
4.0
457.1618
1.0
4.772358
0.0
0.0
4.0
462.52402
1.0
4.7813983
0.0
0.0
4.0
467.89636
1.0
4.7894444
0.0
0.0
4.0
473.27777
1.0
4.7966056
0.0
0.0
4.0
478.6672
1.0
4.802979
0.0
0.0
4.0
484.0638
1.0
4.808651
0.0
0.0
4.0
489.4668
1.0
4.8136992
0.0
0.0
4.0
494.87546
1.0
4.818192
0.0
0.0
4.0
500.28915
1.0
4.8221908
0.0
0.0
4.0
505.70734
1.0
4.8257494
0.0
0.0
4.0
511.12952
1.0
4.828917
0.0
0.0
4.0
516.55524
1.0
4.831736
0.0
0.0
4.0
521.98413
1.0
4.8342447
0.0
0.0
4.0
527.4159
1.0
4.8364778
0.0
0.0
4.0
532.85016
1.0
4.838465
0.0
0.0
4.0
538.2866
1.0
4.840234
0.0
0.0
4.0
543.7251
1.0
4.841808
0.0
0.0
4.0
549.16534
1.0
4.843209
0.0
0.0
4.0
554.6072
1.0
4.8444557
0.0
0.0
4.0
560.0504
1.0
4.8455653
0.0
0.0
4.0
565.4949
1.0
4.846553
0.0
0.0
4.0
570.9404
1.0
4.8474317
0.0
0.0
4.0
576.38696
1.0
4.848214
0.0
0.0
4.0
581.8344
1.0
4.8489103
0.0
0.0
4.0
587.28265
1.0
4.84953
0.0
0.0
4.0
592.73157
1.0
4.850082
0.0
0.0
4.0
598.1811
1.0
4.8505726
0.0
0.0
4.0
603.63116
1.0
4.8510094
0.0
0.0
4.0
609.0817
1.0
4.851398
0.0
0.0
4.0
614.5327
1.0
4.851744
0.0
0.0
4.0
619.98413
1.0
4.852052
0.0
0.0
4.0
625.43585
1.0
4.8523264
0.0
0.0
4.0
630.8879
1.0
4.8525705
0.0
0.0
4.0
636.3402
1.0
4.8527875
0.0
0.0
4.0
641.7928
1.0
4.8529806
0.0
0.0
4.0
647.24554
1.0
4.8531528
0.0
0.0
4.0
652.69855
1.0
4.853306
0.0
0.0
4.0
658.1517
1.0
4.853442
0.0
0.0
4.0
663.605
2.0
4.8535633
0.0
0.0
4.0
669.0584
2.0
4.853671
0.0
0.0
4.0
674.51196
2.0
4.853767
0.0
0.0
4.0
679.96564
2.0
4.8538523
0.0
0.0
4.0
685.41943
2.0
4.8539286
0.0
0.0
4.0
690.8733
2.0
4.8539963
0.0
0.0
4.0
696.3272
2.0
4.8540564
0.0
0.0
4.0
701.7812
2.0
4.85411
0.0
0.0
4.0
707.2352
2.0
4.8541574
0.0
0.0
4.0
712.68933
2.0
4.8542
0.0
0.0
4.0
718.1435
2.0
4.3202376
0.0
0.0
4.0
722.9977
2.0
3.3110116
0.0
0.0
4.0
726.7179
2.0
2.4128
0.0
0.0
4.0
729.4289
2.0
1.613392
0.0
0.0
4.0
731.2417
2.0
0.0
0.0
0.0
4.0
731.0
2.0
0.53400004
0.0
0.0
4.0
731.6
2.0
0.0
0.0
0.0
4.0
731.0
2.0
0.53400004
0.0
0.0
4.0
731.6
2.0
0.0
0.0
0.0
4.0
731.0
2.0
0.53400004
0.0
0.0
4.0
731.6
2.0
0.0
0.0
0.0
4.0
731.0
2.0
0.53400004
0.0
0.0
4.0
731.6
2.0
1.00926
0.0
0.0
4.0
732.73395
2.0
1.4322414
0.0
0.0
4.0
734.3432
2.0
1.8086947
0.0
0.0
4.0
736.3754
2.0
2.1437383
0.0
0.0
4.0
738.7841
2.0
2.441927
0.0
0.0
4.0
741.52783
2.0
2.707315
0.0
0.0
4.0
744.56976
2.0
2.9435103
0.0
0.0
4.0
747.8771
2.0
3.1537242
0.0
0.0
4.0
751.4206
2.0
3.3408144
0.0
0.0
4.0
755.1743
2.0
3.507325
0.0
0.0
4.0
759.1151
2.0
3.6555192
0.0
0.0
4.0
763.2224
2.0
3.7874122
0.0
0.0
4.0
767.4779
2.0
3.9047966
0.0
0.0
4.0
771.8653
2.0
4.0092688
0.0
0.0
4.0
776.3701
2.0
4.102249
0.0
0.0
4.0
780.9794
2.0
4.1850014
0.0
0.0
4.0
785.68164
2.0
4.2586513
0.0
0.0
4.0
790.4666
2.0
4.3241997
0.0
0.0
4.0
795.32526
2.0
4.3825374
0.0
0.0
4.0
800.24945
2.0
4.4344583
0.0
0.0
4.0
805.232
3.0
4.4806676
0.0
0.0
4.0
810.2665
3.0
4.521794
0.0
0.0
4.0
815.34717
3.0
4.5583963
0.0
0.0
4.0
820.46893
3.0
4.5909724
0.0
0.0
4.0
825.6273
3.0
4.619965
0.0
0.0
4.0
830.8183
3.0
4.6457686
0.0
0.0
4.0
836.03827
3.0
4.668734
0.0
0.0
4.0
841.28406
3.0
4.689173
0.0
0.0
4.0
846.5528
3.0
4.707364
0.0
0.0
4.0
851.842
4.0
4.7235537
0.0
0.0
4.0
857.14935
4.0
4.7379627
0.0
0.0
4.0
862.4729
4.0
4.750787
0.0
0.0
4.0
867.81085
4.0
4.7622
0.0
0.0
4.0
873.1616
4.0
4.772358
0.0
0.0
4.0
878.5238
4.0
4.7813983
0.0
0.0
4.0
883.8962
4.0
4.7894444
0.0
0.0
4.0
889.2776
4.0
4.7966056
0.0
0.0
4.0
894.66705
4.0
4.802979
0.0
0.0
4.0
900.06366
4.0
4.808651
0.0
0.0
4.0
905.4666
4.0
0.0
0.0
0.0
4.0
907.0
4.0
0.53400004
0.0
0.0
4.0
907.6
4.0
0.0
0.0
0.0
4.0
907.0
4.0
0.53400004
0.0
0.0
4.0
907.6
4.0
0.0
0.0
0.0
4.0
907.0
4.0
0.53400004
0.0
0.0
4.0
907.6
4.0
0.0
0.0
0.0
4.0
907.0
4.0
0.53400004
0.0
0.0
4.0
907.6
4.0
0.0
0.0
0.0
4.0
907.0
4.0
0.53400004
0.0
0.0
4.0
907.6
4.0
1.00926
0.0
0.0
4.0
908.73395
4.0
1.4322414
0.0
0.0
4.0
910.3432
4.0
1.8086947
0.0
0.0
4.0
912.3754
4.0
2.1437383
0.0
0.0
4.0
914.7841
4.0
2.441927
0.0
0.0
4.0
917.52783
4.0
2.707315
0.0
0.0
4.0
920.56976
4.0
2.9435103
0.0
0.0
4.0
923.8771
4.0
3.1537242
0.0
0.0
4.0
927.4206
4.0
3.3408144
0.0
0.0
4.0
931.1743
4.0
3.507325
0.0
0.0
4.0
935.1151
4.0
3.6555192
0.0
0.0
4.0
939.2224
4.0
3.7874122
0.0
0.0
4.0
943.4779
4.0
3.9047966
0.0
0.0
4.0
947.8653
4.0
4.0092688
0.0
0.0
4.0
952.3701
4.0
4.102249
0.0
0.0
4.0
956.9794
4.0
4.1850014
0.0
0.0
4.0
961.68164
4.0
4.2586513
0.0
0.0
4.0
966.4666
4.0
4.3241997
0.0
0.0
4.0
971.32526
4.0
4.3825374
0.0
0.0
4.0
976.24945
4.0
4.4344583
0.0
0.0
4.0
981.232
4.0
4.4806676
0.0
0.0
4.0
986.2665
4.0
4.521794
0.0
0.0
4.0
991.34717
4.0
4.5583963
0.0
0.0
4.0
996.46893
4.0
4.5909724
0.0
0.0
4.0
1001.6273
4.0
4.619965
0.0
0.0
4.0
1006.8183
4.0
4.6457686
0.0
0.0
4.0
1012.03827
4.0
4.668734
0.0
0.0
4.0
1017.28406
4.0
4.689173
0.0
0.0
4.0
1022.5528
4.0
4.707364
0.0
0.0
4.0
1027.8419
4.0
4.7235537
0.0
0.0
4.0
1033.1493
4.0
4.7379627
0.0
0.0
4.0
1038.4729
4.0
4.750787
0.0
0.0
4.0
1043.8109
4.0
4.7622
0.0
0.0
4.0
1049.1617
4.0
4.772358
0.0
0.0
4.0
1054.5239
4.0
4.7813983
0.0
0.0
4.0
1059.8962
4.0
4.7894444
0.0
0.0
4.0
1065.2776
4.0
4.7966056
0.0
0.0
4.0
1070.667
4.0
4.802979
0.0
0.0
4.0
1076.0636
4.0
4.808651
0.0
0.0
4.0
1081.4666
4.0
4.8136992
0.0
0.0
4.0
1086.8752
4.0
4.818192
0.0
0.0
4.0
1092.289
4.0
4.8221908
0.0
0.0
4.0
1097.7072
4.0
4.8257494
0.0
0.0
4.0
1103.1294
4.0
4.828917
0.0
0.0
4.0
1108.5552
4.0
4.831736
0.0
0.0
4.0
1113.9841
4.0
4.8342447
0.0
0.0
4.0
1119.4159
4.0
4.8364778
0.0
0.0
4.0
1124.8501
4.0
4.838465
0.0
0.0
4.0
1130.2866
4.0
4.840234
0.0
0.0
4.0
1135.7251
4.0
4.841808
0.0
0.0
4.0
1141.1653
4.0
4.843209
0.0
0.0
4.0
1146.607
4.0
4.8444557
0.0
0.0
4.0
1152.0503
4.0
4.3115654
0.0
0.0
4.0
1156.8948
4.0
3.8372931
0.0
0.0
4.0
1161.2063
4.0
3.415191
0.0
0.0
4.0
1165.0436
4.0
3.0395198
0.0
0.0
4.0
1168.4587
4.0
2.1711726
0.0
0.0
4.0
1170.8983
4.0
1.3983436
0.0
0.0
4.0
1172.4695
4.0
0.71052575
0.0
0.0
4.0
1173.2678
4.0
0.0
0.0
0.0
4.0
1173.2678
4.0
-0.53400004
0.0
0.0
4.0
1172.6678
4.0
-1.00926
0.0
0.0
4.0
1171.5338
4.0
-1.4322414
0.0
0.0
4.0
1169.9246
4.0
-1.8086947
0.0
0.0
4.0
1167.8923
4.0
-1.6097382
0.0
0.0
4.0
1166.0836
4.0
-1.432667
0.0
0.0
4.0
1164.4739
4.0
-1.2750736
0.0
0.0
4.0
1163.0413
4.0
-1.1348156
0.0
0.0
4.0
1161.7662
4.0
-1.0099858
0.0
0.0
4.0
1160.6315
4.0
-0.89888734
0.0
0.0
4.0
1159.6215
4.0
-0.8000097
0.0
0.0
4.0
1158.7225
4.0
-0.71200866
0.0
0.0
4.0
1157.9225
4.0
-0.6336877
0.0
0.0
4.0
1157.2104
4.0
-0.563982
0.0
0.0
4.0
1156.5768
4.0
0.0
0.0
0.0
4.0
1156.5768
4.0
0.53400004
0.0
0.0
4.0
1157.1768
4.0
1.00926
0.0
0.0
4.0
1158.3108
4.0
1.4322414
0.0
0.0
4.0
1159.92
4.0
1.8086947
0.0
0.0
4.0
1161.9523
4.0
2.1437383
0.0
0.0
4.0
1164.361
4.0
2.441927
0.0
0.0
4.0
1167.1047
4.0
2.707315
0.0
0.0
4.0
1170.1466
4.0
2.9435103
0.0
0.0
4.0
1173.454
4.0
3.1537242
0.0
0.0
4.0
1176.9974
4.0
3.3408144
0.0
0.0
4.0
1180.7512
4.0
3.507325
0.0
0.0
4.0
1184.692
4.0
3.121519
0.0
0.0
4.0
1188.1993
4.0
2.778152
0.0
0.0
4.0
1191.3208
4.0
2.4725552
0.0
0.0
4.0
1194.099
4.0
2.2005742
0.0
0.0
4.0
1196.5715
4.0
1.958511
0.0
0.0
4.0
1198.7721
5.0
1.2090747
0.0
0.0
4.0
1200.1306
5.0
0.54207647
0.0
0.0
4.0
1200.7397
5.0
0.0
0.0
0.0
4.0
1200.7397
5.0
-0.53400004
0.0
0.0
4.0
1200.1398
5.0
-1.00926
0.0
0.0
4.0
1199.0057
5.0
-1.4322414
0.0
0.0
4.0
1197.3965
5.0
-1.8086947
0.0
0.0
4.0
1195.3643
5.0
-2.1437383
0.0
0.0
4.0
1192.9556
5.0
-2.441927
0.0
0.0
4.0
1190.2118
5.0
-2.707315
0.0
0.0
4.0
1187.1699
5.0
-2.9435103
0.0
0.0
4.0
1183.8625
5.0
-3.1537242
0.0
0.0
4.0
1180.3191
5.0
-3.3408144
0.0
0.0
4.0
1176.5653
5.0
-2.9733248
0.0
0.0
4.0
1173.2245
5.0
-2.646259
0.0
0.0
4.0
1170.2512
5.0
-2.3551705
0.0
0.0
4.0
1167.605
5.0
-2.0961018
0.0
0.0
4.0
1165.2498
5.0
-1.8655305
0.0
0.0
4.0
1163.1537
5.0
-1.1263222
0.0
0.0
4.0
1161.8882
5.0
-0.46842667
0.0
0.0
4.0
1161.3618
5.0
0.0
0.0
0.0
4.0
1161.3618
5.0
0.53400004
0.0
0.0
4.0
1161.9618
5.0
1.00926
0.0
0.0
4.0
1163.0958
5.0
1.4322414
0.0
0.0
4.0
1164.7051
5.0
1.8086947
0.0
0.0
4.0
1166.7373
5.0
2.1437383
0.0
0.0
4.0
1169.146
5.0
2.441927
0.0
0.0
4.0
1171.8898
5.0
2.707315
0.0
0.0
4.0
1174.9316
5.0
2.9435103
0.0
0.0
4.0
1178.239
5.0
3.1537242
0.0
0.0
4.0
1181.7825
5.0
3.3408144
0.0
0.0
4.0
1185.5363
5.0
2.9733248
0.0
0.0
4.0
1188.8771
5.0
2.646259
0.0
0.0
4.0
1191.8503
5.0
2.3551705
0.0
0.0
4.0
1194.4966
5.0
2.0961018
0.0
0.0
4.0
1196.8518
5.0
1.8655305
0.0
0.0
4.0
1198.9479
5.0
1.6603221
0.0
0.0
4.0
1200.8134
6.0
1.4776866
0.0
0.0
4.0
1202.4736
6.0
1.3151411
0.0
0.0
4.0
1203.9513
6.0
1.1704756
0.0
0.0
4.0
1205.2665
6.0
1.0417233
0.0
0.0
4.0
1206.437
6.0
0.9271337
0.0
0.0
4.0
1207.4788
6.0
1.359149
0.0
0.0
4.0
1209.0059
6.0
1.7436426
0.0
0.0
4.0
1210.965
6.0
2.085842
0.0
0.0
4.0
1213.3086
6.0
2.3903995
0.0
0.0
4.0
1215.9944
6.0
2.6614554
0.0
0.0
4.0
1218.9847
6.0
2.9026954
0.0
0.0
4.0
1222.2462
6.0
3.117399
0.0
0.0
4.0
1225.7489
6.0
3.3084853
0.0
0.0
4.0
1229.4663
6.0
3.4785519
0.0
0.0
4.0
1233.3748
6.0
3.629911
0.0
0.0
4.0
1237.4532
6.0
3.7646205
0.0
0.0
4.0
1241.6831
6.0
3.8845124
0.0
0.0
4.0
1246.0477
6.0
3.991216
0.0
0.0
4.0
1250.5322
6.0
4.086182
0.0
0.0
4.0
1255.1234
6.0
4.170702
0.0
0.0
4.0
1259.8096
6.0
4.2459245
0.0
0.0
4.0
1264.5803
6.0
4.3128724
0.0
0.0
4.0
1269.4263
6.0
4.372456
0.0
0.0
4.0
1274.3391
6.0
4.4254856
0.0
0.0
4.0
1279.3115
6.0
4.472682
0.0
0.0
4.0
1284.337
6.0
4.5146866
0.0
0.0
4.0
1289.4097
6.0
4.552071
0.0
0.0
4.0
1294.5244
6.0
4.585343
0.0
0.0
4.0
1299.6765
6.0
4.614955
0.0
0.0
4.0
1304.8618
6.0
4.6413097
0.0
0.0
4.0
1310.0768
6.0
4.6647654
0.0
0.0
4.0
1315.3181
6.0
4.685641
0.0
0.0
4.0
1320.5829
6.0
4.7042203
0.0
0.0
4.0
1325.8685
6.0
4.720756
0.0
0.0
4.0
1331.1727
6.0
4.7354727
0.0
0.0
4.0
1336.4935
6.0
4.7485704
0.0
0.0
4.0
1341.829
6.0
4.7602277
0.0
0.0
4.0
1347.1775
6.0
4.7706027
0.0
0.0
4.0
1352.5377
6.0
4.779836
0.0
0.0
4.0
1357.9083
6.0
4.788054
0.0
0.0
4.0
1363.2882
6.0
4.7953677
0.0
0.0
4.0
1368.6763
6.0
4.801877
0.0
0.0
4.0
1374.0717
6.0
4.8076706
0.0
0.0
4.0
1379.4735
6.0
4.8128266
0.0
0.0
4.0
1384.8812
6.0
4.8174157
0.0
0.0
4.0
1390.2941
6.0
4.8215
0.0
0.0
4.0
1395.7114
6.0
4.8251348
0.0
0.0
4.0
1401.1329
6.0
4.8283696
0.0
0.0
4.0
1406.5581
6.0
4.8312488
0.0
0.0
4.0
1411.9865
6.0
4.8338113
0.0
0.0
4.0
1417.4177
6.0
4.836092
0.0
0.0
4.0
1422.8516
6.0
4.838122
0.0
0.0
4.0
1428.2876
6.0
4.305928
0.0
0.0
4.0
1433.1257
6.0
3.832276
0.0
0.0
4.0
1437.4316
6.0
2.8767257
0.0
0.0
4.0
1440.664
6.0
2.026286
0.0
0.0
4.0
1442.9407
6.0
1.2693944
0.0
0.0
4.0
1444.367
6.0
0.595761
0.0
0.0
4.0
1445.0364
6.0
0.0
0.0
0.0
4.0
1445.0364
6.0
0.0
0.0
0.0
4.0
1445.0364
6.0
0.0
0.0
0.0
4.0
1445.0364
6.0
0.0
0.0
0.0
4.0
1445.0364
6.0
0.0
0.0
0.0
4.0
1445.0364
6.0
0.53400004
0.0
0.0
4.0
1445.6364
6.0
1.00926
0.0
0.0
4.0
1446.7704
6.0
1.4322414
0.0
0.0
4.0
1448.3796
6.0
1.8086947
0.0
0.0
4.0
1450.4119
6.0
2.1437383
0.0
0.0
4.0
1452.8206
6.0
2.441927
0.0
0.0
4.0
1455.5643
6.0
2.707315
0.0
0.0
4.0
1458.6062
6.0
2.9435103
0.0
0.0
4.0
1461.9136
6.0
2.085724
0.0
0.0
4.0
1464.2571
6.0
1.3222945
0.0
0.0
4.0
1465.7428
6.0
1.1768421
0.0
0.0
4.0
1467.0651
6.0
1.0473894
0.0
0.0
4.0
1468.242
6.0
1.4661765
0.0
0.0
4.0
1469.8893
7.0
1.838897
0.0
0.0
4.0
1471.9554
7.0
2.1706183
0.0
0.0
4.0
1474.3943
7.0
2.4658504
0.0
0.0
4.0
1477.1649
7.0
2.7286067
0.0
0.0
4.0
1480.2307
7.0
2.9624598
0.0
0.0
4.0
1483.5593
7.0
3.1705892
0.0
0.0
4.0
1487.1218
7.0
3.3558245
0.0
0.0
4.0
1490.8925
7.0
2.9866838
0.0
0.0
4.0
1494.2483
7.0
2.6581485
0.0
0.0
4.0
1497.235
8.0
2.8997524
0.0
0.0
4.0
1500.4932
8.0
2.5807796
0.0
0.0
4.0
1503.393
8.0
2.2968938
0.0
0.0
4.0
1505.9738
8.0
2.0442355
0.0
0.0
4.0
1508.2706
8.0
1.8193696
0.0
0.0
4.0
1510.3148
8.0
1.6192389
0.0
0.0
4.0
1512.1342
8.0
1.4411225
0.0
0.0
4.0
1513.7534
8.0
1.2825991
0.0
0.0
4.0
1515.1946
8.0
1.6755131
0.0
0.0
4.0
1517.0771
8.0
2.0252068
0.0
0.0
4.0
1519.3527
8.0
2.3364341
0.0
0.0
4.0
1521.9779
8.0
2.6134264
0.0
0.0
4.0
1524.9143
8.0
2.8599496
0.0
0.0
4.0
1528.1277
8.0
3.079355
0.0
0.0
4.0
1531.5876
8.0
3.274626
0.0
0.0
4.0
1535.267
8.0
3.4484172
0.0
0.0
4.0
1539.1416
8.0
3.6030912
0.0
0.0
4.0
1543.1901
8.0
3.740751
0.0
0.0
4.0
1547.3932
8.0
3.8632684
0.0
0.0
4.0
1551.7339
8.0
3.9723086
0.0
0.0
4.0
1556.1971
8.0
4.0693545
0.0
0.0
4.0
1560.7694
8.0
4.1557255
0.0
0.0
4.0
1565.4387
8.0
4.2325954
0.0
0.0
4.0
1570.1945
8.0
4.3010097
0.0
0.0
4.0
1575.0271
8.0
4.3618984
0.0
0.0
4.0
1579.9281
8.0
4.4160895
0.0
0.0
4.0
1584.89
8.0
4.4643197
0.0
0.0
4.0
1589.9061
8.0
4.5072446
0.0
0.0
4.0
1594.9705
8.0
4.5454473
0.0
0.0
4.0
1600.0778
8.0
4.5794477
0.0
0.0
4.0
1605.2233
8.0
4.6097083
0.0
0.0
4.0
1610.4027
8.0
4.63664
0.0
0.0
4.0
1615.6124
8.0
4.6606097
0.0
0.0
4.0
1620.8491
8.0
4.6819425
0.0
0.0
4.0
1626.1097
8.0
4.7009287
0.0
0.0
4.0
1631.3917
8.0
4.7178264
0.0
0.0
4.0
1636.6926
8.0
4.7328653
0.0
0.0
4.0
1642.0105
8.0
4.74625
0.0
0.0
4.0
1647.3434
8.0
4.2241626
0.0
0.0
4.0
1652.0896
8.0
3.7595046
0.0
0.0
4.0
1656.3137
8.0
2.8119588
0.0
0.0
4.0
1659.4733
8.0
1.9686434
0.0
0.0
4.0
1661.6852
8.0
1.2180926
0.0
0.0
4.0
1663.0538
8.0
0.55010235
0.0
0.0
4.0
1663.6719
9.0
0.0
0.0
0.0
4.0
1663.6719
9.0
-0.53400004
0.0
0.0
4.0
1663.0719
9.0
-0.47526002
0.0
0.0
4.0
1662.5378
9.0
0.0
0.0
0.0
4.0
1662.5378
9.0
0.0
0.0
0.0
4.0
1662.5378
9.0
0.0
0.0
0.0
4.0
1662.5378
9.0
0.0
0.0
0.0
4.0
1662.5378
9.0
0.0
0.0
0.0
4.0
1662.5378
9.0
0.0
0.0
0.0
4.0
1662.5378
9.0
0.0
0.0
0.0
4.0
1662.5378
9.0
0.0
0.0
0.0
4.0
1662.5378
9.0
0.0
0.0
0.0
4.0
1662.5378
9.0
0.0
0.0
0.0
4.0
1662.5378
9.0
0.0
0.0
0.0
4.0
1662.5378
9.0
0.53400004
0.0
0.0
4.0
1663.1378
9.0
1.00926
0.0
0.0
4.0
1664.2719
9.0
1.4322414
0.0
0.0
4.0
1665.8811
9.0
1.8086947
0.0
0.0
4.0
1667.9133
9.0
2.1437383
0.0
0.0
4.0
1670.322
9.0
2.441927
0.0
0.0
4.0
1673.0658
9.0
2.707315
0.0
0.0
4.0
1676.1077
9.0
2.9435103
0.0
0.0
4.0
1679.415
9.0
3.1537242
0.0
0.0
4.0
1682.9585
9.0
3.3408144
0.0
0.0
4.0
1686.7123
9.0
3.507325
0.0
0.0
4.0
1690.6531
9.0
3.6555192
0.0
0.0
4.0
1694.7604
9.0
3.7874122
0.0
0.0
4.0
1699.0159
9.0
3.9047966
0.0
0.0
4.0
1703.4033
9.0
4.0092688
0.0
0.0
4.0
1707.9081
9.0
4.102249
0.0
0.0
4.0
1712.5173
9.0
4.1850014
0.0
0.0
4.0
1717.2196
9.0
4.2586513
0.0
0.0
4.0
1722.0046
9.0
4.3241997
0.0
0.0
4.0
1726.8633
9.0
4.3825374
0.0
0.0
4.0
1731.7875
9.0
4.4344583
0.0
0.0
4.0
1736.77
9.0
4.4806676
0.0
0.0
4.0
1741.8044
9.0
4.521794
0.0
0.0
4.0
1746.8851
9.0
4.5583963
0.0
0.0
4.0
1752.007
9.0
4.5909724
0.0
0.0
4.0
1757.1654
9.0
4.619965
0.0
0.0
4.0
1762.3563
9.0
4.6457686
0.0
0.0
4.0
1767.5763
9.0
4.668734
0.0
0.0
4.0
1772.822
9.0
4.689173
0.0
0.0
4.0
1778.0907
9.0
4.707364
0.0
0.0
4.0
1783.3799
9.0
4.7235537
0.0
0.0
4.0
1788.6873
9.0
4.7379627
0.0
0.0
4.0
1794.0109
9.0
4.750787
0.0
0.0
4.0
1799.3489
9.0
4.7622
0.0
0.0
4.0
1804.6997
9.0
4.772358
0.0
0.0
4.0
1810.0619
9.0
4.7813983
0.0
0.0
4.0
1815.4342
9.0
4.7894444
0.0
0.0
4.0
1820.8156
9.0
4.7966056
0.0
0.0
4.0
1826.205
9.0
4.802979
0.0
0.0
4.0
1831.6016
9.0
4.808651
0.0
0.0
4.0
1837.0045
9.0
4.8136992
0.0
0.0
4.0
1842.4132
9.0
4.818192
0.0
0.0
4.0
1847.8269
9.0
4.8221908
0.0
0.0
4.0
1853.2451
9.0
4.8257494
0.0
0.0
4.0
1858.6674
9.0
4.828917
0.0
0.0
4.0
1864.0931
9.0
4.831736
0.0
0.0
4.0
1869.5221
9.0
4.8342447
0.0
0.0
4.0
1874.9539
9.0
4.8364778
0.0
0.0
4.0
1880.3881
9.0
4.838465
0.0
0.0
4.0
1885.8246
9.0
4.840234
0.0
0.0
4.0
1891.2631
9.0
4.307808
0.0
0.0
4.0
1896.1033
9.0
3.833949
0.0
0.0
4.0
1900.4111
9.0
2.8782148
0.0
0.0
4.0
1903.6451
9.0
2.0276113
0.0
0.0
4.0
1905.9233
9.0
1.270574
0.0
0.0
4.0
1907.351
9.0
0.5968108
0.0
0.0
4.0
1908.0215
9.0
0.5311616
0.0
0.0
4.0
1908.6183
9.0
0.47273383
0.0
0.0
4.0
1909.1494
9.0
0.0
0.0
0.0
4.0
1909.1494
9.0
0.53400004
0.0
0.0
4.0
1909.7494
9.0
1.00926
0.0
0.0
4.0
1910.8834
9.0
1.4322414
0.0
0.0
4.0
1912.4927
9.0
1.8086947
0.0
0.0
4.0
1914.5249
9.0
2.1437383
0.0
0.0
4.0
1916.9336
9.0
2.441927
0.0
0.0
4.0
1919.6774
9.0
2.173315
0.0
0.0
4.0
1922.1193
9.0
1.9342504
0.0
0.0
4.0
1924.2926
9.0
1.7214828
0.0
0.0
4.0
1926.2268
9.0
1.5321196
0.0
0.0
4.0
1927.9482
9.0
1.3635864
0.0
0.0
4.0
1929.4803
9.0
1.2135919
0.0
0.0
4.0
1930.844
9.0
1.0800968
0.0
0.0
4.0
1932.0576
10.0
0.9612862
0.0
0.0
4.0
1933.1377
10.0
1.3895447
0.0
0.0
4.0
1934.699
10.0
1.7706949
0.0
0.0
4.0
1936.6885
10.0
2.1099184
0.0
0.0
4.0
1939.0592
10.0
1.8778273
0.0
0.0
4.0
1941.1691
10.0
1.6712663
0.0
0.0
4.0
1943.0469
10.0
1.487427
0.0
0.0
4.0
1944.7181
10.0
1.32381
0.0
0.0
4.0
1946.2056
10.0
1.1781908
0.0
0.0
4.0
1947.5294
11.0
1.0485898
0.0
0.0
4.0
1948.7076
11.0
0.0
0.0
0.0
4.0
1948.7076
11.0
-0.53400004
0.0
0.0
4.0
1948.1077
11.0
-1.00926
0.0
0.0
4.0
1946.9736
11.0
-1.4322414
0.0
0.0
4.0
1945.3644
11.0
-1.8086947
0.0
0.0
4.0
1943.3322
11.0
-2.1437383
0.0
0.0
4.0
1940.9235
11.0
-2.441927
0.0
0.0
4.0
1938.1797
11.0
-2.173315
0.0
0.0
4.0
1935.7378
11.0
-1.9342504
0.0
0.0
4.0
1933.5645
11.0
-1.7214828
0.0
0.0
4.0
1931.6302
11.0
-1.5321196
0.0
0.0
4.0
1929.9088
11.0
-0.82958645
0.0
0.0
4.0
1928.9767
11.0
0.0
0.0
0.0
4.0
1928.9767
11.0
0.53400004
0.0
0.0
4.0
1929.5767
11.0
1.00926
0.0
0.0
4.0
1930.7107
11.0
1.4322414
0.0
0.0
4.0
1932.32
11.0
1.8086947
0.0
0.0
4.0
1934.3522
11.0
1.6097382
0.0
0.0
4.0
1936.1609
11.0
1.432667
0.0
0.0
4.0
1937.7706
11.0
1.2750736
0.0
0.0
4.0
1939.2032
11.0
1.1348156
0.0
0.0
4.0
1940.4783
11.0
1.0099858
0.0
0.0
4.0
1941.613
11.0
0.89888734
0.0
0.0
4.0
1942.623
11.0
0.8000097
0.0
0.0
4.0
1943.522
12.0
0.71200866
0.0
0.0
4.0
1944.322
12.0
0.0
0.0
0.0
4.0
1944.322
12.0
-0.53400004
0.0
0.0
4.0
1943.722
12.0
-1.00926
0.0
0.0
4.0
1942.588
12.0
-1.4322414
0.0
0.0
4.0
1940.9788
12.0
-1.8086947
0.0
0.0
4.0
1938.9465
12.0
-1.6097382
0.0
0.0
4.0
1937.1378
12.0
-1.432667
0.0
0.0
4.0
1935.5281
12.0
-1.2750736
0.0
0.0
4.0
1934.0955
12.0
-0.60081553
0.0
0.0
4.0
1933.4204
12.0
0.0
0.0
0.0
4.0
1933.4204
12.0
0.53400004
0.0
0.0
4.0
1934.0204
12.0
1.00926
0.0
0.0
4.0
1935.1544
12.0
1.4322414
0.0
0.0
4.0
1936.7637
12.0
1.8086947
0.0
0.0
4.0
1938.7959
12.0
2.1437383
0.0
0.0
4.0
1941.2046
12.0
2.441927
0.0
0.0
4.0
1943.9484
12.0
2.173315
0.0
0.0
4.0
1946.3903
12.0
1.9342504
0.0
0.0
4.0
1948.5636
12.0
1.7214828
0.0
0.0
4.0
1950.4978
12.0
1.5321196
0.0
0.0
4.0
1952.2192
12.0
1.3635864
0.0
0.0
4.0
1953.7513
12.0
1.2135919
0.0
0.0
4.0
1955.115
12.0
1.0800968
0.0
0.0
4.0
1956.3286
12.0
0.9612862
0.0
0.0
4.0
1957.4087
13.0
0.8555447
0.0
0.0
4.0
1958.37
13.0
0.76143473
0.0
0.0
4.0
1959.2256
13.0
1.2116768
0.0
0.0
4.0
1960.587
13.0
1.6123924
0.0
0.0
4.0
1962.3987
13.0
1.9690292
0.0
0.0
4.0
1964.6111
13.0
2.286436
0.0
0.0
4.0
1967.18
13.0
2.568928
0.0
0.0
4.0
1970.0665
13.0
2.820346
0.0
0.0
4.0
1973.2355
13.0
3.0441082
0.0
0.0
4.0
1976.6558
13.0
3.2432563
0.0
0.0
4.0
1980.2999
13.0
3.4204981
0.0
0.0
4.0
1984.1432
13.0
3.5782435
0.0
0.0
4.0
1988.1637
13.0
3.7186368
0.0
0.0
4.0
1992.3419
13.0
3.8435867
0.0
0.0
4.0
1996.6605
13.0
3.9547923
0.0
0.0
4.0
2001.1041
13.0
4.0537653
0.0
0.0
4.0
2005.6589
13.0
4.141851
0.0
0.0
4.0
2010.3127
13.0
4.2202473
0.0
0.0
4.0
2015.0546
13.0
4.29002
0.0
0.0
4.0
2019.8748
13.0
4.3521175
0.0
0.0
4.0
2024.7648
13.0
4.4073844
0.0
0.0
4.0
2029.7169
13.0
4.456572
0.0
0.0
4.0
2034.7242
13.0
4.500349
0.0
0.0
4.0
2039.7808
13.0
4.5393105
0.0
0.0
4.0
2044.8811
13.0
4.573986
0.0
0.0
4.0
2050.0205
13.0
4.6048474
0.0
0.0
4.0
2055.1946
13.0
4.632314
0.0
0.0
4.0
2060.3994
13.0
4.6567593
0.0
0.0
4.0
2065.6318
13.0
4.6785154
0.0
0.0
4.0
2070.8887
13.0
4.6978784
0.0
0.0
4.0
2076.1672
13.0
4.7151117
0.0
0.0
4.0
2081.465
13.0
4.730449
0.0
0.0
4.0
2086.7803
13.0
4.7440996
0.0
0.0
4.0
2092.1108
13.0
4.7562485
0.0
0.0
4.0
2097.4548
13.0
4.7670608
0.0
0.0
4.0
2102.811
13.0
4.776684
0.0
0.0
4.0
2108.178
13.0
4.7852483
0.0
0.0
4.0
2113.5547
13.0
4.792871
0.0
0.0
4.0
2118.94
13.0
4.799655
0.0
0.0
4.0
2124.3328
13.0
4.8056927
0.0
0.0
4.0
2129.7324
13.0
4.811066
0.0
0.0
4.0
2135.1382
13.0
4.815849
0.0
0.0
4.0
2140.5493
13.0
4.820105
0.0
0.0
4.0
2145.965
13.0
4.8238935
0.0
0.0
4.0
2151.3853
13.0
4.8272653
0.0
0.0
4.0
2156.809
13.0
4.830266
0.0
0.0
4.0
2162.2363
13.0
4.832937
0.0
0.0
4.0
2167.6665
13.0
4.8353133
0.0
0.0
4.0
2173.0994
13.0
4.8374286
0.0
0.0
4.0
2178.5347
13.0
4.305311
0.0
0.0
4.0
2183.372
13.0
3.831727
0.0
0.0
4.0
2187.6775
13.0
0.0
0.0
0.0
4.0
2187.0
13.0
0.0
0.0
0.0
4.0
2187.0
13.0
0.0
0.0
0.0
4.0
2187.0
13.0
0.0
0.0
0.0
4.0
2187.0
13.0
0.0
0.0
0.0
4.0
2187.0
13.0
0.0
0.0
0.0
4.0
2187.0
13.0
0.0
0.0
0.0
4.0
2187.0
13.0
0.53400004
0.0
0.0
4.0
2187.6
13.0
1.00926
0.0
0.0
4.0
2188.7341
13.0
0.89824146
0.0
0.0
4.0
2189.7434
13.0
0.7994349
0.0
0.0
4.0
2190.6416
13.0
0.71149707
0.0
0.0
4.0
2191.441
13.0
0.63323236
0.0
0.0
4.0
2192.1523
13.0
0.56357676
0.0
0.0
4.0
2192.7856
13.0
1.0355834
0.0
0.0
4.0
2193.9492
13.0
1.4556692
0.0
0.0
4.0
2195.5847
13.0
1.8295456
0.0
0.0
4.0
2197.6404
13.0
2.1622956
0.0
0.0
4.0
2200.0698
13.0
2.4584432
0.0
0.0
4.0
2202.832
13.0
2.7220142
0.0
0.0
4.0
2205.8904
13.0
2.9565928
0.0
0.0
4.0
2209.2124
13.0
3.1653676
0.0
0.0
4.0
2212.769
13.0
3.351177
0.0
0.0
4.0
2216.5344
13.0
3.5165477
0.0
0.0
4.0
2220.4856
13.0
3.6637273
0.0
0.0
4.0
2224.602
13.0
3.794717
0.0
0.0
4.0
2228.8657
13.0
3.9112983
0.0
0.0
4.0
2233.2605
13.0
4.015055
0.0
0.0
4.0
2237.7717
13.0
4.107399
0.0
0.0
4.0
2242.3867
13.0
4.1895847
0.0
0.0
4.0
2247.0942
13.0
4.26273
0.0
0.0
4.0
2251.8838
13.0
4.32783
0.0
0.0
4.0
2256.7466
13.0
4.3857684
0.0
0.0
4.0
2261.6743
13.0
4.4373336
0.0
0.0
4.0
2266.6602
13.0
4.483227
0.0
0.0
4.0
2271.6975
13.0
4.5240717
0.0
0.0
4.0
2276.7808
13.0
4.560424
0.0
0.0
4.0
2281.9048
13.0
4.5927773
0.0
0.0
4.0
2287.0652
13.0
4.6215715
0.0
0.0
4.0
2292.258
13.0
4.6471987
0.0
0.0
4.0
2297.4797
13.0
4.6700068
0.0
0.0
4.0
2302.727
13.0
4.6903057
0.0
0.0
4.0
2307.997
13.0
4.708372
0.0
0.0
4.0
2313.2874
13.0
4.724451
0.0
0.0
4.0
2318.5957
13.0
4.7387614
0.0
0.0
4.0
2323.9202
13.0
4.7514973
0.0
0.0
4.0
2329.259
13.0
4.7628326
0.0
0.0
4.0
2334.6106
13.0
4.772921
0.0
0.0
4.0
2339.9734
13.0
4.7818995
0.0
0.0
4.0
2345.3462
13.0
4.7898903
0.0
0.0
4.0
2350.728
13.0
4.7970023
0.0
0.0
4.0
2356.118
13.0
4.803332
0.0
0.0
4.0
2361.515
13.0
4.808965
0.0
0.0
4.0
2366.9182
13.0
4.8139787
0.0
0.0
4.0
2372.3271
13.0
4.818441
0.0
0.0
4.0
2377.7412
13.0
4.822412
0.0
0.0
4.0
2383.1597
13.0
4.8259463
0.0
0.0
4.0
2388.582
13.0
4.829092
0.0
0.0
4.0
2394.008
13.0
4.8318915
0.0
0.0
4.0
2399.4373
13.0
4.8343835
0.0
0.0
4.0
2404.8691
13.0
4.3026013
0.0
0.0
4.0
2409.7036
13.0
0.0
0.0
0.0
4.0
2411.0
13.0
0.0
0.0
0.0
4.0
2411.0
13.0
0.0
0.0
0.0
4.0
2411.0
13.0
0.0
0.0
0.0
4.0
2411.0
13.0
0.0
0.0
0.0
4.0
2411.0
13.0
0.0
0.0
0.0
4.0
2411.0
13.0
0.0
0.0
0.0
4.0
2411.0
13.0
0.53400004
0.0
0.0
4.0
2411.6
13.0
1.00926
0.0
0.0
4.0
2412.7341
13.0
1.4322414
0.0
0.0
4.0
2414.3435
13.0
1.2746949
0.0
0.0
4.0
2415.7756
13.0
1.1344784
0.0
0.0
4.0
2417.0503
13.0
1.0096858
0.0
0.0
4.0
2418.1848
13.0
0.8986203
0.0
0.0
4.0
2419.1946
13.0
1.3337721
0.0
0.0
4.0
2420.693
13.0
1.7210572
0.0
0.0
4.0
2422.627
13.0
2.065741
0.0
0.0
4.0
2424.948
13.0
2.3725095
0.0
0.0
4.0
2427.6138
13.0
2.6455333
0.0
0.0
4.0
2430.5862
13.0
2.8885248
0.0
0.0
4.0
2433.8318
13.0
3.104787
0.0
0.0
4.0
2437.3203
13.0
3.2972605
0.0
0.0
4.0
2441.0251
13.0
3.468562
0.0
0.0
4.0
2444.9224
13.0
3.62102
0.0
0.0
4.0
2448.991
13.0
3.756708
0.0
0.0
4.0
2453.212
13.0
3.87747
0.0
0.0
4.0
2457.5686
13.0
3.9849482
0.0
0.0
4.0
2462.0461
13.0
4.0806036
0.0
0.0
4.0
2466.631
13.0
4.165737
0.0
0.0
4.0
2471.3118
13.0
4.241506
0.0
0.0
4.0
2476.0774
13.0
4.3089404
0.0
0.0
4.0
2480.919
13.0
4.368957
0.0
0.0
4.0
2485.828
13.0
4.4223714
0.0
0.0
4.0
2490.7969
13.0
4.46991
0.0
0.0
4.0
2495.8193
13.0
4.51222
0.0
0.0
4.0
2500.8892
13.0
4.5498757
0.0
0.0
4.0
2506.0015
13.0
4.5833893
0.0
0.0
4.0
2511.1514
13.0
4.6132164
0.0
0.0
4.0
2516.3347
13.0
4.6397624
0.0
0.0
4.0
2521.5479
13.0
4.6633883
0.0
0.0
4.0
2526.7876
13.0
4.6844153
0.0
0.0
4.0
2532.051
13.0
4.7031293
0.0
0.0
4.0
2537.3354
13.0
4.7197847
0.0
0.0
4.0
2542.6387
13.0
4.734608
0.0
0.0
4.0
2547.9585
13.0
4.7478013
0.0
0.0
4.0
2553.2932
13.0
4.759543
0.0
0.0
4.0
2558.641
13.0
4.769993
0.0
0.0
4.0
2564.0007
13.0
4.7792935
0.0
0.0
4.0
2569.3706
13.0
4.787571
0.0
0.0
4.0
2574.75
13.0
4.794938
0.0
0.0
4.0
2580.1375
13.0
4.8014946
0.0
0.0
4.0
2585.5325
13.0
4.80733
0.0
0.0
4.0
2590.934
13.0
4.812524
0.0
0.0
4.0
2596.3413
13.0
4.817146
0.0
0.0
4.0
2601.754
13.0
4.8212595
0.0
0.0
4.0
2607.1711
13.0
4.8249207
0.0
0.0
4.0
2612.5923
13.0
4.8281794
0.0
0.0
4.0
2618.017
13.0
4.8310795
0.0
0.0
4.0
2623.4453
13.0
4.8336606
0.0
0.0
4.0
2628.8765
13.0
4.835958
0.0
0.0
4.0
2634.31
13.0
4.8380027
0.0
0.0
4.0
2639.746
13.0
4.8398223
0.0
0.0
4.0
2645.184
13.0
4.8414416
0.0
0.0
4.0
2650.624
13.0
4.842883
0.0
0.0
4.0
2656.0654
13.0
4.844166
0.0
0.0
4.0
2661.5083
13.0
4.8453074
0.0
0.0
4.0
2666.9524
13.0
4.8463235
0.0
0.0
4.0
2672.3977
13.0
4.8472276
0.0
0.0
4.0
2677.844
13.0
4.8480325
0.0
0.0
4.0
2683.2913
13.0
4.8487487
0.0
0.0
4.0
2688.7393
13.0
4.849386
0.0
0.0
4.0
2694.188
13.0
4.8499537
0.0
0.0
4.0
2699.6375
13.0
4.8504586
0.0
0.0
4.0
2705.0874
13.0
4.850908
0.0
0.0
4.0
2710.5378
13.0
3.783308
0.0
0.0
4.0
2714.7888
13.0
2.8331442
0.0
0.0
4.0
2717.9722
13.0
1.9874984
0.0
0.0
4.0
2720.2053
13.0
1.2348735
0.0
0.0
4.0
2721.5928
13.0
0.5650374
0.0
0.0
4.0
2722.2275
13.0
0.0
0.0
0.0
4.0
2722.2275
13.0
-0.53400004
0.0
0.0
4.0
2721.6274
13.0
-1.00926
0.0
0.0
4.0
2720.4934
13.0
-1.4322414
0.0
0.0
4.0
2718.884
13.0
-1.8086947
0.0
0.0
4.0
2716.8518
13.0
-2.1437383
0.0
0.0
4.0
2714.443
13.0
-2.441927
0.0
0.0
4.0
2711.6995
13.0
-2.173315
0.0
0.0
4.0
2709.2576
13.0
-1.9342504
0.0
0.0
4.0
2707.0842
13.0
-1.7214828
0.0
0.0
4.0
2705.15
13.0
-1.5321196
0.0
0.0
4.0
2703.4285
13.0
-0.82958645
0.0
0.0
4.0
2702.4963
13.0
0.0
0.0
0.0
4.0
2702.4963
13.0
0.53400004
0.0
0.0
4.0
2703.0964
13.0
1.00926
0.0
0.0
4.0
2704.2305
13.0
1.4322414
0.0
0.0
4.0
2705.8398
13.0
1.8086947
0.0
0.0
4.0
2707.872
13.0
2.1437383
0.0
0.0
4.0
2710.2808
13.0
2.441927
0.0
0.0
4.0
2713.0244
13.0
2.707315
0.0
0.0
4.0
2716.0664
13.0
2.9435103
0.0
0.0
4.0
2719.3738
13.0
3.1537242
0.0
0.0
4.0
2722.9172
14.0
3.3408144
0.0
0.0
4.0
2726.671
14.0
3.507325
0.0
0.0
4.0
2730.6118
14.0
3.6555192
0.0
0.0
4.0
2734.7192
14.0
3.7874122
0.0
0.0
4.0
2738.9749
14.0
3.9047966
0.0
0.0
4.0
2743.3623
14.0
4.0092688
0.0
0.0
4.0
2747.8672
14.0
4.102249
0.0
0.0
4.0
2752.4766
14.0
4.1850014
0.0
0.0
4.0
2757.1787
14.0
4.2586513
0.0
0.0
4.0
2761.9636
14.0
4.3241997
0.0
0.0
4.0
2766.8223
14.0
4.3825374
0.0
0.0
4.0
2771.7466
14.0
4.4344583
0.0
0.0
4.0
2776.729
14.0
4.4806676
0.0
0.0
4.0
2781.7634
14.0
3.9877942
0.0
0.0
4.0
2786.2441
14.0
3.5491366
0.0
0.0
4.0
2790.232
14.0
3.1587315
0.0
0.0
4.0
2793.781
14.0
2.277271
0.0
0.0
4.0
2796.3398
14.0
2.026771
0.0
0.0
4.0
2798.6172
14.0
1.8038262
0.0
0.0
4.0
2800.644
14.0
1.6054053
0.0
0.0
4.0
2802.4478
14.0
1.4288107
0.0
0.0
4.0
2804.0532
14.0
1.8056415
0.0
0.0
4.0
2806.082
14.0
2.141021
0.0
0.0
4.0
2808.4878
14.0
2.4395087
0.0
0.0
4.0
2811.2288
14.0
2.7051628
0.0
0.0
4.0
2814.2683
14.0
2.9415948
0.0
0.0
4.0
2817.5735
14.0
3.1520195
0.0
0.0
4.0
2821.115
14.0
3.3392973
0.0
0.0
4.0
2824.867
14.0
3.5059745
0.0
0.0
4.0
2828.8062
14.0
3.6543174
0.0
0.0
4.0
2832.912
14.0
3.7863424
0.0
0.0
4.0
2837.1665
14.0
3.9038448
0.0
0.0
4.0
2841.5527
14.0
4.008422
0.0
0.0
4.0
2846.0566
14.0
4.1014953
0.0
0.0
4.0
2850.665
14.0
4.1843305
0.0
0.0
4.0
2855.3665
14.0
4.258054
0.0
0.0
4.0
2860.151
14.0
4.3236675
0.0
0.0
4.0
2865.009
14.0
4.382064
0.0
0.0
4.0
2869.9326
14.0
4.4340367
0.0
0.0
4.0
2874.9148
14.0
4.4802923
0.0
0.0
4.0
2879.9487
14.0
4.52146
0.0
0.0
4.0
2885.029
14.0
4.5580993
0.0
0.0
4.0
2890.1504
14.0
4.5907083
0.0
0.0
4.0
2895.3086
14.0
4.61973
0.0
0.0
4.0
2900.4993
14.0
4.6455593
0.0
0.0
4.0
2905.719
14.0
0.0
0.0
0.0
4.0
2907.0
14.0
0.53400004
0.0
0.0
4.0
2907.6
14.0
0.0
0.0
0.0
4.0
2907.0
14.0
0.53400004
0.0
0.0
4.0
2907.6
14.0
0.0
0.0
0.0
4.0
2907.0
14.0
0.53400004
0.0
0.0
4.0
2907.6
14.0
0.0
0.0
0.0
4.0
2907.0
14.0
0.53400004
0.0
0.0
4.0
2907.6
14.0
0.0
0.0
0.0
4.0
2907.0
14.0
0.53400004
0.0
0.0
4.0
2907.6
14.0
1.00926
0.0
0.0
4.0
2908.7341
14.0
1.4322414
0.0
0.0
4.0
2910.3435
14.0
1.8086947
0.0
0.0
4.0
2912.3757
14.0
2.1437383
0.0
0.0
4.0
2914.7844
14.0
2.441927
0.0
0.0
4.0
2917.528
14.0
2.707315
0.0
0.0
4.0
2920.57
14.0
2.9435103
0.0
0.0
4.0
2923.8774
14.0
3.1537242
0.0
0.0
4.0
2927.421
14.0
3.3408144
0.0
0.0
4.0
2931.1746
14.0
3.507325
0.0
0.0
4.0
2935.1155
14.0
3.6555192
0.0
0.0
4.0
2939.223
14.0
0.0
0.0
0.0
4.0
2939.0
14.0
0.53400004
0.0
0.0
4.0
2939.6
14.0
0.0
0.0
0.0
4.0
2939.0
14.0
0.53400004
0.0
0.0
4.0
2939.6
14.0
1.00926
0.0
0.0
4.0
2940.7341
14.0
1.4322414
0.0
0.0
4.0
2942.3435
14.0
1.8086947
0.0
0.0
4.0
2944.3757
14.0
2.1437383
0.0
0.0
4.0
2946.7844
14.0
2.441927
0.0
0.0
4.0
2949.528
14.0
2.707315
0.0
0.0
4.0
2952.57
14.0
2.9435103
0.0
0.0
4.0
2955.8774
14.0
3.1537242
0.0
0.0
4.0
2959.421
14.0
3.3408144
0.0
0.0
4.0
2963.1746
14.0
3.507325
0.0
0.0
4.0
2967.1155
14.0
3.6555192
0.0
0.0
4.0
2971.223
14.0
0.0
0.0
0.0
4.0
2971.0
14.0
0.53400004
0.0
0.0
4.0
2971.6
14.0
0.0
0.0
0.0
4.0
2971.0
14.0
0.53400004
0.0
0.0
4.0
2971.6
14.0
1.00926
0.0
0.0
4.0
2972.7341
14.0
1.4322414
0.0
0.0
4.0
2974.3435
14.0
1.8086947
0.0
0.0
4.0
2976.3757
14.0
2.1437383
0.0
0.0
4.0
2978.7844
14.0
2.441927
0.0
0.0
4.0
2981.528
14.0
2.707315
0.0
0.0
4.0
2984.57
14.0
2.9435103
0.0
0.0
4.0
2987.8774
14.0
3.1537242
0.0
0.0
4.0
2991.421
14.0
3.3408144
0.0
0.0
4.0
2995.1746
14.0
3.507325
0.0
0.0
4.0
2999.1155
14.0
3.6555192
0.0
0.0
4.0
3003.223
14.0
0.0
0.0
0.0
4.0
3003.0
14.0
0.53400004
0.0
0.0
4.0
3003.6
14.0
0.0
0.0
0.0
4.0
3003.0
14.0
0.53400004
0.0
0.0
4.0
3003.6
14.0
0.0
0.0
0.0
4.0
3003.0
14.0
0.53400004
0.0
0.0
4.0
3003.6
14.0
1.00926
0.0
0.0
4.0
3004.7341
14.0
1.4322414
0.0
0.0
4.0
3006.3435
14.0
1.8086947
0.0
0.0
4.0
3008.3757
14.0
2.1437383
0.0
0.0
4.0
3010.7844
14.0
2.441927
0.0
0.0
4.0
3013.528
14.0
2.707315
0.0
0.0
4.0
3016.57
14.0
2.9435103
0.0
0.0
4.0
3019.8774
14.0
3.1537242
0.0
0.0
4.0
3023.421
14.0
3.3408144
0.0
0.0
4.0
3027.1746
14.0
3.507325
0.0
0.0
4.0
3031.1155
14.0
3.6555192
0.0
0.0
4.0
3035.223
14.0
3.7874122
0.0
0.0
4.0
3039.4785
14.0
3.9047966
0.0
0.0
4.0
3043.866
14.0
4.0092688
0.0
0.0
4.0
3048.3708
14.0
4.102249
0.0
0.0
4.0
3052.9802
14.0
4.1850014
0.0
0.0
4.0
3057.6824
14.0
4.2586513
0.0
0.0
4.0
3062.4673
14.0
4.3241997
0.0
0.0
4.0
3067.326
14.0
4.3825374
0.0
0.0
4.0
3072.2502
14.0
4.4344583
0.0
0.0
4.0
3077.2327
14.0
4.4806676
0.0
0.0
4.0
3082.267
14.0
4.521794
0.0
0.0
4.0
3087.3477
14.0
4.5583963
0.0
0.0
4.0
3092.4695
14.0
4.5909724
0.0
0.0
4.0
3097.628
14.0
4.619965
0.0
0.0
4.0
3102.8188
14.0
4.6457686
0.0
0.0
4.0
3108.0388
14.0
4.668734
0.0
0.0
4.0
3113.2847
14.0
4.689173
0.0
0.0
4.0
3118.5535
14.0
4.707364
0.0
0.0
4.0
3123.8425
14.0
4.7235537
0.0
0.0
4.0
3129.15
14.0
4.7379627
0.0
0.0
4.0
3134.4734
14.0
4.750787
0.0
0.0
4.0
3139.8113
14.0
4.7622
0.0
0.0
4.0
3145.162
14.0
4.772358
0.0
0.0
4.0
3150.5244
14.0
4.7813983
0.0
0.0
4.0
3155.8967
14.0
4.7894444
0.0
0.0
4.0
3161.278
14.0
4.7966056
0.0
0.0
4.0
3166.6675
14.0
0.0
0.0
0.0
4.0
3168.0
14.0
