931, 6
0.0
0.0
0.0
4.0
56.0
0.0
0.0
0.0
0.0
4.0
56.0
0.0
0.0
0.0
0.0
4.0
56.0
0.0
0.0
0.0
0.0
4.0
56.0
0.0
0.0
0.0
0.0
4.0
56.0
0.0
0.0
0.0
0.0
4.0
56.0
0.0
0.0
0.0
0.0
4.0
56.0
0.0
0.0
0.0
0.0
4.0
56.0
0.0
0.53400004
0.0
0.0
4.0
56.6
0.0
1.00926
0.0
0.0
4.0
57.733997
0.0
1.4322414
0.0
0.0
4.0
59.343258
0.0
1.8086947
0.0
0.0
4.0
61.3755
0.0
2.1437383
0.0
0.0
4.0
63.784195
0.0
2.441927
0.0
0.0
4.0
66.52793
0.0
2.707315
0.0
0.0
4.0
69.569855
0.0
2.9435103
0.0
0.0
4.0
72.87717
0.0
3.1537242
0.0
0.0
4.0
76.42068
0.0
3.3408144
0.0
0.0
4.0
80.1744
0.0
3.507325
0.0
0.0
4.0
84.11521
0.0
3.6555192
0.0
0.0
4.0
88.222534
0.0
3.7874122
0.0
0.0
4.0
92.47805
0.0
3.9047966
0.0
0.0
4.0
96.86546
0.0
4.0092688
0.0
0.0
4.0
101.37026
0.0
4.102249
0.0
0.0
4.0
105.97953
0.0
4.1850014
0.0
0.0
4.0
110.68178
0.0
4.2586513
0.0
0.0
4.0
115.46678
0.0
4.3241997
0.0
0.0
4.0
120.32543
0.0
4.3825374
0.0
0.0
4.0
125.24963
0.0
4.4344583
0.0
0.0
4.0
130.23218
0.0
4.4806676
0.0
0.0
4.0
135.26663
0.0
4.521794
0.0
0.0
4.0
140.3473
0.0
4.5583963
0.0
0.0
4.0
145.4691
0.0
4.5909724
0.0
0.0
4.0
150.6275
0.0
4.619965
0.0
0.0
4.0
155.81848
0.0
4.6457686
0.0
0.0
4.0
161.03845
0.0
4.668734
0.0
0.0
4.0
166.28423
0.0
4.689173
0.0
0.0
4.0
171.55296
0.0
4.707364
0.0
0.0
4.0
176.84213
0.0
4.7235537
0.0
0.0
4.0
182.14949
0.0
4.7379627
0.0
0.0
4.0
187.47304
0.0
4.750787
0.0
0.0
4.0
192.811
0.0
4.7622
0.0
0.0
4.0
198.16179
0.0
4.772358
0.0
0.0
4.0
203.52399
0.0
4.7813983
0.0
0.0
4.0
208.89635
0.0
4.7894444
0.0
0.0
4.0
214.27774
0.0
4.7966056
0.0
0.0
4.0
219.66719
0.0
4.802979
0.0
0.0
4.0
225.0638
0.0
4.808651
0.0
0.0
4.0
230.46678
0.0
4.8136992
0.0
0.0
4.0
235.87543
0.0
4.818192
0.0
0.0
4.0
241.28912
0.0
4.8221908
0.0
0.0
4.0
246.70732
0.0
4.8257494
0.0
0.0
4.0
252.12952
0.0
4.828917
0.0
0.0
4.0
257.55527
0.0
4.831736
0.0
0.0
4.0
262.9842
0.0
4.8342447
0.0
0.0
4.0
268.41592
0.0
4.8364778
0.0
0.0
4.0
273.85016
0.0
4.838465
0.0
0.0
4.0
279.28662
0.0
4.840234
0.0
0.0
4.0
284.7251
0.0
4.307808
0.0
0.0
4.0
289.56534
0.0
3.2999492
0.0
0.0
4.0
293.27313
0.0
2.4029548
0.0
0.0
4.0
295.97308
0.0
1.6046298
0.0
0.0
4.0
297.77603
0.0
0.89412045
0.0
0.0
4.0
298.78067
0.0
0.7957672
0.0
0.0
4.0
299.6748
0.0
0.70823276
0.0
0.0
4.0
300.47058
0.0
0.63032717
0.0
0.0
4.0
301.1788
0.0
0.56099117
0.0
0.0
4.0
301.80914
1.0
0.49928212
0.0
0.0
4.0
302.37015
1.0
0.0
0.0
0.0
4.0
302.37015
1.0
0.53400004
0.0
0.0
4.0
302.97015
1.0
1.00926
0.0
0.0
4.0
304.10416
1.0
1.4322414
0.0
0.0
4.0
305.7134
1.0
1.8086947
0.0
0.0
4.0
307.74564
1.0
2.1437383
0.0
0.0
4.0
310.15433
1.0
2.441927
0.0
0.0
4.0
312.89807
1.0
2.707315
0.0
0.0
4.0
315.94
1.0
2.9435103
0.0
0.0
4.0
319.2473
1.0
3.1537242
0.0
0.0
4.0
322.79083
1.0
3.3408144
0.0
0.0
4.0
326.54456
1.0
3.507325
0.0
0.0
4.0
330.48538
1.0
3.6555192
0.0
0.0
4.0
334.5927
1.0
3.7874122
0.0
0.0
4.0
338.84824
1.0
3.9047966
0.0
0.0
4.0
343.23566
1.0
4.0092688
0.0
0.0
4.0
347.74045
1.0
4.102249
0.0
0.0
4.0
352.34973
1.0
4.1850014
0.0
0.0
4.0
357.05197
1.0
4.2586513
0.0
0.0
4.0
361.83698
1.0
4.3241997
0.0
0.0
4.0
366.69562
1.0
4.3825374
0.0
0.0
4.0
371.6198
1.0
4.4344583
0.0
0.0
4.0
376.60236
1.0
4.4806676
0.0
0.0
4.0
381.6368
1.0
4.521794
0.0
0.0
4.0
386.71747
1.0
4.5583963
0.0
0.0
4.0
391.83926
1.0
4.5909724
0.0
0.0
4.0
396.99765
1.0
4.619965
0.0
0.0
4.0
402.18863
1.0
4.6457686
0.0
0.0
4.0
407.4086
1.0
4.668734
0.0
0.0
4.0
412.65436
1.0
4.689173
0.0
0.0
4.0
417.9231
1.0
4.707364
0.0
0.0
4.0
423.21228
1.0
4.7235537
0.0
0.0
4.0
428.51965
1.0
4.7379627
0.0
0.0
4.0
433.8432
1.0
4.750787
0.0
0.0
4.0
439.18115
1.0
4.7622
0.0
0.0
4.0
444.53195
1.0
4.772358
0.0
0.0
4.0
449.89417
1.0
4.7813983
0.0
0.0
4.0
455.2665
1.0
4.7894444
0.0
0.0
4.0
460.64792
1.0
4.7966056
0.0
0.0
4.0
466.03735
1.0
4.802979
0.0
0.0
4.0
471.43396
1.0
4.808651
0.0
0.0
4.0
476.83694
1.0
4.8136992
0.0
0.0
4.0
482.2456
1.0
4.818192
0.0
0.0
4.0
487.6593
1.0
4.8221908
0.0
0.0
4.0
493.07748
1.0
4.8257494
0.0
0.0
4.0
498.49966
1.0
4.828917
0.0
0.0
4.0
503.9254
1.0
4.831736
0.0
0.0
4.0
509.35434
1.0
4.8342447
0.0
0.0
4.0
514.7861
1.0
4.8364778
0.0
0.0
4.0
520.22034
1.0
4.838465
0.0
0.0
4.0
525.6568
1.0
4.840234
0.0
0.0
4.0
531.0953
1.0
4.841808
0.0
0.0
4.0
536.5355
1.0
4.843209
0.0
0.0
4.0
541.97736
1.0
4.8444557
0.0
0.0
4.0
547.4206
1.0
4.8455653
0.0
0.0
4.0
552.86505
1.0
4.846553
0.0
0.0
4.0
558.3106
1.0
4.8474317
0.0
0.0
4.0
563.75714
1.0
4.848214
0.0
0.0
4.0
569.2046
1.0
4.8489103
0.0
0.0
4.0
574.65283
1.0
4.84953
0.0
0.0
4.0
580.10175
1.0
4.850082
0.0
0.0
4.0
585.5513
1.0
4.8505726
0.0
0.0
4.0
591.00134
1.0
4.8510094
0.0
0.0
4.0
596.4519
1.0
4.851398
0.0
0.0
4.0
601.9029
1.0
4.851744
0.0
0.0
4.0
607.3543
1.0
4.852052
0.0
0.0
4.0
612.806
1.0
4.8523264
0.0
0.0
4.0
618.25806
1.0
4.8525705
0.0
0.0
4.0
623.7104
1.0
4.8527875
0.0
0.0
4.0
629.16296
1.0
4.8529806
0.0
0.0
4.0
634.6157
1.0
4.8531528
0.0
0.0
4.0
640.0687
1.0
4.853306
0.0
0.0
4.0
645.52185
1.0
4.853442
0.0
0.0
4.0
650.97516
1.0
4.8535633
0.0
0.0
4.0
656.4286
1.0
4.853671
0.0
0.0
4.0
661.88214
2.0
4.853767
0.0
0.0
4.0
667.3358
2.0
4.8538523
0.0
0.0
4.0
672.7896
2.0
4.8539286
0.0
0.0
4.0
678.24347
2.0
4.8539963
0.0
0.0
4.0
683.6974
2.0
4.8540564
0.0
0.0
4.0
689.15137
2.0
4.85411
0.0
0.0
4.0
694.6054
2.0
4.8541574
0.0
0.0
4.0
700.0595
2.0
4.8542
0.0
0.0
4.0
705.5137
2.0
4.8542376
0.0
0.0
4.0
710.9679
2.0
4.8542714
0.0
0.0
4.0
716.4221
2.0
4.8543015
0.0
0.0
4.0
721.8764
2.0
4.854328
0.0
0.0
4.0
727.3307
2.0
0.0
0.0
0.0
4.0
731.0
2.0
0.53400004
0.0
0.0
4.0
731.6
2.0
0.0
0.0
0.0
4.0
731.0
2.0
0.53400004
0.0
0.0
4.0
731.6
2.0
0.0
0.0
0.0
4.0
731.0
2.0
0.53400004
0.0
0.0
4.0
731.6
2.0
0.0
0.0
0.0
4.0
731.0
2.0
0.53400004
0.0
0.0
4.0
731.6
2.0
1.00926
0.0
0.0
4.0
732.73395
2.0
1.4322414
0.0
0.0
4.0
734.3432
2.0
1.8086947
0.0
0.0
4.0
736.3754
2.0
2.1437383
0.0
0.0
4.0
738.7841
2.0
2.441927
0.0
0.0
4.0
741.52783
2.0
2.707315
0.0
0.0
4.0
744.56976
2.0
2.9435103
0.0
0.0
4.0
747.8771
2.0
3.1537242
0.0
0.0
4.0
751.4206
2.0
3.3408144
0.0
0.0
4.0
755.1743
2.0
3.507325
0.0
0.0
4.0
759.1151
2.0
3.6555192
0.0
0.0
4.0
763.2224
2.0
3.7874122
0.0
0.0
4.0
767.4779
2.0
3.9047966
0.0
0.0
4.0
771.8653
2.0
4.0092688
0.0
0.0
4.0
776.3701
2.0
4.102249
0.0
0.0
4.0
780.9794
2.0
4.1850014
0.0
0.0
4.0
785.68164
2.0
4.2586513
0.0
0.0
4.0
790.4666
2.0
4.3241997
0.0
0.0
4.0
795.32526
2.0
4.3825374
0.0
0.0
4.0
800.24945
2.0
4.4344583
0.0
0.0
4.0
805.232
3.0
4.4806676
0.0
0.0
4.0
810.2665
3.0
4.521794
0.0
0.0
4.0
815.34717
3.0
4.5583963
0.0
0.0
4.0
820.46893
3.0
4.5909724
0.0
0.0
4.0
825.6273
3.0
4.619965
0.0
0.0
4.0
830.8183
3.0
4.6457686
0.0
0.0
4.0
836.03827
3.0
4.668734
0.0
0.0
4.0
841.28406
3.0
4.689173
0.0
0.0
4.0
846.5528
3.0
4.707364
0.0
0.0
4.0
851.842
4.0
4.7235537
0.0
0.0
4.0
857.14935
4.0
4.7379627
0.0
0.0
4.0
862.4729
4.0
4.750787
0.0
0.0
4.0
867.81085
4.0
4.7622
0.0
0.0
4.0
873.1616
4.0
4.772358
0.0
0.0
4.0
878.5238
4.0
4.7813983
0.0
0.0
4.0
883.8962
4.0
4.7894444
0.0
0.0
4.0
889.2776
4.0
4.7966056
0.0
0.0
4.0
894.66705
4.0
4.802979
0.0
0.0
4.0
900.06366
4.0
4.808651
0.0
0.0
4.0
905.4666
4.0
0.0
0.0
0.0
4.0
907.0
4.0
0.53400004
0.0
0.0
4.0
907.6
4.0
0.0
0.0
0.0
4.0
907.0
4.0
0.53400004
0.0
0.0
4.0
907.6
4.0
0.0
0.0
0.0
4.0
907.0
4.0
0.53400004
0.0
0.0
4.0
907.6
4.0
0.0
0.0
0.0
4.0
907.0
4.0
0.53400004
0.0
0.0
4.0
907.6
4.0
0.0
0.0
0.0
4.0
907.0
4.0
0.53400004
0.0
0.0
4.0
907.6
4.0
1.00926
0.0
0.0
4.0
908.73395
4.0
1.4322414
0.0
0.0
4.0
910.3432
4.0
1.8086947
0.0
0.0
4.0
912.3754
4.0
2.1437383
0.0
0.0
4.0
914.7841
4.0
2.441927
0.0
0.0
4.0
917.52783
4.0
2.707315
0.0
0.0
4.0
920.56976
4.0
2.9435103
0.0
0.0
4.0
923.8771
4.0
3.1537242
0.0
0.0
4.0
927.4206
4.0
3.3408144
0.0
0.0
4.0
931.1743
4.0
3.507325
0.0
0.0
4.0
935.1151
4.0
3.6555192
0.0
0.0
4.0
939.2224
4.0
3.7874122
0.0
0.0
4.0
943.4779
4.0
3.9047966
0.0
0.0
4.0
947.8653
4.0
4.0092688
0.0
0.0
4.0
952.3701
4.0
4.102249
0.0
0.0
4.0
956.9794
4.0
4.1850014
0.0
0.0
4.0
961.68164
4.0
4.2586513
0.0
0.0
4.0
966.4666
4.0
4.3241997
0.0
0.0
4.0
971.32526
4.0
4.3825374
0.0
0.0
4.0
976.24945
4.0
4.4344583
0.0
0.0
4.0
981.232
4.0
4.4806676
0.0
0.0
4.0
986.2665
4.0
4.521794
0.0
0.0
4.0
991.34717
4.0
4.5583963
0.0
0.0
4.0
996.46893
4.0
4.5909724
0.0
0.0
4.0
1001.6273
4.0
4.619965
0.0
0.0
4.0
1006.8183
4.0
4.6457686
0.0
0.0
4.0
1012.03827
4.0
4.668734
0.0
0.0
4.0
1017.28406
4.0
4.689173
0.0
0.0
4.0
1022.5528
4.0
4.707364
0.0
0.0
4.0
1027.8419
4.0
4.7235537
0.0
0.0
4.0
1033.1493
4.0
4.7379627
0.0
0.0
4.0
1038.4729
4.0
4.750787
0.0
0.0
4.0
1043.8109
4.0
4.7622
0.0
0.0
4.0
1049.1617
4.0
4.772358
0.0
0.0
4.0
1054.5239
4.0
4.7813983
0.0
0.0
4.0
1059.8962
4.0
4.7894444
0.0
0.0
4.0
1065.2776
4.0
4.7966056
0.0
0.0
4.0
1070.667
4.0
4.802979
0.0
0.0
4.0
1076.0636
4.0
4.808651
0.0
0.0
4.0
1081.4666
4.0
4.8136992
0.0
0.0
4.0
1086.8752
4.0
4.818192
0.0
0.0
4.0
1092.289
4.0
4.8221908
0.0
0.0
4.0
1097.7072
4.0
4.8257494
0.0
0.0
4.0
1103.1294
4.0
4.828917
0.0
0.0
4.0
1108.5552
4.0
4.831736
0.0
0.0
4.0
1113.9841
4.0
4.8342447
0.0
0.0
4.0
1119.4159
4.0
4.8364778
0.0
0.0
4.0
1124.8501
4.0
4.838465
0.0
0.0
4.0
1130.2866
4.0
4.840234
0.0
0.0
4.0
1135.7251
4.0
4.841808
0.0
0.0
4.0
1141.1653
4.0
4.843209
0.0
0.0
4.0
1146.607
4.0
4.8444557
0.0
0.0
4.0
1152.0503
4.0
4.8455653
0.0
0.0
4.0
1157.4948
4.0
4.846553
0.0
0.0
4.0
1162.9403
4.0
4.8474317
0.0
0.0
4.0
1168.3868
4.0
4.848214
0.0
0.0
4.0
1173.8342
4.0
3.7809107
0.0
0.0
4.0
1178.0824
4.0
2.8310103
0.0
0.0
4.0
1181.2633
4.0
1.9855993
0.0
0.0
4.0
1183.4943
4.0
1.2331833
0.0
0.0
4.0
1184.8799
4.0
0.56353307
0.0
0.0
4.0
1185.5131
4.0
0.0
0.0
0.0
4.0
1185.5131
4.0
-0.53400004
0.0
0.0
4.0
1184.9131
4.0
-1.00926
0.0
0.0
4.0
1183.779
4.0
-1.4322414
0.0
0.0
4.0
1182.1698
4.0
-1.2746949
0.0
0.0
4.0
1180.7375
4.0
-1.1344784
0.0
0.0
4.0
1179.4629
4.0
-1.0096858
0.0
0.0
4.0
1178.3284
4.0
-0.8986203
0.0
0.0
4.0
1177.3187
4.0
-0.7997721
0.0
0.0
4.0
1176.4202
4.0
-0.7117971
0.0
0.0
4.0
1175.6204
4.0
-0.63349944
0.0
0.0
4.0
1174.9086
4.0
-0.5638145
0.0
0.0
4.0
1174.275
4.0
-0.50179493
0.0
0.0
4.0
1173.7112
4.0
-0.4465975
0.0
0.0
4.0
1173.2094
4.0
0.0
0.0
0.0
4.0
1173.2094
4.0
0.53400004
0.0
0.0
4.0
1173.8093
4.0
1.00926
0.0
0.0
4.0
1174.9434
4.0
1.4322414
0.0
0.0
4.0
1176.5526
4.0
1.8086947
0.0
0.0
4.0
1178.5848
4.0
2.1437383
0.0
0.0
4.0
1180.9935
4.0
2.441927
0.0
0.0
4.0
1183.7373
4.0
2.707315
0.0
0.0
4.0
1186.7792
4.0
2.9435103
0.0
0.0
4.0
1190.0865
4.0
2.619724
0.0
0.0
4.0
1193.03
4.0
2.3315544
0.0
0.0
4.0
1195.6498
4.0
2.0750835
0.0
0.0
4.0
1197.9813
4.0
1.3128242
0.0
0.0
4.0
1199.4564
4.0
0.63441354
0.0
0.0
4.0
1200.1692
4.0
0.56462806
0.0
0.0
4.0
1200.8036
4.0
0.50251895
0.0
0.0
4.0
1201.3682
5.0
0.0
0.0
0.0
4.0
1201.3682
5.0
-0.53400004
0.0
0.0
4.0
1200.7682
5.0
-1.00926
0.0
0.0
4.0
1199.6342
5.0
-1.4322414
0.0
0.0
4.0
1198.0249
5.0
-1.8086947
0.0
0.0
4.0
1195.9927
5.0
-2.1437383
0.0
0.0
4.0
1193.584
5.0
-2.441927
0.0
0.0
4.0
1190.8402
5.0
-2.707315
0.0
0.0
4.0
1187.7983
5.0
-2.9435103
0.0
0.0
4.0
1184.491
5.0
-2.619724
0.0
0.0
4.0
1181.5475
5.0
-2.3315544
0.0
0.0
4.0
1178.9277
5.0
-2.0750835
0.0
0.0
4.0
1176.5962
5.0
-1.8468243
0.0
0.0
4.0
1174.5211
5.0
-1.6436735
0.0
0.0
4.0
1172.6743
5.0
-1.4628694
0.0
0.0
4.0
1171.0306
5.0
-1.3019538
0.0
0.0
4.0
1169.5677
5.0
-1.1587389
0.0
0.0
4.0
1168.2657
5.0
-1.0312775
0.0
0.0
4.0
1167.107
5.0
-0.91783696
0.0
0.0
4.0
1166.0758
5.0
0.0
0.0
0.0
4.0
1166.0758
5.0
0.53400004
0.0
0.0
4.0
1166.6758
5.0
1.00926
0.0
0.0
4.0
1167.8098
5.0
1.4322414
0.0
0.0
4.0
1169.4191
5.0
1.8086947
0.0
0.0
4.0
1171.4513
5.0
2.1437383
0.0
0.0
4.0
1173.86
5.0
2.441927
0.0
0.0
4.0
1176.6038
5.0
2.707315
0.0
0.0
4.0
1179.6456
5.0
2.9435103
0.0
0.0
4.0
1182.953
5.0
3.1537242
0.0
0.0
4.0
1186.4965
5.0
2.8068144
0.0
0.0
4.0
1189.6501
5.0
2.4980648
0.0
0.0
4.0
1192.4569
5.0
2.2232776
0.0
0.0
4.0
1194.955
5.0
1.444717
0.0
0.0
4.0
1196.5782
5.0
0.75179815
0.0
0.0
4.0
1197.423
5.0
0.0
0.0
0.0
4.0
1197.423
5.0
-0.53400004
0.0
0.0
4.0
1196.823
5.0
-1.00926
0.0
0.0
4.0
1195.689
6.0
-1.4322414
0.0
0.0
4.0
1194.0797
6.0
-1.2746949
0.0
0.0
4.0
1192.6475
6.0
-0.6004785
0.0
0.0
4.0
1191.9728
6.0
0.0
0.0
0.0
4.0
1191.9728
6.0
0.53400004
0.0
0.0
4.0
1192.5728
6.0
1.00926
0.0
0.0
4.0
1193.7068
6.0
1.4322414
0.0
0.0
4.0
1195.316
6.0
1.8086947
0.0
0.0
4.0
1197.3483
6.0
2.1437383
0.0
0.0
4.0
1199.757
6.0
2.441927
0.0
0.0
4.0
1202.5007
6.0
2.707315
0.0
0.0
4.0
1205.5426
6.0
2.9435103
0.0
0.0
4.0
1208.85
6.0
3.1537242
0.0
0.0
4.0
1212.3934
6.0
3.3408144
0.0
0.0
4.0
1216.1472
6.0
3.507325
0.0
0.0
4.0
1220.088
6.0
3.6555192
0.0
0.0
4.0
1224.1953
6.0
3.7874122
0.0
0.0
4.0
1228.4508
6.0
3.9047966
0.0
0.0
4.0
1232.8383
6.0
4.0092688
0.0
0.0
4.0
1237.343
6.0
4.102249
0.0
0.0
4.0
1241.9523
6.0
4.1850014
0.0
0.0
4.0
1246.6545
6.0
4.2586513
0.0
0.0
4.0
1251.4396
6.0
4.3241997
0.0
0.0
4.0
1256.2982
6.0
4.3825374
0.0
0.0
4.0
1261.2224
6.0
4.4344583
0.0
0.0
4.0
1266.205
6.0
4.4806676
0.0
0.0
4.0
1271.2394
6.0
4.521794
0.0
0.0
4.0
1276.3201
6.0
4.5583963
0.0
0.0
4.0
1281.4419
6.0
4.5909724
0.0
0.0
4.0
1286.6003
6.0
4.619965
0.0
0.0
4.0
1291.7913
6.0
4.6457686
0.0
0.0
4.0
1297.0112
6.0
4.668734
0.0
0.0
4.0
1302.257
6.0
4.689173
0.0
0.0
4.0
1307.5256
6.0
4.707364
0.0
0.0
4.0
1312.8148
6.0
4.7235537
0.0
0.0
4.0
1318.1222
6.0
4.7379627
0.0
0.0
4.0
1323.4458
6.0
4.750787
0.0
0.0
4.0
1328.7838
6.0
4.7622
0.0
0.0
4.0
1334.1346
6.0
4.772358
0.0
0.0
4.0
1339.4968
6.0
4.7813983
0.0
0.0
4.0
1344.8691
6.0
4.7894444
0.0
0.0
4.0
1350.2505
6.0
4.7966056
0.0
0.0
4.0
1355.6399
6.0
4.802979
0.0
0.0
4.0
1361.0365
6.0
4.808651
0.0
0.0
4.0
1366.4395
6.0
4.8136992
0.0
0.0
4.0
1371.8481
6.0
4.818192
0.0
0.0
4.0
1377.2618
6.0
4.8221908
0.0
0.0
4.0
1382.68
6.0
4.8257494
0.0
0.0
4.0
1388.1023
6.0
4.828917
0.0
0.0
4.0
1393.5281
6.0
4.831736
0.0
0.0
4.0
1398.957
6.0
4.8342447
0.0
0.0
4.0
1404.3888
6.0
4.8364778
0.0
0.0
4.0
1409.823
6.0
4.838465
0.0
0.0
4.0
1415.2595
6.0
4.840234
0.0
0.0
4.0
1420.698
6.0
4.841808
0.0
0.0
4.0
1426.1382
6.0
4.843209
0.0
0.0
4.0
1431.58
6.0
4.8444557
0.0
0.0
4.0
1437.0232
6.0
4.3115654
0.0
0.0
4.0
1441.8677
6.0
3.3032932
0.0
0.0
4.0
1445.5792
6.0
2.405931
0.0
0.0
4.0
1448.2825
6.0
2.1412785
0.0
0.0
4.0
1450.6884
6.0
1.9057379
0.0
0.0
4.0
1452.8296
6.0
1.6961067
0.0
0.0
4.0
1454.7354
6.0
2.043535
0.0
0.0
4.0
1457.0315
6.0
2.3527462
0.0
0.0
4.0
1459.675
6.0
2.6279442
0.0
0.0
4.0
1462.6278
6.0
2.8728704
0.0
0.0
4.0
1465.8557
6.0
2.5568547
0.0
0.0
4.0
1468.7286
6.0
2.2756007
0.0
0.0
4.0
1471.2855
6.0
2.0252845
0.0
0.0
4.0
1473.5612
6.0
1.8025032
0.0
0.0
4.0
1475.5864
6.0
1.0702279
0.0
0.0
4.0
1476.789
6.0
0.0
0.0
0.0
4.0
1476.789
6.0
0.0
0.0
0.0
4.0
1476.789
6.0
0.0
0.0
0.0
4.0
1476.789
7.0
0.0
0.0
0.0
4.0
1476.789
7.0
-0.53400004
0.0
0.0
4.0
1476.189
7.0
-1.00926
0.0
0.0
4.0
1475.0549
7.0
-1.4322414
0.0
0.0
4.0
1473.4457
7.0
-1.8086947
0.0
0.0
4.0
1471.4135
7.0
-2.1437383
0.0
0.0
4.0
1469.0048
7.0
-1.907927
0.0
0.0
4.0
1466.861
7.0
-1.698055
0.0
0.0
4.0
1464.953
7.0
-1.511269
0.0
0.0
4.0
1463.255
7.0
-1.3450294
0.0
0.0
4.0
1461.7438
7.0
-0.6630761
0.0
0.0
4.0
1460.9988
7.0
0.0
0.0
0.0
4.0
1460.9988
7.0
0.53400004
0.0
0.0
4.0
1461.5988
7.0
1.00926
0.0
0.0
4.0
1462.7328
7.0
1.4322414
0.0
0.0
4.0
1464.342
7.0
1.8086947
0.0
0.0
4.0
1466.3743
7.0
2.1437383
0.0
0.0
4.0
1468.783
7.0
1.907927
0.0
0.0
4.0
1470.9268
7.0
1.698055
0.0
0.0
4.0
1472.8347
7.0
1.511269
0.0
0.0
4.0
1474.5327
7.0
1.3450294
0.0
0.0
4.0
1476.044
7.0
0.6630761
0.0
0.0
4.0
1476.789
7.0
0.0
0.0
0.0
4.0
1476.789
7.0
-0.53400004
0.0
0.0
4.0
1476.189
8.0
-1.00926
0.0
0.0
4.0
1475.0549
8.0
-0.89824146
0.0
0.0
4.0
1474.0457
8.0
0.0
0.0
0.0
4.0
1474.0457
8.0
0.53400004
0.0
0.0
4.0
1474.6456
8.0
1.00926
0.0
0.0
4.0
1475.7797
8.0
1.4322414
0.0
0.0
4.0
1477.3889
8.0
1.8086947
0.0
0.0
4.0
1479.4211
8.0
2.1437383
0.0
0.0
4.0
1481.8298
8.0
2.441927
0.0
0.0
4.0
1484.5736
8.0
2.707315
0.0
0.0
4.0
1487.6155
8.0
2.9435103
0.0
0.0
4.0
1490.9229
8.0
3.1537242
0.0
0.0
4.0
1494.4663
8.0
3.3408144
0.0
0.0
4.0
1498.2201
8.0
3.507325
0.0
0.0
4.0
1502.1609
8.0
3.6555192
0.0
0.0
4.0
1506.2682
8.0
3.7874122
0.0
0.0
4.0
1510.5237
8.0
3.9047966
0.0
0.0
4.0
1514.9111
8.0
4.0092688
0.0
0.0
4.0
1519.4159
8.0
4.102249
0.0
0.0
4.0
1524.0251
8.0
4.1850014
0.0
0.0
4.0
1528.7274
8.0
4.2586513
0.0
0.0
4.0
1533.5125
8.0
4.3241997
0.0
0.0
4.0
1538.3711
8.0
4.3825374
0.0
0.0
4.0
1543.2953
8.0
4.4344583
0.0
0.0
4.0
1548.2778
8.0
4.4806676
0.0
0.0
4.0
1553.3123
8.0
4.521794
0.0
0.0
4.0
1558.393
8.0
4.5583963
0.0
0.0
4.0
1563.5148
8.0
4.5909724
0.0
0.0
4.0
1568.6732
8.0
4.619965
0.0
0.0
4.0
1573.8641
8.0
4.6457686
0.0
0.0
4.0
1579.0841
8.0
4.668734
0.0
0.0
4.0
1584.3298
8.0
4.689173
0.0
0.0
4.0
1589.5985
8.0
4.707364
0.0
0.0
4.0
1594.8877
8.0
4.7235537
0.0
0.0
4.0
1600.1951
8.0
4.7379627
0.0
0.0
4.0
1605.5187
8.0
4.750787
0.0
0.0
4.0
1610.8567
8.0
4.7622
0.0
0.0
4.0
1616.2075
8.0
4.772358
0.0
0.0
4.0
1621.5697
8.0
4.7813983
0.0
0.0
4.0
1626.942
8.0
4.7894444
0.0
0.0
4.0
1632.3234
8.0
4.7966056
0.0
0.0
4.0
1637.7128
8.0
4.802979
0.0
0.0
4.0
1643.1094
8.0
4.274651
0.0
0.0
4.0
1647.9124
8.0
3.8044393
0.0
0.0
4.0
1652.187
8.0
2.851951
0.0
0.0
4.0
1655.3915
8.0
2.0042362
0.0
0.0
4.0
1657.6434
8.0
1.2497702
0.0
0.0
4.0
1659.0477
8.0
1.1122954
0.0
0.0
4.0
1660.2975
9.0
0.9899429
0.0
0.0
4.0
1661.4098
9.0
0.88104916
0.0
0.0
4.0
1662.3998
9.0
0.78413373
0.0
0.0
4.0
1663.2809
9.0
0.697879
0.0
0.0
4.0
1664.0651
9.0
0.6211123
0.0
0.0
4.0
1664.763
9.0
0.5527899
0.0
0.0
4.0
1665.384
9.0
0.49198303
0.0
0.0
4.0
1665.9368
9.0
0.0
0.0
0.0
4.0
1665.9368
9.0
0.0
0.0
0.0
4.0
1665.9368
9.0
0.0
0.0
0.0
4.0
1665.9368
9.0
0.0
0.0
0.0
4.0
1665.9368
9.0
0.53400004
0.0
0.0
4.0
1666.5367
9.0
1.00926
0.0
0.0
4.0
1667.6708
9.0
1.4322414
0.0
0.0
4.0
1669.28
9.0
1.8086947
0.0
0.0
4.0
1671.3123
9.0
2.1437383
0.0
0.0
4.0
1673.721
9.0
2.441927
0.0
0.0
4.0
1676.4647
9.0
2.707315
0.0
0.0
4.0
1679.5066
9.0
2.9435103
0.0
0.0
4.0
1682.814
9.0
3.1537242
0.0
0.0
4.0
1686.3574
9.0
3.3408144
0.0
0.0
4.0
1690.1112
9.0
3.507325
0.0
0.0
4.0
1694.052
9.0
3.6555192
0.0
0.0
4.0
1698.1593
9.0
3.7874122
0.0
0.0
4.0
1702.4148
9.0
3.9047966
0.0
0.0
4.0
1706.8022
9.0
4.0092688
0.0
0.0
4.0
1711.307
9.0
4.102249
0.0
0.0
4.0
1715.9163
9.0
4.1850014
0.0
0.0
4.0
1720.6185
9.0
4.2586513
0.0
0.0
4.0
1725.4036
9.0
4.3241997
0.0
0.0
4.0
1730.2622
9.0
4.3825374
0.0
0.0
4.0
1735.1864
9.0
4.4344583
0.0
0.0
4.0
1740.169
9.0
4.4806676
0.0
0.0
4.0
1745.2034
9.0
4.521794
0.0
0.0
4.0
1750.284
9.0
4.5583963
0.0
0.0
4.0
1755.4059
9.0
4.5909724
0.0
0.0
4.0
1760.5643
9.0
4.619965
0.0
0.0
4.0
1765.7552
9.0
4.6457686
0.0
0.0
4.0
1770.9752
9.0
4.668734
0.0
0.0
4.0
1776.221
9.0
4.689173
0.0
0.0
4.0
1781.4896
9.0
4.707364
0.0
0.0
4.0
1786.7788
9.0
4.7235537
0.0
0.0
4.0
1792.0862
9.0
4.7379627
0.0
0.0
4.0
1797.4098
9.0
4.750787
0.0
0.0
4.0
1802.7478
9.0
4.7622
0.0
0.0
4.0
1808.0986
9.0
4.772358
0.0
0.0
4.0
1813.4608
9.0
4.7813983
0.0
0.0
4.0
1818.8331
9.0
4.7894444
0.0
0.0
4.0
1824.2145
9.0
4.7966056
0.0
0.0
4.0
1829.6039
9.0
4.802979
0.0
0.0
4.0
1835.0005
9.0
4.808651
0.0
0.0
4.0
1840.4034
9.0
4.8136992
0.0
0.0
4.0
1845.8121
9.0
4.818192
0.0
0.0
4.0
1851.2258
9.0
4.8221908
0.0
0.0
4.0
1856.644
9.0
4.8257494
0.0
0.0
4.0
1862.0663
9.0
4.828917
0.0
0.0
4.0
1867.4921
9.0
4.831736
0.0
0.0
4.0
1872.921
9.0
4.8342447
0.0
0.0
4.0
1878.3528
9.0
4.8364778
0.0
0.0
4.0
1883.787
9.0
4.838465
0.0
0.0
4.0
1889.2235
9.0
4.840234
0.0
0.0
4.0
1894.662
9.0
4.841808
0.0
0.0
4.0
1900.1022
9.0
4.843209
0.0
0.0
4.0
1905.544
9.0
4.8444557
0.0
0.0
4.0
1910.9872
9.0
4.8455653
0.0
0.0
4.0
1916.4316
9.0
4.846553
0.0
0.0
4.0
1921.8772
9.0
4.8474317
0.0
0.0
4.0
1927.3237
9.0
4.848214
0.0
0.0
4.0
1932.7711
9.0
3.7809107
0.0
0.0
4.0
1937.0193
9.0
2.8310103
0.0
0.0
4.0
1940.2002
9.0
1.9855993
0.0
0.0
4.0
1942.4312
9.0
1.7671833
0.0
0.0
4.0
1944.4167
9.0
1.5727931
0.0
0.0
4.0
1946.184
9.0
1.3997859
0.0
0.0
4.0
1947.7567
9.0
1.2458094
0.0
0.0
4.0
1949.1565
9.0
1.1087704
0.0
0.0
4.0
1950.4023
10.0
0.9868056
0.0
0.0
4.0
1951.5111
10.0
0.878257
0.0
0.0
4.0
1952.4979
10.0
0.7816487
0.0
0.0
4.0
1953.3762
10.0
0.6956673
0.0
0.0
4.0
1954.1578
10.0
0.6191439
0.0
0.0
4.0
1954.8535
10.0
0.5510381
0.0
0.0
4.0
1955.4727
10.0
0.4904239
0.0
0.0
4.0
1956.0237
10.0
0.0
0.0
0.0
4.0
1956.0237
10.0
0.0
0.0
0.0
4.0
1956.0237
11.0
0.0
0.0
0.0
4.0
1956.0237
11.0
-0.53400004
0.0
0.0
4.0
1955.4237
11.0
-1.00926
0.0
0.0
4.0
1954.2897
11.0
-1.4322414
0.0
0.0
4.0
1952.6804
11.0
-1.8086947
0.0
0.0
4.0
1950.6482
11.0
-2.1437383
0.0
0.0
4.0
1948.2395
11.0
-2.441927
0.0
0.0
4.0
1945.4957
11.0
-2.707315
0.0
0.0
4.0
1942.4539
11.0
-2.9435103
0.0
0.0
4.0
1939.1465
11.0
-2.619724
0.0
0.0
4.0
1936.203
11.0
-2.3315544
0.0
0.0
4.0
1933.5833
11.0
-1.5410833
0.0
0.0
4.0
1931.8517
11.0
-0.8375641
0.0
0.0
4.0
1930.9106
11.0
0.0
0.0
0.0
4.0
1930.9106
11.0
0.53400004
0.0
0.0
4.0
1931.5106
11.0
1.00926
0.0
0.0
4.0
1932.6447
11.0
1.4322414
0.0
0.0
4.0
1934.2539
11.0
1.8086947
0.0
0.0
4.0
1936.2861
11.0
1.6097382
0.0
0.0
4.0
1938.0948
11.0
1.432667
0.0
0.0
4.0
1939.7046
11.0
1.2750736
0.0
0.0
4.0
1941.1372
11.0
1.1348156
0.0
0.0
4.0
1942.4122
11.0
1.0099858
0.0
0.0
4.0
1943.547
11.0
0.89888734
0.0
0.0
4.0
1944.557
11.0
0.8000097
0.0
0.0
4.0
1945.4559
12.0
0.71200866
0.0
0.0
4.0
1946.256
12.0
0.6336877
0.0
0.0
4.0
1946.968
12.0
0.0
0.0
0.0
4.0
1946.968
12.0
-0.53400004
0.0
0.0
4.0
1946.368
12.0
-1.00926
0.0
0.0
4.0
1945.234
12.0
-1.4322414
0.0
0.0
4.0
1943.6248
12.0
-1.8086947
0.0
0.0
4.0
1941.5925
12.0
-2.1437383
0.0
0.0
4.0
1939.1838
12.0
-2.441927
0.0
0.0
4.0
1936.4401
12.0
-2.173315
0.0
0.0
4.0
1933.9982
12.0
-1.9342504
0.0
0.0
4.0
1931.8248
12.0
-1.7214828
0.0
0.0
4.0
1929.8906
12.0
-0.9981196
0.0
0.0
4.0
1928.7692
12.0
0.0
0.0
0.0
4.0
1928.7692
12.0
0.53400004
0.0
0.0
4.0
1929.3691
12.0
1.00926
0.0
0.0
4.0
1930.5032
12.0
1.4322414
0.0
0.0
4.0
1932.1124
12.0
1.8086947
0.0
0.0
4.0
1934.1447
12.0
2.1437383
0.0
0.0
4.0
1936.5533
12.0
1.907927
0.0
0.0
4.0
1938.6971
12.0
1.698055
0.0
0.0
4.0
1940.6051
12.0
1.511269
0.0
0.0
4.0
1942.3031
12.0
1.3450294
0.0
0.0
4.0
1943.8143
12.0
1.1970761
0.0
0.0
4.0
1945.1593
12.0
1.0653977
0.0
0.0
4.0
1946.3563
12.0
0.948204
0.0
0.0
4.0
1947.4218
13.0
0.8439015
0.0
0.0
4.0
1948.37
13.0
0.75107235
0.0
0.0
4.0
1949.2139
13.0
1.2024543
0.0
0.0
4.0
1950.565
13.0
1.6041844
0.0
0.0
4.0
1952.3674
13.0
1.9617242
0.0
0.0
4.0
1954.5717
13.0
2.2799344
0.0
0.0
4.0
1957.1334
13.0
2.5631416
0.0
0.0
4.0
1960.0133
13.0
2.815196
0.0
0.0
4.0
1963.1764
13.0
3.0395243
0.0
0.0
4.0
1966.5916
13.0
3.2391768
0.0
0.0
4.0
1970.2311
13.0
3.4168673
0.0
0.0
4.0
1974.0703
13.0
3.5750117
0.0
0.0
4.0
1978.0872
13.0
3.7157602
0.0
0.0
4.0
1982.2622
13.0
3.8410265
0.0
0.0
4.0
1986.578
13.0
3.9525137
0.0
0.0
4.0
1991.019
13.0
4.051737
0.0
0.0
4.0
1995.5715
13.0
4.1400456
0.0
0.0
4.0
2000.2233
13.0
4.2186403
0.0
0.0
4.0
2004.9633
13.0
4.28859
0.0
0.0
4.0
2009.7819
13.0
4.350845
0.0
0.0
4.0
2014.6704
13.0
4.406252
0.0
0.0
4.0
2019.6212
13.0
4.455564
0.0
0.0
4.0
2024.6274
13.0
4.4994516
0.0
0.0
4.0
2029.683
13.0
4.5385118
0.0
0.0
4.0
2034.7825
13.0
4.573275
0.0
0.0
4.0
2039.921
13.0
4.6042147
0.0
0.0
4.0
2045.0942
13.0
4.631751
0.0
0.0
4.0
2050.2983
13.0
4.656258
0.0
0.0
4.0
2055.53
13.0
4.6780696
0.0
0.0
4.0
2060.7864
13.0
4.6974816
0.0
0.0
4.0
2066.0645
13.0
4.7147584
0.0
0.0
4.0
2071.3618
13.0
4.730135
0.0
0.0
4.0
2076.6765
13.0
4.74382
0.0
0.0
4.0
2082.0066
13.0
4.756
0.0
0.0
4.0
2087.3503
13.0
4.76684
0.0
0.0
4.0
2092.7063
13.0
4.7764874
0.0
0.0
4.0
2098.0732
13.0
4.7850738
0.0
0.0
4.0
2103.4497
13.0
4.7927155
0.0
0.0
4.0
2108.8347
13.0
4.7995167
0.0
0.0
4.0
2114.2275
13.0
4.8055696
0.0
0.0
4.0
2119.627
13.0
4.810957
0.0
0.0
4.0
2125.0325
13.0
4.8157516
0.0
0.0
4.0
2130.4434
13.0
4.820019
0.0
0.0
4.0
2135.8591
13.0
4.823817
0.0
0.0
4.0
2141.279
13.0
4.8271966
0.0
0.0
4.0
2146.703
13.0
4.830205
0.0
0.0
4.0
2152.1301
13.0
4.8328824
0.0
0.0
4.0
2157.5603
13.0
4.835265
0.0
0.0
4.0
2162.9932
13.0
4.8373857
0.0
0.0
4.0
2168.4285
13.0
4.839273
0.0
0.0
4.0
2173.866
13.0
4.840953
0.0
0.0
4.0
2179.3052
13.0
4.308448
0.0
0.0
4.0
2184.1462
13.0
0.0
0.0
0.0
4.0
2187.0
13.0
0.0
0.0
0.0
4.0
2187.0
13.0
0.0
0.0
0.0
4.0
2187.0
13.0
0.0
0.0
0.0
4.0
2187.0
13.0
0.0
0.0
0.0
4.0
2187.0
13.0
0.0
0.0
0.0
4.0
2187.0
13.0
0.0
0.0
0.0
4.0
2187.0
13.0
0.53400004
0.0
0.0
4.0
2187.6
13.0
1.00926
0.0
0.0
4.0
2188.7341
13.0
1.4322414
0.0
0.0
4.0
2190.3435
13.0
1.2746949
0.0
0.0
4.0
2191.7756
13.0
1.1344784
0.0
0.0
4.0
2193.0503
13.0
1.0096858
0.0
0.0
4.0
2194.1848
13.0
0.8986203
0.0
0.0
4.0
2195.1946
13.0
1.3337721
0.0
0.0
4.0
2196.693
13.0
1.7210572
0.0
0.0
4.0
2198.627
13.0
2.065741
0.0
0.0
4.0
2200.948
13.0
2.3725095
0.0
0.0
4.0
2203.6138
13.0
2.6455333
0.0
0.0
4.0
2206.5862
13.0
2.8885248
0.0
0.0
4.0
2209.8318
13.0
3.104787
0.0
0.0
4.0
2213.3203
13.0
3.2972605
0.0
0.0
4.0
2217.0251
13.0
3.468562
0.0
0.0
4.0
2220.9224
13.0
3.62102
0.0
0.0
4.0
2224.991
13.0
3.756708
0.0
0.0
4.0
2229.212
13.0
3.87747
0.0
0.0
4.0
2233.5686
13.0
3.9849482
0.0
0.0
4.0
2238.0461
13.0
4.0806036
0.0
0.0
4.0
2242.631
13.0
4.165737
0.0
0.0
4.0
2247.3118
13.0
4.241506
0.0
0.0
4.0
2252.0774
13.0
4.3089404
0.0
0.0
4.0
2256.919
13.0
4.368957
0.0
0.0
4.0
2261.828
13.0
4.4223714
0.0
0.0
4.0
2266.7969
13.0
4.46991
0.0
0.0
4.0
2271.8193
13.0
4.51222
0.0
0.0
4.0
2276.8892
13.0
4.5498757
0.0
0.0
4.0
2282.0015
13.0
4.5833893
0.0
0.0
4.0
2287.1514
13.0
4.6132164
0.0
0.0
4.0
2292.3347
13.0
4.6397624
0.0
0.0
4.0
2297.5479
13.0
4.6633883
0.0
0.0
4.0
2302.7876
13.0
4.6844153
0.0
0.0
4.0
2308.051
13.0
4.7031293
0.0
0.0
4.0
2313.3354
13.0
4.7197847
0.0
0.0
4.0
2318.6387
13.0
4.734608
0.0
0.0
4.0
2323.9585
13.0
4.7478013
0.0
0.0
4.0
2329.2932
13.0
4.759543
0.0
0.0
4.0
2334.641
13.0
4.769993
0.0
0.0
4.0
2340.0007
13.0
4.7792935
0.0
0.0
4.0
2345.3706
13.0
4.787571
0.0
0.0
4.0
2350.75
13.0
4.794938
0.0
0.0
4.0
2356.1375
13.0
4.8014946
0.0
0.0
4.0
2361.5325
13.0
4.80733
0.0
0.0
4.0
2366.934
13.0
4.812524
0.0
0.0
4.0
2372.3413
13.0
4.817146
0.0
0.0
4.0
2377.754
13.0
4.8212595
0.0
0.0
4.0
2383.1711
13.0
4.8249207
0.0
0.0
4.0
2388.5923
13.0
4.8281794
0.0
0.0
4.0
2394.017
13.0
4.8310795
0.0
0.0
4.0
2399.4453
13.0
4.8336606
0.0
0.0
4.0
2404.8765
13.0
4.835958
0.0
0.0
4.0
2410.31
13.0
0.0
0.0
0.0
4.0
2411.0
13.0
0.0
0.0
0.0
4.0
2411.0
13.0
0.0
0.0
0.0
4.0
2411.0
13.0
0.0
0.0
0.0
4.0
2411.0
13.0
0.0
0.0
0.0
4.0
2411.0
13.0
0.0
0.0
0.0
4.0
2411.0
13.0
0.0
0.0
0.0
4.0
2411.0
13.0
0.53400004
0.0
0.0
4.0
2411.6
13.0
1.00926
0.0
0.0
4.0
2412.7341
13.0
1.4322414
0.0
0.0
4.0
2414.3435
13.0
1.8086947
0.0
0.0
4.0
2416.3757
13.0
2.1437383
0.0
0.0
4.0
2418.7844
13.0
2.441927
0.0
0.0
4.0
2421.528
13.0
2.707315
0.0
0.0
4.0
2424.57
13.0
2.9435103
0.0
0.0
4.0
2427.8774
13.0
3.1537242
0.0
0.0
4.0
2431.421
13.0
3.3408144
0.0
0.0
4.0
2435.1746
13.0
3.507325
0.0
0.0
4.0
2439.1155
13.0
3.6555192
0.0
0.0
4.0
2443.223
13.0
3.7874122
0.0
0.0
4.0
2447.4785
13.0
3.9047966
0.0
0.0
4.0
2451.866
13.0
4.0092688
0.0
0.0
4.0
2456.3708
13.0
4.102249
0.0
0.0
4.0
2460.9802
13.0
4.1850014
0.0
0.0
4.0
2465.6824
13.0
4.2586513
0.0
0.0
4.0
2470.4673
13.0
4.3241997
0.0
0.0
4.0
2475.326
13.0
4.3825374
0.0
0.0
4.0
2480.2502
13.0
4.4344583
0.0
0.0
4.0
2485.2327
13.0
4.4806676
0.0
0.0
4.0
2490.267
13.0
4.521794
0.0
0.0
4.0
2495.3477
13.0
4.5583963
0.0
0.0
4.0
2500.4695
13.0
4.5909724
0.0
0.0
4.0
2505.628
13.0
4.619965
0.0
0.0
4.0
2510.8188
13.0
4.6457686
0.0
0.0
4.0
2516.0388
13.0
4.668734
0.0
0.0
4.0
2521.2847
13.0
4.689173
0.0
0.0
4.0
2526.5535
13.0
4.707364
0.0
0.0
4.0
2531.8425
13.0
4.7235537
0.0
0.0
4.0
2537.15
13.0
4.7379627
0.0
0.0
4.0
2542.4734
13.0
4.750787
0.0
0.0
4.0
2547.8113
13.0
4.7622
0.0
0.0
4.0
2553.162
13.0
4.772358
0.0
0.0
4.0
2558.5244
13.0
4.7813983
0.0
0.0
4.0
2563.8967
13.0
4.7894444
0.0
0.0
4.0
2569.278
13.0
4.7966056
0.0
0.0
4.0
2574.6675
13.0
4.802979
0.0
0.0
4.0
2580.064
13.0
4.808651
0.0
0.0
4.0
2585.467
13.0
4.8136992
0.0
0.0
4.0
2590.8757
13.0
4.818192
0.0
0.0
4.0
2596.2896
13.0
4.8221908
0.0
0.0
4.0
2601.7078
13.0
4.8257494
0.0
0.0
4.0
2607.13
13.0
4.828917
0.0
0.0
4.0
2612.5557
13.0
4.831736
0.0
0.0
4.0
2617.9846
13.0
4.8342447
0.0
0.0
4.0
2623.4163
13.0
4.8364778
0.0
0.0
4.0
2628.8506
13.0
4.838465
0.0
0.0
4.0
2634.287
13.0
4.840234
0.0
0.0
4.0
2639.7256
13.0
4.841808
0.0
0.0
4.0
2645.1658
13.0
4.843209
0.0
0.0
4.0
2650.6077
13.0
4.8444557
0.0
0.0
4.0
2656.0508
13.0
4.3115654
0.0
0.0
4.0
2660.8953
13.0
3.8372931
0.0
0.0
4.0
2665.2068
13.0
3.415191
0.0
0.0
4.0
2669.0442
13.0
3.0395198
0.0
0.0
4.0
2672.4595
13.0
3.2391725
0.0
0.0
4.0
2676.0989
13.0
3.4168634
0.0
0.0
4.0
2679.938
13.0
3.5750084
0.0
0.0
4.0
2683.9548
13.0
3.7157574
0.0
0.0
4.0
2688.13
13.0
3.841024
0.0
0.0
4.0
2692.4456
13.0
3.952511
0.0
0.0
4.0
2696.8865
13.0
4.051735
0.0
0.0
4.0
2701.439
13.0
4.1400437
0.0
0.0
4.0
2706.0908
13.0
4.218639
0.0
0.0
4.0
2710.8308
13.0
4.2885885
0.0
0.0
4.0
2715.6494
13.0
4.3508434
0.0
0.0
4.0
2720.538
13.0
4.4062505
0.0
0.0
4.0
2725.489
13.0
4.4555626
0.0
0.0
4.0
2730.4954
13.0
4.4994507
0.0
0.0
4.0
2735.551
13.0
4.004511
0.0
0.0
4.0
2740.0505
13.0
3.0300148
0.0
0.0
4.0
2743.455
13.0
2.162713
0.0
0.0
4.0
2745.885
13.0
1.3908145
0.0
0.0
4.0
2747.4478
13.0
1.2378249
0.0
0.0
4.0
2748.8386
14.0
1.1016642
0.0
0.0
4.0
2750.0764
14.0
0.9804811
0.0
0.0
4.0
2751.178
14.0
0.87262815
0.0
0.0
4.0
2752.1584
14.0
0.77663904
0.0
0.0
4.0
2753.031
14.0
0.6912087
0.0
0.0
4.0
2753.8076
14.0
1.1491758
0.0
0.0
4.0
2755.0989
14.0
1.5567664
0.0
0.0
4.0
2756.8481
15.0
1.919522
0.0
0.0
4.0
2759.005
15.0
1.7083746
0.0
0.0
4.0
2760.9243
15.0
1.5204533
0.0
0.0
4.0
2762.6328
15.0
1.3532034
0.0
0.0
4.0
2764.1533
15.0
1.738351
0.0
0.0
4.0
2766.1064
15.0
2.0811324
0.0
0.0
4.0
2768.4448
15.0
2.3862078
0.0
0.0
4.0
2771.126
15.0
2.657725
0.0
0.0
4.0
2774.1123
15.0
2.8993754
0.0
0.0
4.0
2777.37
15.0
3.114444
0.0
0.0
4.0
2780.8694
15.0
3.3058553
0.0
0.0
4.0
2784.5837
15.0
3.476211
0.0
0.0
4.0
2788.4895
15.0
3.6278276
0.0
0.0
4.0
2792.5657
15.0
3.7627664
0.0
0.0
4.0
2796.7935
15.0
3.8828619
0.0
0.0
4.0
2801.1562
15.0
3.989747
0.0
0.0
4.0
2805.6392
15.0
4.0848746
0.0
0.0
4.0
2810.229
15.0
4.1695385
0.0
0.0
4.0
2814.9138
15.0
4.2448893
0.0
0.0
4.0
2819.6833
15.0
4.311951
0.0
0.0
4.0
2824.5283
15.0
4.3716364
0.0
0.0
4.0
2829.4402
15.0
4.424756
0.0
0.0
4.0
2834.4119
15.0
4.4720325
0.0
0.0
4.0
2839.4365
15.0
4.5141087
0.0
0.0
4.0
2844.5085
15.0
4.5515566
0.0
0.0
4.0
2849.6226
15.0
4.584885
0.0
0.0
4.0
2854.7742
15.0
4.6145477
0.0
0.0
4.0
2859.959
15.0
4.6409473
0.0
0.0
4.0
2865.1736
15.0
4.664443
0.0
0.0
4.0
2870.4146
15.0
4.685354
0.0
0.0
4.0
2875.679
15.0
4.703965
0.0
0.0
4.0
2880.9644
15.0
4.720529
0.0
0.0
4.0
2886.2683
15.0
4.7352705
0.0
0.0
4.0
2891.5889
15.0
4.7483907
0.0
0.0
4.0
2896.924
15.0
4.7600675
0.0
0.0
4.0
2902.2725
15.0
4.7704597
0.0
0.0
4.0
2907.6326
15.0
4.779709
0.0
0.0
4.0
2913.003
15.0
4.7879405
0.0
0.0
4.0
2918.3826
15.0
4.795267
0.0
0.0
4.0
2923.7705
15.0
4.8017874
0.0
0.0
4.0
2929.1658
15.0
4.8075905
0.0
0.0
4.0
2934.5676
15.0
4.8127556
0.0
0.0
4.0
2939.975
15.0
4.8173523
0.0
0.0
4.0
2945.388
15.0
4.8214436
0.0
0.0
4.0
2950.8052
15.0
0.0
0.0
0.0
4.0
2955.0
15.0
0.53400004
0.0
0.0
4.0
2955.6
15.0
0.0
0.0
0.0
4.0
2955.0
15.0
0.53400004
0.0
0.0
4.0
2955.6
15.0
0.0
0.0
0.0
4.0
2955.0
15.0
0.53400004
0.0
0.0
4.0
2955.6
15.0
1.00926
0.0
0.0
4.0
2956.7341
15.0
1.4322414
0.0
0.0
4.0
2958.3435
15.0
1.8086947
0.0
0.0
4.0
2960.3757
15.0
2.1437383
0.0
0.0
4.0
2962.7844
15.0
2.441927
0.0
0.0
4.0
2965.528
15.0
2.707315
0.0
0.0
4.0
2968.57
15.0
2.9435103
0.0
0.0
4.0
2971.8774
15.0
3.1537242
0.0
0.0
4.0
2975.421
15.0
3.3408144
0.0
0.0
4.0
2979.1746
15.0
3.507325
0.0
0.0
4.0
2983.1155
15.0
3.6555192
0.0
0.0
4.0
2987.223
15.0
0.0
0.0
0.0
4.0
2987.0
15.0
0.53400004
0.0
0.0
4.0
2987.6
15.0
0.0
0.0
0.0
4.0
2987.0
15.0
0.53400004
0.0
0.0
4.0
2987.6
15.0
1.00926
0.0
0.0
4.0
2988.7341
15.0
1.4322414
0.0
0.0
4.0
2990.3435
15.0
1.8086947
0.0
0.0
4.0
2992.3757
15.0
2.1437383
0.0
0.0
4.0
2994.7844
15.0
2.441927
0.0
0.0
4.0
2997.528
15.0
2.707315
0.0
0.0
4.0
3000.57
15.0
2.9435103
0.0
0.0
4.0
3003.8774
15.0
3.1537242
0.0
0.0
4.0
3007.421
15.0
3.3408144
0.0
0.0
4.0
3011.1746
15.0
3.507325
0.0
0.0
4.0
3015.1155
15.0
3.6555192
0.0
0.0
4.0
3019.223
15.0
3.7874122
0.0
0.0
4.0
3023.4785
15.0
3.9047966
0.0
0.0
4.0
3027.866
15.0
4.0092688
0.0
0.0
4.0
3032.3708
15.0
4.102249
0.0
0.0
4.0
3036.9802
15.0
4.1850014
0.0
0.0
4.0
3041.6824
15.0
4.2586513
0.0
0.0
4.0
3046.4673
15.0
4.3241997
0.0
0.0
4.0
3051.326
15.0
4.3825374
0.0
0.0
4.0
3056.2502
15.0
4.4344583
0.0
0.0
4.0
3061.2327
15.0
4.4806676
0.0
0.0
4.0
3066.267
15.0
4.521794
0.0
0.0
4.0
3071.3477
15.0
4.5583963
0.0
0.0
4.0
3076.4695
15.0
4.5909724
0.0
0.0
4.0
3081.628
15.0
4.619965
0.0
0.0
4.0
3086.8188
15.0
4.6457686
0.0
0.0
4.0
3092.0388
15.0
4.668734
0.0
0.0
4.0
3097.2847
15.0
4.689173
0.0
0.0
4.0
3102.5535
15.0
4.707364
0.0
0.0
4.0
3107.8425
15.0
4.7235537
0.0
0.0
4.0
3113.15
15.0
4.7379627
0.0
0.0
4.0
3118.4734
15.0
4.750787
0.0
0.0
4.0
3123.8113
15.0
4.7622
0.0
0.0
4.0
3129.162
15.0
4.772358
0.0
0.0
4.0
3134.5244
15.0
4.7813983
0.0
0.0
4.0
3139.8967
15.0
4.7894444
0.0
0.0
4.0
3145.278
15.0
4.7966056
0.0
0.0
4.0
3150.6675
15.0
4.802979
0.0
0.0
4.0
3156.064
15.0
4.808651
0.0
0.0
4.0
3161.467
15.0
4.8136992
0.0
0.0
4.0
3166.8757
15.0
0.0
0.0
0.0
4.0
3168.0
15.0
