960, 6
0.0
0.0
0.0
4.0
56.0
0.0
0.0
0.0
0.0
4.0
56.0
0.0
0.0
0.0
0.0
4.0
56.0
0.0
0.0
0.0
0.0
4.0
56.0
0.0
0.0
0.0
0.0
4.0
56.0
0.0
0.0
0.0
0.0
4.0
56.0
0.0
0.53400004
0.0
0.0
4.0
56.6
0.0
1.00926
0.0
0.0
4.0
57.733997
0.0
1.4322414
0.0
0.0
4.0
59.343258
0.0
1.8086947
0.0
0.0
4.0
61.3755
0.0
2.1437383
0.0
0.0
4.0
63.784195
0.0
2.441927
0.0
0.0
4.0
66.52793
0.0
2.707315
0.0
0.0
4.0
69.569855
0.0
2.9435103
0.0
0.0
4.0
72.87717
0.0
3.1537242
0.0
0.0
4.0
76.42068
0.0
3.3408144
0.0
0.0
4.0
80.1744
0.0
3.507325
0.0
0.0
4.0
84.11521
0.0
3.6555192
0.0
0.0
4.0
88.222534
0.0
3.7874122
0.0
0.0
4.0
92.47805
0.0
3.9047966
0.0
0.0
4.0
96.86546
0.0
4.0092688
0.0
0.0
4.0
101.37026
0.0
4.102249
0.0
0.0
4.0
105.97953
0.0
4.1850014
0.0
0.0
4.0
110.68178
0.0
4.2586513
0.0
0.0
4.0
115.46678
0.0
4.3241997
0.0
0.0
4.0
120.32543
0.0
4.3825374
0.0
0.0
4.0
125.24963
0.0
4.4344583
0.0
0.0
4.0
130.23218
0.0
4.4806676
0.0
0.0
4.0
135.26663
0.0
4.521794
0.0
0.0
4.0
140.3473
0.0
4.5583963
0.0
0.0
4.0
145.4691
0.0
4.5909724
0.0
0.0
4.0
150.6275
0.0
4.619965
0.0
0.0
4.0
155.81848
0.0
4.6457686
0.0
0.0
4.0
161.03845
0.0
4.668734
0.0
0.0
4.0
166.28423
0.0
4.689173
0.0
0.0
4.0
171.55296
0.0
4.707364
0.0
0.0
4.0
176.84213
0.0
4.7235537
0.0
0.0
4.0
182.14949
0.0
4.7379627
0.0
0.0
4.0
187.47304
0.0
4.750787
0.0
0.0
4.0
192.811
0.0
4.7622
0.0
0.0
4.0
198.16179
0.0
4.772358
0.0
0.0
4.0
203.52399
0.0
4.7813983
0.0
0.0
4.0
208.89635
0.0
4.7894444
0.0
0.0
4.0
214.27774
0.0
4.7966056
0.0
0.0
4.0
219.66719
0.0
4.802979
0.0
0.0
4.0
225.0638
0.0
4.808651
0.0
0.0
4.0
230.46678
0.0
4.8136992
0.0
0.0
4.0
235.87543
0.0
4.818192
0.0
0.0
4.0
241.28912
0.0
4.8221908
0.0
0.0
4.0
246.70732
0.0
4.8257494
0.0
0.0
4.0
252.12952
0.0
4.828917
0.0
0.0
4.0
257.55527
0.0
4.831736
0.0
0.0
4.0
262.9842
0.0
4.8342447
0.0
0.0
4.0
268.41592
0.0
4.8364778
0.0
0.0
4.0
273.85016
0.0
4.838465
0.0
0.0
4.0
279.28662
0.0
4.840234
0.0
0.0
4.0
284.7251
0.0
4.841808
0.0
0.0
4.0
290.16534
0.0
4.309209
0.0
0.0
4.0
295.00714
0.0
3.8351958
0.0
0.0
4.0
299.31635
0.0
2.879324
0.0
0.0
4.0
302.55154
0.0
2.0285983
0.0
0.0
4.0
304.83087
0.0
1.2714524
0.0
0.0
4.0
306.25946
0.0
0.59759265
0.0
0.0
4.0
306.9309
0.0
0.0
0.0
0.0
4.0
306.9309
1.0
-0.53400004
0.0
0.0
4.0
306.3309
1.0
-0.47526002
0.0
0.0
4.0
305.7969
1.0
0.0
0.0
0.0
4.0
305.7969
1.0
0.53400004
0.0
0.0
4.0
306.3969
1.0
1.00926
0.0
0.0
4.0
307.5309
1.0
1.4322414
0.0
0.0
4.0
309.14017
1.0
1.8086947
0.0
0.0
4.0
311.1724
1.0
2.1437383
0.0
0.0
4.0
313.5811
1.0
2.441927
0.0
0.0
4.0
316.32483
1.0
2.707315
0.0
0.0
4.0
319.36676
1.0
2.9435103
0.0
0.0
4.0
322.67407
1.0
3.1537242
0.0
0.0
4.0
326.2176
1.0
3.3408144
0.0
0.0
4.0
329.9713
1.0
3.507325
0.0
0.0
4.0
333.91214
1.0
3.6555192
0.0
0.0
4.0
338.01947
1.0
3.7874122
0.0
0.0
4.0
342.275
1.0
3.9047966
0.0
0.0
4.0
346.6624
1.0
4.0092688
0.0
0.0
4.0
351.1672
1.0
4.102249
0.0
0.0
4.0
355.7765
1.0
4.1850014
0.0
0.0
4.0
360.47873
1.0
4.2586513
0.0
0.0
4.0
365.26373
1.0
4.3241997
0.0
0.0
4.0
370.12238
1.0
4.3825374
0.0
0.0
4.0
375.04657
1.0
4.4344583
0.0
0.0
4.0
380.0291
1.0
4.4806676
0.0
0.0
4.0
385.06357
1.0
4.521794
0.0
0.0
4.0
390.14423
1.0
4.5583963
0.0
0.0
4.0
395.26602
1.0
4.5909724
0.0
0.0
4.0
400.4244
1.0
4.619965
0.0
0.0
4.0
405.6154
1.0
4.6457686
0.0
0.0
4.0
410.83536
1.0
4.668734
0.0
0.0
4.0
416.08112
1.0
4.689173
0.0
0.0
4.0
421.34985
1.0
4.707364
0.0
0.0
4.0
426.63904
1.0
4.7235537
0.0
0.0
4.0
431.9464
1.0
4.7379627
0.0
0.0
4.0
437.26996
1.0
4.750787
0.0
0.0
4.0
442.6079
1.0
4.7622
0.0
0.0
4.0
447.9587
1.0
4.772358
0.0
0.0
4.0
453.32092
1.0
4.7813983
0.0
0.0
4.0
458.69327
1.0
4.7894444
0.0
0.0
4.0
464.07468
1.0
4.7966056
0.0
0.0
4.0
469.4641
1.0
4.802979
0.0
0.0
4.0
474.86072
1.0
4.808651
0.0
0.0
4.0
480.2637
1.0
4.8136992
0.0
0.0
4.0
485.67236
1.0
4.818192
0.0
0.0
4.0
491.08606
1.0
4.8221908
0.0
0.0
4.0
496.50424
1.0
4.8257494
0.0
0.0
4.0
501.92642
1.0
4.828917
0.0
0.0
4.0
507.35217
1.0
4.831736
0.0
0.0
4.0
512.78107
1.0
4.8342447
0.0
0.0
4.0
518.2128
1.0
4.8364778
0.0
0.0
4.0
523.6471
1.0
4.838465
0.0
0.0
4.0
529.08356
1.0
4.840234
0.0
0.0
4.0
534.52203
1.0
4.841808
0.0
0.0
4.0
539.9623
1.0
4.843209
0.0
0.0
4.0
545.4041
1.0
4.8444557
0.0
0.0
4.0
550.84735
1.0
4.8455653
0.0
0.0
4.0
556.2918
1.0
4.846553
0.0
0.0
4.0
561.73737
1.0
4.8474317
0.0
0.0
4.0
567.1839
1.0
4.848214
0.0
0.0
4.0
572.63135
1.0
4.8489103
0.0
0.0
4.0
578.0796
1.0
4.84953
0.0
0.0
4.0
583.5285
1.0
4.850082
0.0
0.0
4.0
588.978
1.0
4.8505726
0.0
0.0
4.0
594.4281
1.0
4.8510094
0.0
0.0
4.0
599.87866
1.0
4.851398
0.0
0.0
4.0
605.32965
1.0
4.851744
0.0
0.0
4.0
610.78107
1.0
4.852052
0.0
0.0
4.0
616.2328
1.0
4.8523264
0.0
0.0
4.0
621.6848
1.0
4.8525705
0.0
0.0
4.0
627.13715
1.0
4.8527875
0.0
0.0
4.0
632.5897
1.0
4.8529806
0.0
0.0
4.0
638.0425
1.0
4.8531528
0.0
0.0
4.0
643.4955
1.0
4.853306
0.0
0.0
4.0
648.9486
1.0
4.853442
0.0
0.0
4.0
654.4019
1.0
4.8535633
0.0
0.0
4.0
659.85535
1.0
4.853671
0.0
0.0
4.0
665.3089
1.0
4.853767
0.0
0.0
4.0
670.7626
2.0
4.8538523
0.0
0.0
4.0
676.2164
2.0
4.8539286
0.0
0.0
4.0
681.6702
2.0
4.8539963
0.0
0.0
4.0
687.12415
2.0
4.8540564
0.0
0.0
4.0
692.5781
2.0
4.85411
0.0
0.0
4.0
698.03217
2.0
4.8541574
0.0
0.0
4.0
703.48627
2.0
4.8542
0.0
0.0
4.0
708.9404
2.0
4.8542376
0.0
0.0
4.0
714.39465
2.0
4.8542714
0.0
0.0
4.0
719.8489
2.0
4.8543015
0.0
0.0
4.0
725.30316
2.0
4.854328
0.0
0.0
4.0
730.75745
2.0
0.0
0.0
0.0
4.0
731.0
2.0
0.53400004
0.0
0.0
4.0
731.6
2.0
0.0
0.0
0.0
4.0
731.0
2.0
0.53400004
0.0
0.0
4.0
731.6
2.0
0.0
0.0
0.0
4.0
731.0
2.0
0.53400004
0.0
0.0
4.0
731.6
2.0
0.0
0.0
0.0
4.0
731.0
2.0
0.53400004
0.0
0.0
4.0
731.6
2.0
1.00926
0.0
0.0
4.0
732.73395
2.0
1.4322414
0.0
0.0
4.0
734.3432
2.0
1.8086947
0.0
0.0
4.0
736.3754
2.0
2.1437383
0.0
0.0
4.0
738.7841
2.0
2.441927
0.0
0.0
4.0
741.52783
2.0
2.707315
0.0
0.0
4.0
744.56976
2.0
2.9435103
0.0
0.0
4.0
747.8771
2.0
3.1537242
0.0
0.0
4.0
751.4206
2.0
3.3408144
0.0
0.0
4.0
755.1743
2.0
3.507325
0.0
0.0
4.0
759.1151
2.0
3.6555192
0.0
0.0
4.0
763.2224
2.0
3.7874122
0.0
0.0
4.0
767.4779
2.0
3.9047966
0.0
0.0
4.0
771.8653
2.0
4.0092688
0.0
0.0
4.0
776.3701
2.0
4.102249
0.0
0.0
4.0
780.9794
2.0
4.1850014
0.0
0.0
4.0
785.68164
2.0
4.2586513
0.0
0.0
4.0
790.4666
2.0
4.3241997
0.0
0.0
4.0
795.32526
2.0
3.3145378
0.0
0.0
4.0
799.04944
2.0
2.4159384
0.0
0.0
4.0
801.764
3.0
1.6161851
0.0
0.0
4.0
803.5799
3.0
1.9724047
0.0
0.0
4.0
805.7961
3.0
2.2894404
0.0
0.0
4.0
808.36847
3.0
2.571602
0.0
0.0
4.0
811.25793
3.0
2.822726
0.0
0.0
4.0
814.42957
3.0
3.0462263
0.0
0.0
4.0
817.8523
3.0
3.2451415
0.0
0.0
4.0
821.49854
3.0
3.422176
0.0
0.0
4.0
825.3437
3.0
3.5797365
0.0
0.0
4.0
829.36584
3.0
3.7199655
0.0
0.0
4.0
833.5456
4.0
3.844769
0.0
0.0
4.0
837.86554
4.0
3.9558442
0.0
0.0
4.0
842.3103
4.0
4.0547013
0.0
0.0
4.0
846.86615
4.0
4.142684
0.0
0.0
4.0
851.5209
4.0
4.2209888
0.0
0.0
4.0
856.26355
4.0
4.29068
0.0
0.0
4.0
861.08453
4.0
4.352705
0.0
0.0
4.0
865.9752
4.0
4.4079075
0.0
0.0
4.0
870.9279
4.0
4.4570374
0.0
0.0
4.0
875.93585
4.0
4.500763
0.0
0.0
4.0
880.9929
4.0
4.539679
0.0
0.0
4.0
886.0937
4.0
4.574314
0.0
0.0
4.0
891.2334
4.0
4.6051393
0.0
0.0
4.0
896.4077
4.0
4.6325736
0.0
0.0
4.0
901.61285
4.0
4.6569905
0.0
0.0
4.0
906.8454
4.0
0.0
0.0
0.0
4.0
907.0
4.0
0.53400004
0.0
0.0
4.0
907.6
4.0
0.0
0.0
0.0
4.0
907.0
4.0
0.53400004
0.0
0.0
4.0
907.6
4.0
1.00926
0.0
0.0
4.0
908.73395
4.0
1.4322414
0.0
0.0
4.0
910.3432
4.0
1.8086947
0.0
0.0
4.0
912.3754
4.0
2.1437383
0.0
0.0
4.0
914.7841
4.0
2.441927
0.0
0.0
4.0
917.52783
4.0
2.707315
0.0
0.0
4.0
920.56976
4.0
2.9435103
0.0
0.0
4.0
923.8771
4.0
3.1537242
0.0
0.0
4.0
927.4206
4.0
3.3408144
0.0
0.0
4.0
931.1743
4.0
3.507325
0.0
0.0
4.0
935.1151
4.0
3.6555192
0.0
0.0
4.0
939.2224
4.0
3.7874122
0.0
0.0
4.0
943.4779
4.0
3.9047966
0.0
0.0
4.0
947.8653
4.0
4.0092688
0.0
0.0
4.0
952.3701
4.0
4.102249
0.0
0.0
4.0
956.9794
4.0
4.1850014
0.0
0.0
4.0
961.68164
4.0
4.2586513
0.0
0.0
4.0
966.4666
4.0
4.3241997
0.0
0.0
4.0
971.32526
4.0
4.3825374
0.0
0.0
4.0
976.24945
4.0
4.4344583
0.0
0.0
4.0
981.232
4.0
4.4806676
0.0
0.0
4.0
986.2665
4.0
4.521794
0.0
0.0
4.0
991.34717
4.0
4.5583963
0.0
0.0
4.0
996.46893
4.0
4.5909724
0.0
0.0
4.0
1001.6273
4.0
4.619965
0.0
0.0
4.0
1006.8183
4.0
4.6457686
0.0
0.0
4.0
1012.03827
4.0
4.668734
0.0
0.0
4.0
1017.28406
4.0
4.689173
0.0
0.0
4.0
1022.5528
4.0
4.707364
0.0
0.0
4.0
1027.8419
4.0
4.7235537
0.0
0.0
4.0
1033.1493
4.0
4.7379627
0.0
0.0
4.0
1038.4729
4.0
4.750787
0.0
0.0
4.0
1043.8109
4.0
4.7622
0.0
0.0
4.0
1049.1617
4.0
4.772358
0.0
0.0
4.0
1054.5239
4.0
4.7813983
0.0
0.0
4.0
1059.8962
4.0
4.7894444
0.0
0.0
4.0
1065.2776
4.0
4.7966056
0.0
0.0
4.0
1070.667
4.0
4.802979
0.0
0.0
4.0
1076.0636
4.0
4.808651
0.0
0.0
4.0
1081.4666
4.0
4.8136992
0.0
0.0
4.0
1086.8752
4.0
4.818192
0.0
0.0
4.0
1092.289
4.0
4.8221908
0.0
0.0
4.0
1097.7072
4.0
4.8257494
0.0
0.0
4.0
1103.1294
4.0
4.828917
0.0
0.0
4.0
1108.5552
4.0
4.831736
0.0
0.0
4.0
1113.9841
4.0
4.8342447
0.0
0.0
4.0
1119.4159
4.0
4.8364778
0.0
0.0
4.0
1124.8501
4.0
4.838465
0.0
0.0
4.0
1130.2866
4.0
4.840234
0.0
0.0
4.0
1135.7251
4.0
4.841808
0.0
0.0
4.0
1141.1653
4.0
4.309209
0.0
0.0
4.0
1146.0071
4.0
3.8351958
0.0
0.0
4.0
1150.3163
4.0
3.413324
0.0
0.0
4.0
1154.1515
4.0
2.5038583
0.0
0.0
4.0
1156.9648
4.0
1.6944338
0.0
0.0
4.0
1158.8687
4.0
0.97404605
0.0
0.0
4.0
1159.9631
4.0
0.0
0.0
0.0
4.0
1159.9631
4.0
-0.53400004
0.0
0.0
4.0
1159.3632
4.0
-1.00926
0.0
0.0
4.0
1158.2291
4.0
-1.4322414
0.0
0.0
4.0
1156.6199
4.0
-1.8086947
0.0
0.0
4.0
1154.5876
4.0
-1.6097382
0.0
0.0
4.0
1152.7789
4.0
-1.432667
0.0
0.0
4.0
1151.1692
4.0
-1.2750736
0.0
0.0
4.0
1149.7366
4.0
-1.1348156
0.0
0.0
4.0
1148.4615
4.0
-1.0099858
0.0
0.0
4.0
1147.3268
4.0
-0.89888734
0.0
0.0
4.0
1146.3168
4.0
-0.8000097
0.0
0.0
4.0
1145.4178
4.0
-0.71200866
0.0
0.0
4.0
1144.6178
4.0
0.0
0.0
0.0
4.0
1144.6178
4.0
0.53400004
0.0
0.0
4.0
1145.2178
4.0
1.00926
0.0
0.0
4.0
1146.3518
4.0
1.4322414
0.0
0.0
4.0
1147.961
4.0
1.8086947
0.0
0.0
4.0
1149.9933
4.0
2.1437383
0.0
0.0
4.0
1152.402
4.0
2.441927
0.0
0.0
4.0
1155.1458
4.0
2.707315
0.0
0.0
4.0
1158.1876
4.0
2.9435103
0.0
0.0
4.0
1161.495
4.0
3.1537242
0.0
0.0
4.0
1165.0385
4.0
3.3408144
0.0
0.0
4.0
1168.7922
4.0
3.507325
0.0
0.0
4.0
1172.733
4.0
3.6555192
0.0
0.0
4.0
1176.8403
4.0
3.253412
0.0
0.0
4.0
1180.4958
4.0
2.8955367
0.0
0.0
4.0
1183.7493
4.0
2.5770276
0.0
0.0
4.0
1186.6448
4.0
2.2935545
0.0
0.0
4.0
1189.2218
4.0
2.0412636
0.0
0.0
4.0
1191.5154
5.0
1.8167245
0.0
0.0
4.0
1193.5566
5.0
1.6168848
0.0
0.0
4.0
1195.3734
5.0
1.4390274
0.0
0.0
4.0
1196.9904
5.0
0.7467344
0.0
0.0
4.0
1197.8293
5.0
0.0
0.0
0.0
4.0
1197.8293
5.0
-0.53400004
0.0
0.0
4.0
1197.2294
5.0
-1.00926
0.0
0.0
4.0
1196.0953
5.0
-1.4322414
0.0
0.0
4.0
1194.4861
5.0
-1.8086947
0.0
0.0
4.0
1192.4539
5.0
-2.1437383
0.0
0.0
4.0
1190.0452
5.0
-2.441927
0.0
0.0
4.0
1187.3014
5.0
-2.707315
0.0
0.0
4.0
1184.2595
5.0
-2.9435103
0.0
0.0
4.0
1180.9521
5.0
-2.619724
0.0
0.0
4.0
1178.0087
5.0
-2.3315544
0.0
0.0
4.0
1175.3889
5.0
-2.0750835
0.0
0.0
4.0
1173.0574
5.0
-1.8468243
0.0
0.0
4.0
1170.9823
5.0
-1.6436735
0.0
0.0
4.0
1169.1355
5.0
-1.4628694
0.0
0.0
4.0
1167.4918
5.0
-1.3019538
0.0
0.0
4.0
1166.0289
5.0
-1.1587389
0.0
0.0
4.0
1164.7269
5.0
-1.0312775
0.0
0.0
4.0
1163.5682
5.0
-0.91783696
0.0
0.0
4.0
1162.537
5.0
-0.81687486
0.0
0.0
4.0
1161.6191
5.0
-0.7270186
0.0
0.0
4.0
1160.8022
5.0
-0.64704657
0.0
0.0
4.0
1160.0752
5.0
-0.5758714
0.0
0.0
4.0
1159.4281
5.0
-0.51252556
0.0
0.0
4.0
1158.8522
5.0
-0.45614773
0.0
0.0
4.0
1158.3396
5.0
0.0
0.0
0.0
4.0
1158.3396
5.0
0.0
0.0
0.0
4.0
1158.3396
5.0
0.0
0.0
0.0
4.0
1158.3396
5.0
0.0
0.0
0.0
4.0
1158.3396
5.0
0.0
0.0
0.0
4.0
1158.3396
5.0
0.0
0.0
0.0
4.0
1158.3396
5.0
0.0
0.0
0.0
4.0
1158.3396
5.0
0.0
0.0
0.0
4.0
1158.3396
5.0
0.0
0.0
0.0
4.0
1158.3396
5.0
0.0
0.0
0.0
4.0
1158.3396
5.0
0.0
0.0
0.0
4.0
1158.3396
5.0
0.0
0.0
0.0
4.0
1158.3396
5.0
0.0
0.0
0.0
4.0
1158.3396
5.0
0.0
0.0
0.0
4.0
1158.3396
5.0
0.0
0.0
0.0
4.0
1158.3396
5.0
0.0
0.0
0.0
4.0
1158.3396
5.0
0.0
0.0
0.0
4.0
1158.3396
5.0
0.0
0.0
0.0
4.0
1158.3396
5.0
0.0
0.0
0.0
4.0
1158.3396
5.0
0.0
0.0
0.0
4.0
1158.3396
5.0
0.0
0.0
0.0
4.0
1158.3396
5.0
0.0
0.0
0.0
4.0
1158.3396
5.0
0.0
0.0
0.0
4.0
1158.3396
5.0
0.0
0.0
0.0
4.0
1158.3396
5.0
0.53400004
0.0
0.0
4.0
1158.9396
5.0
1.00926
0.0
0.0
4.0
1160.0736
5.0
1.4322414
0.0
0.0
4.0
1161.6829
5.0
1.8086947
0.0
0.0
4.0
1163.7151
5.0
2.1437383
0.0
0.0
4.0
1166.1238
5.0
2.441927
0.0
0.0
4.0
1168.8676
5.0
2.707315
0.0
0.0
4.0
1171.9094
5.0
2.9435103
0.0
0.0
4.0
1175.2168
5.0
3.1537242
0.0
0.0
4.0
1178.7603
5.0
2.8068144
0.0
0.0
4.0
1181.914
5.0
2.4980648
0.0
0.0
4.0
1184.7207
5.0
2.2232776
0.0
0.0
4.0
1187.2188
5.0
1.978717
0.0
0.0
4.0
1189.442
5.0
1.7610581
0.0
0.0
4.0
1191.4208
5.0
1.5673417
0.0
0.0
4.0
1193.1819
5.0
1.394934
0.0
0.0
4.0
1194.7493
6.0
1.2414913
0.0
0.0
4.0
1196.1442
6.0
1.1049273
0.0
0.0
4.0
1197.3856
6.0
0.98338526
0.0
0.0
4.0
1198.4906
6.0
0.87521285
0.0
0.0
4.0
1199.474
6.0
1.3129394
0.0
0.0
4.0
1200.9492
6.0
1.7025161
0.0
0.0
4.0
1202.8622
6.0
2.0492392
0.0
0.0
4.0
1205.1647
6.0
2.3578227
0.0
0.0
4.0
1207.814
6.0
2.6324623
0.0
0.0
4.0
1210.7717
6.0
2.8768916
0.0
0.0
4.0
1214.0042
6.0
3.0944333
0.0
0.0
4.0
1217.4811
6.0
3.2880454
0.0
0.0
4.0
1221.1755
6.0
3.4603603
0.0
0.0
4.0
1225.0636
6.0
3.6137207
0.0
0.0
4.0
1229.1239
6.0
3.7502115
0.0
0.0
4.0
1233.3376
6.0
3.8716884
0.0
0.0
4.0
1237.6879
6.0
3.9798026
0.0
0.0
4.0
1242.1595
6.0
4.076024
0.0
0.0
4.0
1246.7394
6.0
4.161661
0.0
0.0
4.0
1251.4154
6.0
4.2378783
0.0
0.0
4.0
1256.1771
6.0
4.3057117
0.0
0.0
4.0
1261.015
6.0
4.366083
0.0
0.0
4.0
1265.9208
6.0
4.4198136
0.0
0.0
4.0
1270.8868
6.0
4.467634
0.0
0.0
4.0
1275.9066
6.0
4.5101943
0.0
0.0
4.0
1280.9742
6.0
4.548073
0.0
0.0
4.0
1286.0845
6.0
4.5817847
0.0
0.0
4.0
1291.2325
6.0
4.6117883
0.0
0.0
4.0
1296.4143
6.0
4.6384916
0.0
0.0
4.0
1301.6261
6.0
4.662257
0.0
0.0
4.0
1306.8646
6.0
4.6834087
0.0
0.0
4.0
1312.1268
6.0
4.702234
0.0
0.0
4.0
1317.4103
6.0
4.718988
0.0
0.0
4.0
1322.7125
6.0
4.733899
0.0
0.0
4.0
1328.0315
6.0
4.74717
0.0
0.0
4.0
1333.3654
6.0
4.758981
0.0
0.0
4.0
1338.7125
6.0
4.769493
0.0
0.0
4.0
1344.0715
6.0
4.7788486
0.0
0.0
4.0
1349.441
6.0
4.787175
0.0
0.0
4.0
1354.82
6.0
4.7945857
0.0
0.0
4.0
1360.2072
6.0
4.8011813
0.0
0.0
4.0
1365.6017
6.0
4.807051
0.0
0.0
4.0
1371.0028
6.0
4.8122754
0.0
0.0
4.0
1376.4099
6.0
4.816925
0.0
0.0
4.0
1381.8221
6.0
4.821063
0.0
0.0
4.0
1387.239
6.0
4.824746
0.0
0.0
4.0
1392.66
6.0
4.828024
0.0
0.0
4.0
1398.0848
6.0
4.830941
0.0
0.0
4.0
1403.5128
6.0
4.8335376
0.0
0.0
4.0
1408.9437
6.0
4.8358483
0.0
0.0
4.0
1414.3773
6.0
4.837905
0.0
0.0
4.0
1419.8131
6.0
4.839735
0.0
0.0
4.0
1425.251
6.0
4.307364
0.0
0.0
4.0
1430.0907
6.0
3.8335538
0.0
0.0
4.0
1434.3981
6.0
2.877863
0.0
0.0
4.0
1437.6316
6.0
2.027298
0.0
0.0
4.0
1439.9094
6.0
1.2702951
0.0
0.0
4.0
1441.3367
6.0
0.5965626
0.0
0.0
4.0
1442.007
6.0
0.5309407
0.0
0.0
4.0
1442.6035
6.0
0.47253722
0.0
0.0
4.0
1443.1344
6.0
0.0
0.0
0.0
4.0
1443.1344
6.0
0.0
0.0
0.0
4.0
1443.1344
6.0
0.53400004
0.0
0.0
4.0
1443.7344
6.0
1.00926
0.0
0.0
4.0
1444.8684
6.0
1.4322414
0.0
0.0
4.0
1446.4777
6.0
1.8086947
0.0
0.0
4.0
1448.5099
6.0
2.1437383
0.0
0.0
4.0
1450.9186
6.0
2.441927
0.0
0.0
4.0
1453.6624
6.0
2.173315
0.0
0.0
4.0
1456.1042
6.0
1.9342504
0.0
0.0
4.0
1458.2776
6.0
1.7214828
0.0
0.0
4.0
1460.2118
6.0
1.5321196
0.0
0.0
4.0
1461.9332
6.0
1.3635864
0.0
0.0
4.0
1463.4653
6.0
1.2135919
0.0
0.0
4.0
1464.8289
6.0
1.0800968
0.0
0.0
4.0
1466.0425
7.0
0.9612862
0.0
0.0
4.0
1467.1226
7.0
0.0
0.0
0.0
4.0
1467.1226
7.0
-0.53400004
0.0
0.0
4.0
1466.5226
7.0
-1.00926
0.0
0.0
4.0
1465.3885
7.0
-1.4322414
0.0
0.0
4.0
1463.7793
7.0
-1.2746949
0.0
0.0
4.0
1462.347
7.0
-1.1344784
0.0
0.0
4.0
1461.0724
7.0
-1.0096858
0.0
0.0
4.0
1459.9379
7.0
-0.8986203
0.0
0.0
4.0
1458.9282
7.0
-0.7997721
0.0
0.0
4.0
1458.0297
7.0
0.0
0.0
0.0
4.0
1458.0297
7.0
0.53400004
0.0
0.0
4.0
1458.6296
7.0
1.00926
0.0
0.0
4.0
1459.7637
7.0
1.4322414
0.0
0.0
4.0
1461.3729
7.0
1.8086947
0.0
0.0
4.0
1463.4052
7.0
2.1437383
0.0
0.0
4.0
1465.8138
7.0
1.907927
0.0
0.0
4.0
1467.9576
7.0
1.698055
0.0
0.0
4.0
1469.8656
7.0
1.511269
0.0
0.0
4.0
1471.5636
7.0
0.8110294
0.0
0.0
4.0
1472.4749
7.0
0.0
0.0
0.0
4.0
1472.4749
7.0
0.0
0.0
0.0
4.0
1472.4749
7.0
0.0
0.0
0.0
4.0
1472.4749
8.0
0.0
0.0
0.0
4.0
1472.4749
8.0
0.53400004
0.0
0.0
4.0
1473.0748
8.0
1.00926
0.0
0.0
4.0
1474.2089
8.0
1.4322414
0.0
0.0
4.0
1475.8181
8.0
1.8086947
0.0
0.0
4.0
1477.8503
8.0
2.1437383
0.0
0.0
4.0
1480.259
8.0
2.441927
0.0
0.0
4.0
1483.0028
8.0
2.707315
0.0
0.0
4.0
1486.0447
8.0
2.9435103
0.0
0.0
4.0
1489.352
8.0
3.1537242
0.0
0.0
4.0
1492.8955
8.0
3.3408144
0.0
0.0
4.0
1496.6493
8.0
3.507325
0.0
0.0
4.0
1500.5901
8.0
3.6555192
0.0
0.0
4.0
1504.6974
8.0
3.7874122
0.0
0.0
4.0
1508.9529
8.0
3.9047966
0.0
0.0
4.0
1513.3403
8.0
4.0092688
0.0
0.0
4.0
1517.8451
8.0
4.102249
0.0
0.0
4.0
1522.4543
8.0
4.1850014
0.0
0.0
4.0
1527.1566
8.0
4.2586513
0.0
0.0
4.0
1531.9417
8.0
4.3241997
0.0
0.0
4.0
1536.8003
8.0
4.3825374
0.0
0.0
4.0
1541.7245
8.0
4.4344583
0.0
0.0
4.0
1546.707
8.0
4.4806676
0.0
0.0
4.0
1551.7415
8.0
4.521794
0.0
0.0
4.0
1556.8221
8.0
4.5583963
0.0
0.0
4.0
1561.944
8.0
4.5909724
0.0
0.0
4.0
1567.1024
8.0
4.619965
0.0
0.0
4.0
1572.2933
8.0
4.6457686
0.0
0.0
4.0
1577.5133
8.0
4.668734
0.0
0.0
4.0
1582.759
8.0
4.689173
0.0
0.0
4.0
1588.0277
8.0
4.707364
0.0
0.0
4.0
1593.3169
8.0
4.7235537
0.0
0.0
4.0
1598.6243
8.0
4.7379627
0.0
0.0
4.0
1603.9479
8.0
4.750787
0.0
0.0
4.0
1609.2859
8.0
4.7622
0.0
0.0
4.0
1614.6367
8.0
4.772358
0.0
0.0
4.0
1619.9989
8.0
4.7813983
0.0
0.0
4.0
1625.3712
8.0
4.7894444
0.0
0.0
4.0
1630.7526
8.0
4.7966056
0.0
0.0
4.0
1636.142
8.0
4.802979
0.0
0.0
4.0
1641.5386
8.0
4.808651
0.0
0.0
4.0
1646.9415
8.0
4.8136992
0.0
0.0
4.0
1652.3502
8.0
3.7501924
0.0
0.0
4.0
1656.564
8.0
2.8036711
0.0
0.0
4.0
1659.7141
8.0
1.9612671
0.0
0.0
4.0
1661.9177
8.0
1.2115277
0.0
0.0
4.0
1663.279
8.0
0.5442596
0.0
0.0
4.0
1663.8906
8.0
0.48439103
0.0
0.0
4.0
1664.4349
8.0
0.0
0.0
0.0
4.0
1664.4349
9.0
0.0
0.0
0.0
4.0
1664.4349
9.0
0.0
0.0
0.0
4.0
1664.4349
9.0
0.0
0.0
0.0
4.0
1664.4349
9.0
0.0
0.0
0.0
4.0
1664.4349
9.0
0.0
0.0
0.0
4.0
1664.4349
9.0
0.0
0.0
0.0
4.0
1664.4349
9.0
0.0
0.0
0.0
4.0
1664.4349
9.0
0.0
0.0
0.0
4.0
1664.4349
9.0
0.0
0.0
0.0
4.0
1664.4349
9.0
0.0
0.0
0.0
4.0
1664.4349
9.0
0.53400004
0.0
0.0
4.0
1665.0349
9.0
1.00926
0.0
0.0
4.0
1666.169
9.0
1.4322414
0.0
0.0
4.0
1667.7782
9.0
1.8086947
0.0
0.0
4.0
1669.8104
9.0
2.1437383
0.0
0.0
4.0
1672.2191
9.0
2.441927
0.0
0.0
4.0
1674.9629
9.0
2.707315
0.0
0.0
4.0
1678.0048
9.0
2.9435103
0.0
0.0
4.0
1681.3121
9.0
3.1537242
0.0
0.0
4.0
1684.8556
9.0
3.3408144
0.0
0.0
4.0
1688.6094
9.0
3.507325
0.0
0.0
4.0
1692.5502
9.0
3.6555192
0.0
0.0
4.0
1696.6575
9.0
3.7874122
0.0
0.0
4.0
1700.913
9.0
3.9047966
0.0
0.0
4.0
1705.3004
9.0
4.0092688
0.0
0.0
4.0
1709.8052
9.0
4.102249
0.0
0.0
4.0
1714.4144
9.0
4.1850014
0.0
0.0
4.0
1719.1167
9.0
4.2586513
0.0
0.0
4.0
1723.9017
9.0
4.3241997
0.0
0.0
4.0
1728.7604
9.0
4.3825374
0.0
0.0
4.0
1733.6846
9.0
4.4344583
0.0
0.0
4.0
1738.6671
9.0
4.4806676
0.0
0.0
4.0
1743.7015
9.0
4.521794
0.0
0.0
4.0
1748.7822
9.0
4.5583963
0.0
0.0
4.0
1753.904
9.0
4.5909724
0.0
0.0
4.0
1759.0625
9.0
4.619965
0.0
0.0
4.0
1764.2534
9.0
4.6457686
0.0
0.0
4.0
1769.4734
9.0
4.668734
0.0
0.0
4.0
1774.7191
9.0
4.689173
0.0
0.0
4.0
1779.9878
9.0
4.707364
0.0
0.0
4.0
1785.277
9.0
4.7235537
0.0
0.0
4.0
1790.5844
9.0
4.7379627
0.0
0.0
4.0
1795.908
9.0
4.750787
0.0
0.0
4.0
1801.246
9.0
4.7622
0.0
0.0
4.0
1806.5968
9.0
4.772358
0.0
0.0
4.0
1811.959
9.0
4.7813983
0.0
0.0
4.0
1817.3313
9.0
4.7894444
0.0
0.0
4.0
1822.7126
9.0
4.7966056
0.0
0.0
4.0
1828.102
9.0
4.802979
0.0
0.0
4.0
1833.4987
9.0
4.808651
0.0
0.0
4.0
1838.9016
9.0
4.8136992
0.0
0.0
4.0
1844.3103
9.0
4.818192
0.0
0.0
4.0
1849.724
9.0
4.8221908
0.0
0.0
4.0
1855.1422
9.0
4.8257494
0.0
0.0
4.0
1860.5645
9.0
4.828917
0.0
0.0
4.0
1865.9902
9.0
4.831736
0.0
0.0
4.0
1871.4192
9.0
4.8342447
0.0
0.0
4.0
1876.851
9.0
4.8364778
0.0
0.0
4.0
1882.2852
9.0
4.838465
0.0
0.0
4.0
1887.7217
9.0
4.840234
0.0
0.0
4.0
1893.1602
9.0
4.841808
0.0
0.0
4.0
1898.6003
9.0
4.843209
0.0
0.0
4.0
1904.0421
9.0
4.8444557
0.0
0.0
4.0
1909.4854
9.0
4.8455653
0.0
0.0
4.0
1914.9298
9.0
4.846553
0.0
0.0
4.0
1920.3754
9.0
4.8474317
0.0
0.0
4.0
1925.8219
9.0
4.848214
0.0
0.0
4.0
1931.2693
9.0
4.3149104
0.0
0.0
4.0
1936.1176
9.0
3.3062704
0.0
0.0
4.0
1939.8325
9.0
2.4085805
0.0
0.0
4.0
1942.5388
9.0
1.6096367
0.0
0.0
4.0
1944.3474
9.0
0.8985766
0.0
0.0
4.0
1945.357
9.0
0.79973316
0.0
0.0
4.0
1946.2556
9.0
0.7117625
0.0
0.0
4.0
1947.0553
9.0
0.6334686
0.0
0.0
4.0
1947.7671
10.0
0.56378704
0.0
0.0
4.0
1948.4005
10.0
0.50177044
0.0
0.0
4.0
1948.9644
10.0
0.9805756
0.0
0.0
4.0
1950.0662
10.0
1.4067124
0.0
0.0
4.0
1951.6467
10.0
1.785974
0.0
0.0
4.0
1953.6534
10.0
1.5895169
0.0
0.0
4.0
1955.4395
10.0
1.41467
0.0
0.0
4.0
1957.0289
10.0
1.2590563
0.0
0.0
4.0
1958.4436
10.0
0.58656013
0.0
0.0
4.0
1959.1027
11.0
0.0
0.0
0.0
4.0
1959.1027
11.0
-0.53400004
0.0
0.0
4.0
1958.5027
11.0
-1.00926
0.0
0.0
4.0
1957.3687
11.0
-1.4322414
0.0
0.0
4.0
1955.7594
11.0
-1.8086947
0.0
0.0
4.0
1953.7272
11.0
-2.1437383
0.0
0.0
4.0
1951.3185
11.0
-1.907927
0.0
0.0
4.0
1949.1747
11.0
-1.698055
0.0
0.0
4.0
1947.2667
11.0
-0.97726893
0.0
0.0
4.0
1946.1687
11.0
0.0
0.0
0.0
4.0
1946.1687
11.0
0.53400004
0.0
0.0
4.0
1946.7687
11.0
1.00926
0.0
0.0
4.0
1947.9027
11.0
1.4322414
0.0
0.0
4.0
1949.512
11.0
1.8086947
0.0
0.0
4.0
1951.5442
11.0
2.1437383
0.0
0.0
4.0
1953.9529
11.0
2.441927
0.0
0.0
4.0
1956.6967
11.0
2.173315
0.0
0.0
4.0
1959.1385
11.0
1.4002503
0.0
0.0
4.0
1960.7119
11.0
0.71222275
0.0
0.0
4.0
1961.5122
11.0
0.0
0.0
0.0
4.0
1961.5122
11.0
0.0
0.0
0.0
4.0
1961.5122
11.0
0.0
0.0
0.0
4.0
1961.5122
11.0
0.0
0.0
0.0
4.0
1961.5122
12.0
0.0
0.0
0.0
4.0
1961.5122
12.0
0.0
0.0
0.0
4.0
1961.5122
12.0
0.0
0.0
0.0
4.0
1961.5122
12.0
-0.53400004
0.0
0.0
4.0
1960.9122
12.0
-1.00926
0.0
0.0
4.0
1959.7782
12.0
-1.4322414
0.0
0.0
4.0
1958.169
12.0
-1.8086947
0.0
0.0
4.0
1956.1367
12.0
-2.1437383
0.0
0.0
4.0
1953.728
12.0
-1.907927
0.0
0.0
4.0
1951.5842
12.0
-1.698055
0.0
0.0
4.0
1949.6763
12.0
-1.511269
0.0
0.0
4.0
1947.9783
12.0
-1.3450294
0.0
0.0
4.0
1946.467
12.0
-0.6630761
0.0
0.0
4.0
1945.722
12.0
0.0
0.0
0.0
4.0
1945.722
12.0
0.53400004
0.0
0.0
4.0
1946.322
12.0
1.00926
0.0
0.0
4.0
1947.456
12.0
1.4322414
0.0
0.0
4.0
1949.0653
12.0
1.2746949
0.0
0.0
4.0
1950.4976
12.0
1.1344784
0.0
0.0
4.0
1951.7722
12.0
0.4756858
0.0
0.0
4.0
1952.3066
12.0
0.0
0.0
0.0
4.0
1952.3066
12.0
-0.53400004
0.0
0.0
4.0
1951.7067
12.0
-0.47526002
0.0
0.0
4.0
1951.1726
12.0
0.0
0.0
0.0
4.0
1951.1726
13.0
0.53400004
0.0
0.0
4.0
1951.7726
13.0
1.00926
0.0
0.0
4.0
1952.9066
13.0
1.4322414
0.0
0.0
4.0
1954.5159
13.0
1.8086947
0.0
0.0
4.0
1956.5481
13.0
2.1437383
0.0
0.0
4.0
1958.9568
13.0
2.441927
0.0
0.0
4.0
1961.7006
13.0
2.707315
0.0
0.0
4.0
1964.7424
13.0
2.9435103
0.0
0.0
4.0
1968.0498
13.0
3.1537242
0.0
0.0
4.0
1971.5933
13.0
3.3408144
0.0
0.0
4.0
1975.347
13.0
3.507325
0.0
0.0
4.0
1979.2878
13.0
3.6555192
0.0
0.0
4.0
1983.3951
13.0
3.7874122
0.0
0.0
4.0
1987.6506
13.0
3.9047966
0.0
0.0
4.0
1992.0381
13.0
4.0092688
0.0
0.0
4.0
1996.5428
13.0
4.102249
0.0
0.0
4.0
2001.1521
13.0
4.1850014
0.0
0.0
4.0
2005.8544
13.0
4.2586513
0.0
0.0
4.0
2010.6394
13.0
4.3241997
0.0
0.0
4.0
2015.498
13.0
4.3825374
0.0
0.0
4.0
2020.4222
13.0
4.4344583
0.0
0.0
4.0
2025.4048
13.0
4.4806676
0.0
0.0
4.0
2030.4392
13.0
4.521794
0.0
0.0
4.0
2035.5199
13.0
4.5583963
0.0
0.0
4.0
2040.6417
13.0
4.5909724
0.0
0.0
4.0
2045.8002
13.0
4.619965
0.0
0.0
4.0
2050.9912
13.0
4.6457686
0.0
0.0
4.0
2056.2112
13.0
4.668734
0.0
0.0
4.0
2061.457
13.0
4.689173
0.0
0.0
4.0
2066.7258
13.0
4.707364
0.0
0.0
4.0
2072.015
13.0
4.7235537
0.0
0.0
4.0
2077.3223
13.0
4.7379627
0.0
0.0
4.0
2082.6458
13.0
4.750787
0.0
0.0
4.0
2087.9836
13.0
4.7622
0.0
0.0
4.0
2093.3345
13.0
4.772358
0.0
0.0
4.0
2098.6968
13.0
4.7813983
0.0
0.0
4.0
2104.069
13.0
4.7894444
0.0
0.0
4.0
2109.4504
13.0
4.7966056
0.0
0.0
4.0
2114.8398
13.0
4.802979
0.0
0.0
4.0
2120.2363
13.0
4.808651
0.0
0.0
4.0
2125.6394
13.0
4.8136992
0.0
0.0
4.0
2131.048
13.0
4.818192
0.0
0.0
4.0
2136.462
13.0
4.8221908
0.0
0.0
4.0
2141.8801
13.0
4.8257494
0.0
0.0
4.0
2147.3022
13.0
4.828917
0.0
0.0
4.0
2152.728
13.0
4.831736
0.0
0.0
4.0
2158.157
13.0
4.8342447
0.0
0.0
4.0
2163.5886
13.0
4.8364778
0.0
0.0
4.0
2169.023
13.0
4.838465
0.0
0.0
4.0
2174.4595
13.0
4.840234
0.0
0.0
4.0
2179.898
13.0
4.841808
0.0
0.0
4.0
2185.3381
13.0
0.0
0.0
0.0
4.0
2187.0
13.0
0.53400004
0.0
0.0
4.0
2187.6
13.0
0.0
0.0
0.0
4.0
2187.0
13.0
0.53400004
0.0
0.0
4.0
2187.6
13.0
1.00926
0.0
0.0
4.0
2188.7341
13.0
1.4322414
0.0
0.0
4.0
2190.3435
13.0
1.8086947
0.0
0.0
4.0
2192.3757
13.0
2.1437383
0.0
0.0
4.0
2194.7844
13.0
2.441927
0.0
0.0
4.0
2197.528
13.0
2.707315
0.0
0.0
4.0
2200.57
13.0
2.9435103
0.0
0.0
4.0
2203.8774
13.0
3.1537242
0.0
0.0
4.0
2207.421
13.0
3.3408144
0.0
0.0
4.0
2211.1746
13.0
3.507325
0.0
0.0
4.0
2215.1155
13.0
3.6555192
0.0
0.0
4.0
2219.223
13.0
3.7874122
0.0
0.0
4.0
2223.4785
13.0
3.9047966
0.0
0.0
4.0
2227.866
13.0
4.0092688
0.0
0.0
4.0
2232.3708
13.0
0.0
0.0
0.0
4.0
2235.0
13.0
0.53400004
0.0
0.0
4.0
2235.6
13.0
0.0
0.0
0.0
4.0
2235.0
13.0
0.53400004
0.0
0.0
4.0
2235.6
13.0
0.0
0.0
0.0
4.0
2235.0
13.0
0.53400004
0.0
0.0
4.0
2235.6
13.0
0.0
0.0
0.0
4.0
2235.0
13.0
0.53400004
0.0
0.0
4.0
2235.6
13.0
0.0
0.0
0.0
4.0
2235.0
13.0
0.53400004
0.0
0.0
4.0
2235.6
13.0
0.0
0.0
0.0
4.0
2235.0
13.0
0.53400004
0.0
0.0
4.0
2235.6
13.0
1.00926
0.0
0.0
4.0
2236.7341
13.0
1.4322414
0.0
0.0
4.0
2238.3435
13.0
1.8086947
0.0
0.0
4.0
2240.3757
13.0
2.1437383
0.0
0.0
4.0
2242.7844
13.0
2.441927
0.0
0.0
4.0
2245.528
13.0
2.707315
0.0
0.0
4.0
2248.57
13.0
2.9435103
0.0
0.0
4.0
2251.8774
13.0
3.1537242
0.0
0.0
4.0
2255.421
13.0
3.3408144
0.0
0.0
4.0
2259.1746
13.0
3.507325
0.0
0.0
4.0
2263.1155
13.0
3.6555192
0.0
0.0
4.0
2267.223
13.0
3.7874122
0.0
0.0
4.0
2271.4785
13.0
3.9047966
0.0
0.0
4.0
2275.866
13.0
4.0092688
0.0
0.0
4.0
2280.3708
13.0
4.102249
0.0
0.0
4.0
2284.9802
13.0
4.1850014
0.0
0.0
4.0
2289.6824
13.0
4.2586513
0.0
0.0
4.0
2294.4673
13.0
4.3241997
0.0
0.0
4.0
2299.326
13.0
4.3825374
0.0
0.0
4.0
2304.2502
13.0
4.4344583
0.0
0.0
4.0
2309.2327
13.0
4.4806676
0.0
0.0
4.0
2314.267
13.0
4.521794
0.0
0.0
4.0
2319.3477
13.0
4.5583963
0.0
0.0
4.0
2324.4695
13.0
4.5909724
0.0
0.0
4.0
2329.628
13.0
4.619965
0.0
0.0
4.0
2334.8188
13.0
4.6457686
0.0
0.0
4.0
2340.0388
13.0
4.668734
0.0
0.0
4.0
2345.2847
13.0
4.689173
0.0
0.0
4.0
2350.5535
13.0
4.707364
0.0
0.0
4.0
2355.8425
13.0
4.7235537
0.0
0.0
4.0
2361.15
13.0
4.7379627
0.0
0.0
4.0
2366.4734
13.0
4.750787
0.0
0.0
4.0
2371.8113
13.0
4.7622
0.0
0.0
4.0
2377.162
13.0
4.772358
0.0
0.0
4.0
2382.5244
13.0
4.7813983
0.0
0.0
4.0
2387.8967
13.0
4.7894444
0.0
0.0
4.0
2393.278
13.0
4.7966056
0.0
0.0
4.0
2398.6675
13.0
4.802979
0.0
0.0
4.0
2404.064
13.0
4.808651
0.0
0.0
4.0
2409.467
13.0
0.0
0.0
0.0
4.0
2411.0
13.0
0.0
0.0
0.0
4.0
2411.0
13.0
0.0
0.0
0.0
4.0
2411.0
13.0
0.0
0.0
0.0
4.0
2411.0
13.0
0.0
0.0
0.0
4.0
2411.0
13.0
0.0
0.0
0.0
4.0
2411.0
13.0
0.0
0.0
0.0
4.0
2411.0
13.0
0.53400004
0.0
0.0
4.0
2411.6
13.0
1.00926
0.0
0.0
4.0
2412.7341
13.0
1.4322414
0.0
0.0
4.0
2414.3435
13.0
1.8086947
0.0
0.0
4.0
2416.3757
13.0
2.1437383
0.0
0.0
4.0
2418.7844
13.0
2.441927
0.0
0.0
4.0
2421.528
13.0
2.707315
0.0
0.0
4.0
2424.57
13.0
2.9435103
0.0
0.0
4.0
2427.8774
13.0
3.1537242
0.0
0.0
4.0
2431.421
13.0
3.3408144
0.0
0.0
4.0
2435.1746
13.0
3.507325
0.0
0.0
4.0
2439.1155
13.0
3.6555192
0.0
0.0
4.0
2443.223
13.0
3.7874122
0.0
0.0
4.0
2447.4785
13.0
3.9047966
0.0
0.0
4.0
2451.866
13.0
4.0092688
0.0
0.0
4.0
2456.3708
13.0
4.102249
0.0
0.0
4.0
2460.9802
13.0
4.1850014
0.0
0.0
4.0
2465.6824
13.0
4.2586513
0.0
0.0
4.0
2470.4673
13.0
4.3241997
0.0
0.0
4.0
2475.326
13.0
4.3825374
0.0
0.0
4.0
2480.2502
13.0
4.4344583
0.0
0.0
4.0
2485.2327
13.0
4.4806676
0.0
0.0
4.0
2490.267
13.0
4.521794
0.0
0.0
4.0
2495.3477
13.0
4.5583963
0.0
0.0
4.0
2500.4695
13.0
4.5909724
0.0
0.0
4.0
2505.628
13.0
4.619965
0.0
0.0
4.0
2510.8188
13.0
4.6457686
0.0
0.0
4.0
2516.0388
13.0
4.668734
0.0
0.0
4.0
2521.2847
13.0
4.689173
0.0
0.0
4.0
2526.5535
13.0
4.707364
0.0
0.0
4.0
2531.8425
13.0
4.7235537
0.0
0.0
4.0
2537.15
13.0
4.7379627
0.0
0.0
4.0
2542.4734
13.0
4.750787
0.0
0.0
4.0
2547.8113
13.0
4.7622
0.0
0.0
4.0
2553.162
13.0
4.772358
0.0
0.0
4.0
2558.5244
13.0
4.7813983
0.0
0.0
4.0
2563.8967
13.0
4.7894444
0.0
0.0
4.0
2569.278
13.0
4.7966056
0.0
0.0
4.0
2574.6675
13.0
4.802979
0.0
0.0
4.0
2580.064
13.0
4.808651
0.0
0.0
4.0
2585.467
13.0
4.8136992
0.0
0.0
4.0
2590.8757
13.0
4.818192
0.0
0.0
4.0
2596.2896
13.0
4.8221908
0.0
0.0
4.0
2601.7078
13.0
4.8257494
0.0
0.0
4.0
2607.13
13.0
4.828917
0.0
0.0
4.0
2612.5557
13.0
4.831736
0.0
0.0
4.0
2617.9846
13.0
4.8342447
0.0
0.0
4.0
2623.4163
13.0
4.8364778
0.0
0.0
4.0
2628.8506
13.0
4.838465
0.0
0.0
4.0
2634.287
13.0
4.840234
0.0
0.0
4.0
2639.7256
13.0
4.841808
0.0
0.0
4.0
2645.1658
13.0
4.843209
0.0
0.0
4.0
2650.6077
13.0
4.8444557
0.0
0.0
4.0
2656.0508
13.0
4.8455653
0.0
0.0
4.0
2661.495
13.0
4.846553
0.0
0.0
4.0
2666.9407
13.0
4.8474317
0.0
0.0
4.0
2672.3872
13.0
4.848214
0.0
0.0
4.0
2677.8347
13.0
4.8489103
0.0
0.0
4.0
2683.283
13.0
4.84953
0.0
0.0
4.0
2688.732
13.0
4.850082
0.0
0.0
4.0
2694.1814
13.0
4.8505726
0.0
0.0
4.0
2699.6316
13.0
4.8510094
0.0
0.0
4.0
2705.0823
13.0
4.851398
0.0
0.0
4.0
2710.5332
13.0
4.851744
0.0
0.0
4.0
2715.9846
13.0
4.852052
0.0
0.0
4.0
2721.4363
13.0
4.8523264
0.0
0.0
4.0
2726.8884
13.0
4.8525705
0.0
0.0
4.0
2732.3408
13.0
4.8527875
0.0
0.0
4.0
2737.7935
13.0
4.8529806
0.0
0.0
4.0
2743.2463
13.0
4.319153
0.0
0.0
4.0
2748.0994
13.0
3.310046
0.0
0.0
4.0
2751.8186
13.0
2.4119408
0.0
0.0
4.0
2754.5286
14.0
1.6126273
0.0
0.0
4.0
2756.3406
14.0
0.9012382
0.0
0.0
4.0
2757.3533
14.0
0.80210197
0.0
0.0
4.0
2758.2544
14.0
1.2478708
0.0
0.0
4.0
2759.6565
14.0
1.644605
0.0
0.0
4.0
2761.5044
14.0
1.9976984
0.0
0.0
4.0
2763.749
14.0
1.7779516
0.0
0.0
4.0
2765.7468
14.0
1.0483769
0.0
0.0
4.0
2766.9248
14.0
0.0
0.0
0.0
4.0
2766.9248
15.0
-0.53400004
0.0
0.0
4.0
2766.3247
15.0
-1.00926
0.0
0.0
4.0
2765.1907
15.0
0.0
0.0
0.0
4.0
2765.1907
15.0
0.53400004
0.0
0.0
4.0
2765.7908
15.0
1.00926
0.0
0.0
4.0
2766.9248
15.0
1.4322414
0.0
0.0
4.0
2768.5342
15.0
1.8086947
0.0
0.0
4.0
2770.5664
15.0
2.1437383
0.0
0.0
4.0
2772.975
15.0
2.441927
0.0
0.0
4.0
2775.7188
15.0
2.707315
0.0
0.0
4.0
2778.7607
15.0
2.9435103
0.0
0.0
4.0
2782.068
15.0
3.1537242
0.0
0.0
4.0
2785.6116
15.0
3.3408144
0.0
0.0
4.0
2789.3652
15.0
3.507325
0.0
0.0
4.0
2793.3062
15.0
3.6555192
0.0
0.0
4.0
2797.4136
15.0
3.7874122
0.0
0.0
4.0
2801.6692
15.0
3.9047966
0.0
0.0
4.0
2806.0566
15.0
4.0092688
0.0
0.0
4.0
2810.5615
15.0
4.102249
0.0
0.0
4.0
2815.171
15.0
4.1850014
0.0
0.0
4.0
2819.873
15.0
4.2586513
0.0
0.0
4.0
2824.658
15.0
4.3241997
0.0
0.0
4.0
2829.5166
15.0
4.3825374
0.0
0.0
4.0
2834.441
15.0
4.4344583
0.0
0.0
4.0
2839.4233
15.0
4.4806676
0.0
0.0
4.0
2844.4578
15.0
4.521794
0.0
0.0
4.0
2849.5383
15.0
4.5583963
0.0
0.0
4.0
2854.6602
15.0
4.5909724
0.0
0.0
4.0
2859.8186
15.0
4.619965
0.0
0.0
4.0
2865.0095
15.0
4.6457686
0.0
0.0
4.0
2870.2295
15.0
4.668734
0.0
0.0
4.0
2875.4753
15.0
4.689173
0.0
0.0
4.0
2880.7441
15.0
4.707364
0.0
0.0
4.0
2886.0332
15.0
4.7235537
0.0
0.0
4.0
2891.3406
15.0
4.7379627
0.0
0.0
4.0
2896.664
15.0
4.750787
0.0
0.0
4.0
2902.002
15.0
4.7622
0.0
0.0
4.0
2907.3528
15.0
4.772358
0.0
0.0
4.0
2912.715
15.0
4.7813983
0.0
0.0
4.0
2918.0874
15.0
4.7894444
0.0
0.0
4.0
2923.4688
15.0
4.7966056
0.0
0.0
4.0
2928.8582
15.0
4.802979
0.0
0.0
4.0
2934.2546
15.0
4.808651
0.0
0.0
4.0
2939.6577
15.0
4.8136992
0.0
0.0
4.0
2945.0664
15.0
4.818192
0.0
0.0
4.0
2950.4802
15.0
4.8221908
0.0
0.0
4.0
2955.8984
15.0
0.0
0.0
0.0
4.0
2955.0
15.0
0.53400004
0.0
0.0
4.0
2955.6
15.0
0.0
0.0
0.0
4.0
2955.0
15.0
0.53400004
0.0
0.0
4.0
2955.6
15.0
0.0
0.0
0.0
4.0
2955.0
15.0
0.53400004
0.0
0.0
4.0
2955.6
15.0
1.00926
0.0
0.0
4.0
2956.7341
15.0
1.4322414
0.0
0.0
4.0
2958.3435
15.0
1.8086947
0.0
0.0
4.0
2960.3757
15.0
2.1437383
0.0
0.0
4.0
2962.7844
15.0
2.441927
0.0
0.0
4.0
2965.528
15.0
2.707315
0.0
0.0
4.0
2968.57
15.0
2.9435103
0.0
0.0
4.0
2971.8774
15.0
3.1537242
0.0
0.0
4.0
2975.421
15.0
3.3408144
0.0
0.0
4.0
2979.1746
15.0
3.507325
0.0
0.0
4.0
2983.1155
15.0
3.6555192
0.0
0.0
4.0
2987.223
15.0
0.0
0.0
0.0
4.0
2987.0
15.0
0.53400004
0.0
0.0
4.0
2987.6
15.0
0.0
0.0
0.0
4.0
2987.0
15.0
0.53400004
0.0
0.0
4.0
2987.6
15.0
1.00926
0.0
0.0
4.0
2988.7341
15.0
1.4322414
0.0
0.0
4.0
2990.3435
15.0
1.8086947
0.0
0.0
4.0
2992.3757
15.0
2.1437383
0.0
0.0
4.0
2994.7844
15.0
2.441927
0.0
0.0
4.0
2997.528
15.0
2.707315
0.0
0.0
4.0
3000.57
15.0
2.9435103
0.0
0.0
4.0
3003.8774
15.0
3.1537242
0.0
0.0
4.0
3007.421
15.0
3.3408144
0.0
0.0
4.0
3011.1746
15.0
3.507325
0.0
0.0
4.0
3015.1155
15.0
3.6555192
0.0
0.0
4.0
3019.223
15.0
3.7874122
0.0
0.0
4.0
3023.4785
15.0
3.9047966
0.0
0.0
4.0
3027.866
15.0
4.0092688
0.0
0.0
4.0
3032.3708
15.0
4.102249
0.0
0.0
4.0
3036.9802
15.0
4.1850014
0.0
0.0
4.0
3041.6824
15.0
4.2586513
0.0
0.0
4.0
3046.4673
15.0
4.3241997
0.0
0.0
4.0
3051.326
15.0
4.3825374
0.0
0.0
4.0
3056.2502
15.0
4.4344583
0.0
0.0
4.0
3061.2327
15.0
4.4806676
0.0
0.0
4.0
3066.267
15.0
4.521794
0.0
0.0
4.0
3071.3477
15.0
4.5583963
0.0
0.0
4.0
3076.4695
15.0
4.5909724
0.0
0.0
4.0
3081.628
15.0
4.619965
0.0
0.0
4.0
3086.8188
15.0
4.6457686
0.0
0.0
4.0
3092.0388
15.0
4.668734
0.0
0.0
4.0
3097.2847
15.0
4.689173
0.0
0.0
4.0
3102.5535
15.0
4.707364
0.0
0.0
4.0
3107.8425
15.0
4.7235537
0.0
0.0
4.0
3113.15
15.0
4.7379627
0.0
0.0
4.0
3118.4734
15.0
4.750787
0.0
0.0
4.0
3123.8113
15.0
4.7622
0.0
0.0
4.0
3129.162
15.0
4.772358
0.0
0.0
4.0
3134.5244
15.0
4.7813983
0.0
0.0
4.0
3139.8967
15.0
4.7894444
0.0
0.0
4.0
3145.278
15.0
4.7966056
0.0
0.0
4.0
3150.6675
15.0
4.802979
0.0
0.0
4.0
3156.064
15.0
4.808651
0.0
0.0
4.0
3161.467
15.0
4.8136992
0.0
0.0
4.0
3166.8757
15.0
0.0
0.0
0.0
4.0
3168.0
15.0
