937, 6
0.0
0.0
0.0
4.0
56.0
0.0
0.0
0.0
0.0
4.0
56.0
0.0
0.0
0.0
0.0
4.0
56.0
0.0
0.0
0.0
0.0
4.0
56.0
0.0
0.0
0.0
0.0
4.0
56.0
0.0
0.0
0.0
0.0
4.0
56.0
0.0
0.0
0.0
0.0
4.0
56.0
0.0
0.0
0.0
0.0
4.0
56.0
0.0
0.0
0.0
0.0
4.0
56.0
0.0
0.0
0.0
0.0
4.0
56.0
0.0
0.53400004
0.0
0.0
4.0
56.6
0.0
1.00926
0.0
0.0
4.0
57.733997
0.0
1.4322414
0.0
0.0
4.0
59.343258
0.0
1.8086947
0.0
0.0
4.0
61.3755
0.0
2.1437383
0.0
0.0
4.0
63.784195
0.0
2.441927
0.0
0.0
4.0
66.52793
0.0
2.707315
0.0
0.0
4.0
69.569855
0.0
2.9435103
0.0
0.0
4.0
72.87717
0.0
3.1537242
0.0
0.0
4.0
76.42068
0.0
3.3408144
0.0
0.0
4.0
80.1744
0.0
3.507325
0.0
0.0
4.0
84.11521
0.0
3.6555192
0.0
0.0
4.0
88.222534
0.0
3.7874122
0.0
0.0
4.0
92.47805
0.0
3.9047966
0.0
0.0
4.0
96.86546
0.0
4.0092688
0.0
0.0
4.0
101.37026
0.0
4.102249
0.0
0.0
4.0
105.97953
0.0
4.1850014
0.0
0.0
4.0
110.68178
0.0
4.2586513
0.0
0.0
4.0
115.46678
0.0
4.3241997
0.0
0.0
4.0
120.32543
0.0
4.3825374
0.0
0.0
4.0
125.24963
0.0
4.4344583
0.0
0.0
4.0
130.23218
0.0
4.4806676
0.0
0.0
4.0
135.26663
0.0
4.521794
0.0
0.0
4.0
140.3473
0.0
4.5583963
0.0
0.0
4.0
145.4691
0.0
4.5909724
0.0
0.0
4.0
150.6275
0.0
4.619965
0.0
0.0
4.0
155.81848
0.0
4.6457686
0.0
0.0
4.0
161.03845
0.0
4.668734
0.0
0.0
4.0
166.28423
0.0
4.689173
0.0
0.0
4.0
171.55296
0.0
4.707364
0.0
0.0
4.0
176.84213
0.0
4.7235537
0.0
0.0
4.0
182.14949
0.0
4.7379627
0.0
0.0
4.0
187.47304
0.0
4.750787
0.0
0.0
4.0
192.811
0.0
4.7622
0.0
0.0
4.0
198.16179
0.0
4.772358
0.0
0.0
4.0
203.52399
0.0
4.7813983
0.0
0.0
4.0
208.89635
0.0
4.7894444
0.0
0.0
4.0
214.27774
0.0
4.7966056
0.0
0.0
4.0
219.66719
0.0
4.802979
0.0
0.0
4.0
225.0638
0.0
4.808651
0.0
0.0
4.0
230.46678
0.0
4.8136992
0.0
0.0
4.0
235.87543
0.0
4.818192
0.0
0.0
4.0
241.28912
0.0
4.8221908
0.0
0.0
4.0
246.70732
0.0
4.8257494
0.0
0.0
4.0
252.12952
0.0
4.828917
0.0
0.0
4.0
257.55527
0.0
4.831736
0.0
0.0
4.0
262.9842
0.0
4.8342447
0.0
0.0
4.0
268.41592
0.0
4.8364778
0.0
0.0
4.0
273.85016
0.0
4.838465
0.0
0.0
4.0
279.28662
0.0
4.840234
0.0
0.0
4.0
284.7251
0.0
4.841808
0.0
0.0
4.0
290.16534
0.0
3.775209
0.0
0.0
4.0
294.40717
0.0
2.825936
0.0
0.0
4.0
297.58237
0.0
1.9810829
0.0
0.0
4.0
299.8083
0.0
1.2291638
0.0
0.0
4.0
301.18936
0.0
0.5599557
0.0
0.0
4.0
301.8185
0.0
0.0
0.0
0.0
4.0
301.8185
0.0
0.0
0.0
0.0
4.0
301.8185
1.0
0.0
0.0
0.0
4.0
301.8185
1.0
0.53400004
0.0
0.0
4.0
302.41852
1.0
1.00926
0.0
0.0
4.0
303.55252
1.0
1.4322414
0.0
0.0
4.0
305.16177
1.0
1.8086947
0.0
0.0
4.0
307.194
1.0
2.1437383
0.0
0.0
4.0
309.6027
1.0
2.441927
0.0
0.0
4.0
312.34644
1.0
2.707315
0.0
0.0
4.0
315.38837
1.0
2.9435103
0.0
0.0
4.0
318.69568
1.0
3.1537242
0.0
0.0
4.0
322.2392
1.0
3.3408144
0.0
0.0
4.0
325.99292
1.0
3.507325
0.0
0.0
4.0
329.93375
1.0
3.6555192
0.0
0.0
4.0
334.04108
1.0
3.7874122
0.0
0.0
4.0
338.2966
1.0
3.9047966
0.0
0.0
4.0
342.68402
1.0
4.0092688
0.0
0.0
4.0
347.1888
1.0
4.102249
0.0
0.0
4.0
351.7981
1.0
4.1850014
0.0
0.0
4.0
356.50034
1.0
4.2586513
0.0
0.0
4.0
361.28534
1.0
4.3241997
0.0
0.0
4.0
366.14398
1.0
4.3825374
0.0
0.0
4.0
371.06818
1.0
4.4344583
0.0
0.0
4.0
376.05072
1.0
4.4806676
0.0
0.0
4.0
381.08517
1.0
4.521794
0.0
0.0
4.0
386.16583
1.0
4.5583963
0.0
0.0
4.0
391.28763
1.0
4.5909724
0.0
0.0
4.0
396.446
1.0
4.619965
0.0
0.0
4.0
401.637
1.0
4.6457686
0.0
0.0
4.0
406.85696
1.0
4.668734
0.0
0.0
4.0
412.10272
1.0
4.689173
0.0
0.0
4.0
417.37146
1.0
4.707364
0.0
0.0
4.0
422.66064
1.0
4.7235537
0.0
0.0
4.0
427.96802
1.0
4.7379627
0.0
0.0
4.0
433.29156
1.0
4.750787
0.0
0.0
4.0
438.62952
1.0
4.7622
0.0
0.0
4.0
443.98032
1.0
4.772358
0.0
0.0
4.0
449.34253
1.0
4.7813983
0.0
0.0
4.0
454.71487
1.0
4.7894444
0.0
0.0
4.0
460.09628
1.0
4.7966056
0.0
0.0
4.0
465.48572
1.0
4.802979
0.0
0.0
4.0
470.88232
1.0
4.808651
0.0
0.0
4.0
476.2853
1.0
4.8136992
0.0
0.0
4.0
481.69397
1.0
4.818192
0.0
0.0
4.0
487.10767
1.0
4.8221908
0.0
0.0
4.0
492.52585
1.0
4.8257494
0.0
0.0
4.0
497.94803
1.0
4.828917
0.0
0.0
4.0
503.37378
1.0
4.831736
0.0
0.0
4.0
508.8027
1.0
4.8342447
0.0
0.0
4.0
514.23444
1.0
4.8364778
0.0
0.0
4.0
519.6687
1.0
4.838465
0.0
0.0
4.0
525.10516
1.0
4.840234
0.0
0.0
4.0
530.54364
1.0
4.841808
0.0
0.0
4.0
535.9839
1.0
4.843209
0.0
0.0
4.0
541.4257
1.0
4.8444557
0.0
0.0
4.0
546.86896
1.0
4.8455653
0.0
0.0
4.0
552.3134
1.0
4.846553
0.0
0.0
4.0
557.759
1.0
4.8474317
0.0
0.0
4.0
563.2055
1.0
4.848214
0.0
0.0
4.0
568.65295
1.0
4.8489103
0.0
0.0
4.0
574.1012
1.0
4.84953
0.0
0.0
4.0
579.5501
1.0
4.850082
0.0
0.0
4.0
584.99963
1.0
4.8505726
0.0
0.0
4.0
590.4497
1.0
4.8510094
0.0
0.0
4.0
595.90027
1.0
4.851398
0.0
0.0
4.0
601.35126
1.0
4.851744
0.0
0.0
4.0
606.8027
1.0
4.852052
0.0
0.0
4.0
612.2544
1.0
4.8523264
0.0
0.0
4.0
617.7064
1.0
4.8525705
0.0
0.0
4.0
623.15875
1.0
4.8527875
0.0
0.0
4.0
628.6113
1.0
4.8529806
0.0
0.0
4.0
634.0641
1.0
4.8531528
0.0
0.0
4.0
639.5171
1.0
4.853306
0.0
0.0
4.0
644.9702
1.0
4.853442
0.0
0.0
4.0
650.4235
1.0
4.8535633
0.0
0.0
4.0
655.87695
1.0
4.853671
0.0
0.0
4.0
661.3305
1.0
4.853767
0.0
0.0
4.0
666.7842
2.0
4.8538523
0.0
0.0
4.0
672.238
2.0
4.8539286
0.0
0.0
4.0
677.69183
2.0
4.8539963
0.0
0.0
4.0
683.14575
2.0
4.8540564
0.0
0.0
4.0
688.59973
2.0
4.85411
0.0
0.0
4.0
694.0538
2.0
4.8541574
0.0
0.0
4.0
699.5079
2.0
4.8542
0.0
0.0
4.0
704.96204
2.0
4.8542376
0.0
0.0
4.0
710.41626
2.0
4.8542714
0.0
0.0
4.0
715.8705
2.0
4.8543015
0.0
0.0
4.0
721.32477
2.0
4.854328
0.0
0.0
4.0
726.77905
2.0
0.0
0.0
0.0
4.0
731.0
2.0
0.53400004
0.0
0.0
4.0
731.6
2.0
0.0
0.0
0.0
4.0
731.0
2.0
0.53400004
0.0
0.0
4.0
731.6
2.0
0.0
0.0
0.0
4.0
731.0
2.0
0.53400004
0.0
0.0
4.0
731.6
2.0
0.0
0.0
0.0
4.0
731.0
2.0
0.53400004
0.0
0.0
4.0
731.6
2.0
1.00926
0.0
0.0
4.0
732.73395
2.0
1.4322414
0.0
0.0
4.0
734.3432
2.0
1.8086947
0.0
0.0
4.0
736.3754
2.0
2.1437383
0.0
0.0
4.0
738.7841
2.0
2.441927
0.0
0.0
4.0
741.52783
2.0
2.707315
0.0
0.0
4.0
744.56976
2.0
2.9435103
0.0
0.0
4.0
747.8771
2.0
3.1537242
0.0
0.0
4.0
751.4206
2.0
3.3408144
0.0
0.0
4.0
755.1743
2.0
3.507325
0.0
0.0
4.0
759.1151
2.0
3.6555192
0.0
0.0
4.0
763.2224
2.0
3.7874122
0.0
0.0
4.0
767.4779
2.0
3.9047966
0.0
0.0
4.0
771.8653
2.0
4.0092688
0.0
0.0
4.0
776.3701
2.0
4.102249
0.0
0.0
4.0
780.9794
2.0
4.1850014
0.0
0.0
4.0
785.68164
2.0
4.2586513
0.0
0.0
4.0
790.4666
2.0
4.3241997
0.0
0.0
4.0
795.32526
2.0
4.3825374
0.0
0.0
4.0
800.24945
2.0
4.4344583
0.0
0.0
4.0
805.232
3.0
4.4806676
0.0
0.0
4.0
810.2665
3.0
4.521794
0.0
0.0
4.0
815.34717
3.0
4.5583963
0.0
0.0
4.0
820.46893
3.0
4.5909724
0.0
0.0
4.0
825.6273
3.0
4.619965
0.0
0.0
4.0
830.8183
3.0
4.6457686
0.0
0.0
4.0
836.03827
3.0
4.668734
0.0
0.0
4.0
841.28406
3.0
4.689173
0.0
0.0
4.0
846.5528
3.0
4.707364
0.0
0.0
4.0
851.842
4.0
4.7235537
0.0
0.0
4.0
857.14935
4.0
4.7379627
0.0
0.0
4.0
862.4729
4.0
4.750787
0.0
0.0
4.0
867.81085
4.0
4.7622
0.0
0.0
4.0
873.1616
4.0
4.772358
0.0
0.0
4.0
878.5238
4.0
4.7813983
0.0
0.0
4.0
883.8962
4.0
4.7894444
0.0
0.0
4.0
889.2776
4.0
4.7966056
0.0
0.0
4.0
894.66705
4.0
4.802979
0.0
0.0
4.0
900.06366
4.0
4.808651
0.0
0.0
4.0
905.4666
4.0
0.0
0.0
0.0
4.0
907.0
4.0
0.53400004
0.0
0.0
4.0
907.6
4.0
0.0
0.0
0.0
4.0
907.0
4.0
0.53400004
0.0
0.0
4.0
907.6
4.0
0.0
0.0
0.0
4.0
907.0
4.0
0.53400004
0.0
0.0
4.0
907.6
4.0
0.0
0.0
0.0
4.0
907.0
4.0
0.53400004
0.0
0.0
4.0
907.6
4.0
0.0
0.0
0.0
4.0
907.0
4.0
0.53400004
0.0
0.0
4.0
907.6
4.0
1.00926
0.0
0.0
4.0
908.73395
4.0
1.4322414
0.0
0.0
4.0
910.3432
4.0
1.8086947
0.0
0.0
4.0
912.3754
4.0
2.1437383
0.0
0.0
4.0
914.7841
4.0
2.441927
0.0
0.0
4.0
917.52783
4.0
2.707315
0.0
0.0
4.0
920.56976
4.0
2.9435103
0.0
0.0
4.0
923.8771
4.0
3.1537242
0.0
0.0
4.0
927.4206
4.0
3.3408144
0.0
0.0
4.0
931.1743
4.0
3.507325
0.0
0.0
4.0
935.1151
4.0
3.6555192
0.0
0.0
4.0
939.2224
4.0
3.7874122
0.0
0.0
4.0
943.4779
4.0
3.9047966
0.0
0.0
4.0
947.8653
4.0
4.0092688
0.0
0.0
4.0
952.3701
4.0
4.102249
0.0
0.0
4.0
956.9794
4.0
4.1850014
0.0
0.0
4.0
961.68164
4.0
4.2586513
0.0
0.0
4.0
966.4666
4.0
4.3241997
0.0
0.0
4.0
971.32526
4.0
4.3825374
0.0
0.0
4.0
976.24945
4.0
4.4344583
0.0
0.0
4.0
981.232
4.0
4.4806676
0.0
0.0
4.0
986.2665
4.0
4.521794
0.0
0.0
4.0
991.34717
4.0
4.5583963
0.0
0.0
4.0
996.46893
4.0
4.5909724
0.0
0.0
4.0
1001.6273
4.0
4.619965
0.0
0.0
4.0
1006.8183
4.0
4.6457686
0.0
0.0
4.0
1012.03827
4.0
4.668734
0.0
0.0
4.0
1017.28406
4.0
4.689173
0.0
0.0
4.0
1022.5528
4.0
4.707364
0.0
0.0
4.0
1027.8419
4.0
4.7235537
0.0
0.0
4.0
1033.1493
4.0
4.7379627
0.0
0.0
4.0
1038.4729
4.0
4.750787
0.0
0.0
4.0
1043.8109
4.0
4.7622
0.0
0.0
4.0
1049.1617
4.0
4.772358
0.0
0.0
4.0
1054.5239
4.0
4.7813983
0.0
0.0
4.0
1059.8962
4.0
4.7894444
0.0
0.0
4.0
1065.2776
4.0
4.7966056
0.0
0.0
4.0
1070.667
4.0
4.802979
0.0
0.0
4.0
1076.0636
4.0
4.808651
0.0
0.0
4.0
1081.4666
4.0
4.8136992
0.0
0.0
4.0
1086.8752
4.0
4.818192
0.0
0.0
4.0
1092.289
4.0
4.8221908
0.0
0.0
4.0
1097.7072
4.0
4.8257494
0.0
0.0
4.0
1103.1294
4.0
4.828917
0.0
0.0
4.0
1108.5552
4.0
4.831736
0.0
0.0
4.0
1113.9841
4.0
4.8342447
0.0
0.0
4.0
1119.4159
4.0
4.8364778
0.0
0.0
4.0
1124.8501
4.0
4.838465
0.0
0.0
4.0
1130.2866
4.0
4.840234
0.0
0.0
4.0
1135.7251
4.0
4.841808
0.0
0.0
4.0
1141.1653
4.0
4.843209
0.0
0.0
4.0
1146.607
4.0
4.8444557
0.0
0.0
4.0
1152.0503
4.0
4.8455653
0.0
0.0
4.0
1157.4948
4.0
4.846553
0.0
0.0
4.0
1162.9403
4.0
4.8474317
0.0
0.0
4.0
1168.3868
4.0
4.314214
0.0
0.0
4.0
1173.2343
4.0
3.3056507
0.0
0.0
4.0
1176.9485
4.0
2.408029
0.0
0.0
4.0
1179.6542
4.0
1.6091459
0.0
0.0
4.0
1181.4622
4.0
0.8981398
0.0
0.0
4.0
1182.4713
4.0
0.0
0.0
0.0
4.0
1182.4713
4.0
-0.53400004
0.0
0.0
4.0
1181.8713
4.0
-1.00926
0.0
0.0
4.0
1180.7373
4.0
-1.4322414
0.0
0.0
4.0
1179.128
4.0
-1.8086947
0.0
0.0
4.0
1177.0958
4.0
-1.6097382
0.0
0.0
4.0
1175.2871
4.0
-1.432667
0.0
0.0
4.0
1173.6774
4.0
-1.2750736
0.0
0.0
4.0
1172.2448
4.0
-1.1348156
0.0
0.0
4.0
1170.9697
4.0
-1.0099858
0.0
0.0
4.0
1169.835
4.0
0.0
0.0
0.0
4.0
1169.835
4.0
0.53400004
0.0
0.0
4.0
1170.4349
4.0
1.00926
0.0
0.0
4.0
1171.569
4.0
1.4322414
0.0
0.0
4.0
1173.1782
4.0
1.8086947
0.0
0.0
4.0
1175.2104
4.0
2.1437383
0.0
0.0
4.0
1177.6191
4.0
2.441927
0.0
0.0
4.0
1180.3629
4.0
2.707315
0.0
0.0
4.0
1183.4048
4.0
2.9435103
0.0
0.0
4.0
1186.7122
4.0
3.1537242
0.0
0.0
4.0
1190.2556
4.0
2.8068144
0.0
0.0
4.0
1193.4093
4.0
2.4980648
0.0
0.0
4.0
1196.2161
4.0
2.2232776
0.0
0.0
4.0
1198.7141
4.0
1.978717
0.0
0.0
4.0
1200.9374
4.0
1.227058
0.0
0.0
4.0
1202.316
4.0
0.5580816
0.0
0.0
4.0
1202.9431
5.0
0.0
0.0
0.0
4.0
1202.9431
5.0
-0.53400004
0.0
0.0
4.0
1202.3431
5.0
-1.00926
0.0
0.0
4.0
1201.2091
5.0
-1.4322414
0.0
0.0
4.0
1199.5999
5.0
-1.8086947
0.0
0.0
4.0
1197.5676
5.0
-2.1437383
0.0
0.0
4.0
1195.1589
5.0
-2.441927
0.0
0.0
4.0
1192.4152
5.0
-2.707315
0.0
0.0
4.0
1189.3733
5.0
-2.9435103
0.0
0.0
4.0
1186.0659
5.0
-3.1537242
0.0
0.0
4.0
1182.5225
5.0
-3.3408144
0.0
0.0
4.0
1178.7687
5.0
-2.9733248
0.0
0.0
4.0
1175.4279
5.0
-2.646259
0.0
0.0
4.0
1172.4546
5.0
-2.3551705
0.0
0.0
4.0
1169.8083
5.0
-2.0961018
0.0
0.0
4.0
1167.4531
5.0
-1.8655305
0.0
0.0
4.0
1165.357
5.0
-1.1263222
0.0
0.0
4.0
1164.0916
5.0
-1.0024267
0.0
0.0
4.0
1162.9652
5.0
-0.89215976
0.0
0.0
4.0
1161.9628
5.0
-0.7940222
0.0
0.0
4.0
1161.0706
5.0
-0.70667976
0.0
0.0
4.0
1160.2765
5.0
-0.628945
0.0
0.0
4.0
1159.5698
5.0
-0.55976105
0.0
0.0
4.0
1158.9409
5.0
-0.49818733
0.0
0.0
4.0
1158.3811
5.0
0.0
0.0
0.0
4.0
1158.3811
5.0
0.0
0.0
0.0
4.0
1158.3811
5.0
0.0
0.0
0.0
4.0
1158.3811
5.0
0.53400004
0.0
0.0
4.0
1158.9811
5.0
1.00926
0.0
0.0
4.0
1160.1151
5.0
1.4322414
0.0
0.0
4.0
1161.7244
5.0
1.8086947
0.0
0.0
4.0
1163.7566
5.0
2.1437383
0.0
0.0
4.0
1166.1653
5.0
2.441927
0.0
0.0
4.0
1168.909
5.0
2.707315
0.0
0.0
4.0
1171.9509
5.0
2.9435103
0.0
0.0
4.0
1175.2583
5.0
3.1537242
0.0
0.0
4.0
1178.8018
5.0
3.3408144
0.0
0.0
4.0
1182.5555
5.0
3.507325
0.0
0.0
4.0
1186.4963
5.0
3.121519
0.0
0.0
4.0
1190.0037
5.0
2.778152
0.0
0.0
4.0
1193.1251
5.0
2.4725552
0.0
0.0
4.0
1195.9033
5.0
1.666574
0.0
0.0
4.0
1197.7759
5.0
0.9492508
0.0
0.0
4.0
1198.8424
6.0
0.0
0.0
0.0
4.0
1198.8424
6.0
-0.53400004
0.0
0.0
4.0
1198.2424
6.0
-0.47526002
0.0
0.0
4.0
1197.7084
6.0
0.0
0.0
0.0
4.0
1197.7084
6.0
0.0
0.0
0.0
4.0
1197.7084
6.0
0.0
0.0
0.0
4.0
1197.7084
6.0
0.53400004
0.0
0.0
4.0
1198.3083
6.0
1.00926
0.0
0.0
4.0
1199.4424
6.0
1.4322414
0.0
0.0
4.0
1201.0516
6.0
1.8086947
0.0
0.0
4.0
1203.0839
6.0
2.1437383
0.0
0.0
4.0
1205.4926
6.0
2.441927
0.0
0.0
4.0
1208.2363
6.0
2.707315
0.0
0.0
4.0
1211.2782
6.0
2.9435103
0.0
0.0
4.0
1214.5856
6.0
3.1537242
0.0
0.0
4.0
1218.129
6.0
3.3408144
0.0
0.0
4.0
1221.8828
6.0
3.507325
0.0
0.0
4.0
1225.8236
6.0
3.6555192
0.0
0.0
4.0
1229.9309
6.0
3.7874122
0.0
0.0
4.0
1234.1864
6.0
3.9047966
0.0
0.0
4.0
1238.5739
6.0
4.0092688
0.0
0.0
4.0
1243.0786
6.0
4.102249
0.0
0.0
4.0
1247.6879
6.0
4.1850014
0.0
0.0
4.0
1252.3901
6.0
4.2586513
0.0
0.0
4.0
1257.1752
6.0
4.3241997
0.0
0.0
4.0
1262.0338
6.0
4.3825374
0.0
0.0
4.0
1266.958
6.0
4.4344583
0.0
0.0
4.0
1271.9406
6.0
4.4806676
0.0
0.0
4.0
1276.975
6.0
4.521794
0.0
0.0
4.0
1282.0557
6.0
4.5583963
0.0
0.0
4.0
1287.1775
6.0
4.5909724
0.0
0.0
4.0
1292.3359
6.0
4.619965
0.0
0.0
4.0
1297.5269
6.0
4.6457686
0.0
0.0
4.0
1302.7468
6.0
4.668734
0.0
0.0
4.0
1307.9926
6.0
4.689173
0.0
0.0
4.0
1313.2612
6.0
4.707364
0.0
0.0
4.0
1318.5504
6.0
4.7235537
0.0
0.0
4.0
1323.8578
6.0
4.7379627
0.0
0.0
4.0
1329.1814
6.0
4.750787
0.0
0.0
4.0
1334.5194
6.0
4.7622
0.0
0.0
4.0
1339.8702
6.0
4.772358
0.0
0.0
4.0
1345.2324
6.0
4.7813983
0.0
0.0
4.0
1350.6047
6.0
4.7894444
0.0
0.0
4.0
1355.9861
6.0
4.7966056
0.0
0.0
4.0
1361.3755
6.0
4.802979
0.0
0.0
4.0
1366.7721
6.0
4.808651
0.0
0.0
4.0
1372.175
6.0
4.8136992
0.0
0.0
4.0
1377.5837
6.0
4.818192
0.0
0.0
4.0
1382.9974
6.0
4.8221908
0.0
0.0
4.0
1388.4156
6.0
4.8257494
0.0
0.0
4.0
1393.8379
6.0
4.828917
0.0
0.0
4.0
1399.2637
6.0
4.831736
0.0
0.0
4.0
1404.6926
6.0
4.8342447
0.0
0.0
4.0
1410.1244
6.0
4.8364778
0.0
0.0
4.0
1415.5586
6.0
4.838465
0.0
0.0
4.0
1420.9951
6.0
4.840234
0.0
0.0
4.0
1426.4336
6.0
4.841808
0.0
0.0
4.0
1431.8738
6.0
4.309209
0.0
0.0
4.0
1436.7156
6.0
3.8351958
0.0
0.0
4.0
1441.0248
6.0
2.879324
0.0
0.0
4.0
1444.26
6.0
2.0285983
0.0
0.0
4.0
1446.5393
6.0
1.2714524
0.0
0.0
4.0
1447.9679
6.0
1.6655927
0.0
0.0
4.0
1449.8394
6.0
2.0163774
0.0
0.0
4.0
1452.105
6.0
2.3285758
0.0
0.0
4.0
1454.7213
6.0
2.6064327
0.0
0.0
4.0
1457.6499
6.0
2.8537252
0.0
0.0
4.0
1460.8563
6.0
2.5398154
0.0
0.0
4.0
1463.7101
6.0
2.2604356
0.0
0.0
4.0
1466.2499
6.0
1.4777876
0.0
0.0
4.0
1467.9103
6.0
0.7812309
0.0
0.0
4.0
1468.7881
6.0
0.0
0.0
0.0
4.0
1468.7881
6.0
0.0
0.0
0.0
4.0
1468.7881
6.0
0.0
0.0
0.0
4.0
1468.7881
7.0
0.0
0.0
0.0
4.0
1468.7881
7.0
0.0
0.0
0.0
4.0
1468.7881
7.0
0.0
0.0
0.0
4.0
1468.7881
7.0
0.0
0.0
0.0
4.0
1468.7881
7.0
-0.53400004
0.0
0.0
4.0
1468.1881
7.0
-1.00926
0.0
0.0
4.0
1467.0541
7.0
-1.4322414
0.0
0.0
4.0
1465.4448
7.0
-1.8086947
0.0
0.0
4.0
1463.4126
7.0
-1.6097382
0.0
0.0
4.0
1461.6039
7.0
-1.432667
0.0
0.0
4.0
1459.9941
7.0
-1.2750736
0.0
0.0
4.0
1458.5615
7.0
-0.60081553
0.0
0.0
4.0
1457.8865
7.0
0.0
0.0
0.0
4.0
1457.8865
7.0
0.53400004
0.0
0.0
4.0
1458.4865
7.0
1.00926
0.0
0.0
4.0
1459.6205
7.0
1.4322414
0.0
0.0
4.0
1461.2297
7.0
1.8086947
0.0
0.0
4.0
1463.262
7.0
2.1437383
0.0
0.0
4.0
1465.6707
7.0
1.907927
0.0
0.0
4.0
1467.8145
7.0
1.698055
0.0
0.0
4.0
1469.7224
7.0
1.511269
0.0
0.0
4.0
1471.4204
7.0
1.8790294
0.0
0.0
4.0
1473.5317
7.0
2.2063363
0.0
0.0
4.0
1476.0107
7.0
2.4976394
0.0
0.0
4.0
1478.8171
7.0
2.222899
0.0
0.0
4.0
1481.3148
8.0
1.9783801
0.0
0.0
4.0
1483.5377
8.0
1.7607583
0.0
0.0
4.0
1485.5161
8.0
1.5670749
0.0
0.0
4.0
1487.2769
8.0
1.3946966
0.0
0.0
4.0
1488.8439
8.0
1.24128
0.0
0.0
4.0
1490.2385
8.0
1.1047392
0.0
0.0
4.0
1491.4799
8.0
0.98321784
0.0
0.0
4.0
1492.5846
8.0
0.87506384
0.0
0.0
4.0
1493.5679
8.0
1.3128067
0.0
0.0
4.0
1495.043
8.0
1.702398
0.0
0.0
4.0
1496.9558
8.0
2.0491343
0.0
0.0
4.0
1499.2582
8.0
2.3577294
0.0
0.0
4.0
1501.9073
8.0
2.632379
0.0
0.0
4.0
1504.8651
8.0
2.8768172
0.0
0.0
4.0
1508.0975
8.0
3.0943673
0.0
0.0
4.0
1511.5743
8.0
3.287987
0.0
0.0
4.0
1515.2687
8.0
3.4603086
0.0
0.0
4.0
1519.1566
8.0
3.6136744
0.0
0.0
4.0
1523.2169
8.0
3.7501702
0.0
0.0
4.0
1527.4305
8.0
3.8716514
0.0
0.0
4.0
1531.7808
8.0
3.9797697
0.0
0.0
4.0
1536.2524
8.0
4.075995
0.0
0.0
4.0
1540.8322
8.0
4.1616354
0.0
0.0
4.0
1545.5082
8.0
4.2378554
0.0
0.0
4.0
1550.2698
8.0
4.3056912
0.0
0.0
4.0
1555.1077
8.0
4.366065
0.0
0.0
4.0
1560.0133
8.0
4.419798
0.0
0.0
4.0
1564.9794
8.0
4.46762
0.0
0.0
4.0
1569.9991
8.0
4.5101814
0.0
0.0
4.0
1575.0668
8.0
4.5480614
0.0
0.0
4.0
1580.177
8.0
4.581774
0.0
0.0
4.0
1585.3251
8.0
4.6117787
0.0
0.0
4.0
1590.5068
8.0
4.638483
0.0
0.0
4.0
1595.7186
8.0
4.6622496
0.0
0.0
4.0
1600.9572
8.0
4.683402
0.0
0.0
4.0
1606.2194
8.0
4.7022276
0.0
0.0
4.0
1611.5028
8.0
4.718982
0.0
0.0
4.0
1616.805
8.0
4.733894
0.0
0.0
4.0
1622.124
8.0
4.747165
0.0
0.0
4.0
1627.4579
8.0
4.758977
0.0
0.0
4.0
1632.805
8.0
4.7694893
0.0
0.0
4.0
1638.1641
8.0
4.7788453
0.0
0.0
4.0
1643.5336
8.0
4.7871723
0.0
0.0
4.0
1648.9124
8.0
4.2605834
0.0
0.0
4.0
1653.6996
8.0
3.2579193
0.0
0.0
4.0
1657.3601
8.0
2.3655481
0.0
0.0
4.0
1660.0181
8.0
1.5713378
0.0
0.0
4.0
1661.7836
8.0
0.8644906
0.0
0.0
4.0
1662.7549
8.0
0.0
0.0
0.0
4.0
1662.7549
9.0
0.0
0.0
0.0
4.0
1662.7549
9.0
0.0
0.0
0.0
4.0
1662.7549
9.0
0.0
0.0
0.0
4.0
1662.7549
9.0
0.0
0.0
0.0
4.0
1662.7549
9.0
0.0
0.0
0.0
4.0
1662.7549
9.0
0.0
0.0
0.0
4.0
1662.7549
9.0
0.0
0.0
0.0
4.0
1662.7549
9.0
0.0
0.0
0.0
4.0
1662.7549
9.0
0.0
0.0
0.0
4.0
1662.7549
9.0
0.0
0.0
0.0
4.0
1662.7549
9.0
0.0
0.0
0.0
4.0
1662.7549
9.0
0.0
0.0
0.0
4.0
1662.7549
9.0
0.53400004
0.0
0.0
4.0
1663.3549
9.0
1.00926
0.0
0.0
4.0
1664.4889
9.0
1.4322414
0.0
0.0
4.0
1666.0981
9.0
1.8086947
0.0
0.0
4.0
1668.1304
9.0
2.1437383
0.0
0.0
4.0
1670.5391
9.0
2.441927
0.0
0.0
4.0
1673.2828
9.0
2.707315
0.0
0.0
4.0
1676.3247
9.0
2.9435103
0.0
0.0
4.0
1679.6321
9.0
3.1537242
0.0
0.0
4.0
1683.1755
9.0
3.3408144
0.0
0.0
4.0
1686.9293
9.0
3.507325
0.0
0.0
4.0
1690.8701
9.0
3.6555192
0.0
0.0
4.0
1694.9774
9.0
3.7874122
0.0
0.0
4.0
1699.2329
9.0
3.9047966
0.0
0.0
4.0
1703.6204
9.0
4.0092688
0.0
0.0
4.0
1708.1251
9.0
4.102249
0.0
0.0
4.0
1712.7344
9.0
4.1850014
0.0
0.0
4.0
1717.4366
9.0
4.2586513
0.0
0.0
4.0
1722.2217
9.0
4.3241997
0.0
0.0
4.0
1727.0803
9.0
4.3825374
0.0
0.0
4.0
1732.0045
9.0
4.4344583
0.0
0.0
4.0
1736.987
9.0
4.4806676
0.0
0.0
4.0
1742.0215
9.0
4.521794
0.0
0.0
4.0
1747.1022
9.0
4.5583963
0.0
0.0
4.0
1752.224
9.0
4.5909724
0.0
0.0
4.0
1757.3824
9.0
4.619965
0.0
0.0
4.0
1762.5734
9.0
4.6457686
0.0
0.0
4.0
1767.7933
9.0
4.668734
0.0
0.0
4.0
1773.0391
9.0
4.689173
0.0
0.0
4.0
1778.3077
9.0
4.707364
0.0
0.0
4.0
1783.5969
9.0
4.7235537
0.0
0.0
4.0
1788.9043
9.0
4.7379627
0.0
0.0
4.0
1794.2279
9.0
4.750787
0.0
0.0
4.0
1799.5659
9.0
4.7622
0.0
0.0
4.0
1804.9167
9.0
4.772358
0.0
0.0
4.0
1810.2789
9.0
4.7813983
0.0
0.0
4.0
1815.6512
9.0
4.7894444
0.0
0.0
4.0
1821.0326
9.0
4.7966056
0.0
0.0
4.0
1826.422
9.0
4.802979
0.0
0.0
4.0
1831.8186
9.0
4.808651
0.0
0.0
4.0
1837.2216
9.0
4.8136992
0.0
0.0
4.0
1842.6302
9.0
4.818192
0.0
0.0
4.0
1848.044
9.0
4.8221908
0.0
0.0
4.0
1853.4622
9.0
4.8257494
0.0
0.0
4.0
1858.8844
9.0
4.828917
0.0
0.0
4.0
1864.3102
9.0
4.831736
0.0
0.0
4.0
1869.7391
9.0
4.8342447
0.0
0.0
4.0
1875.1709
9.0
4.8364778
0.0
0.0
4.0
1880.6051
9.0
4.838465
0.0
0.0
4.0
1886.0416
9.0
4.840234
0.0
0.0
4.0
1891.4801
9.0
4.841808
0.0
0.0
4.0
1896.9203
9.0
4.843209
0.0
0.0
4.0
1902.362
9.0
4.8444557
0.0
0.0
4.0
1907.8053
9.0
4.8455653
0.0
0.0
4.0
1913.2498
9.0
4.846553
0.0
0.0
4.0
1918.6953
9.0
4.8474317
0.0
0.0
4.0
1924.1418
9.0
4.848214
0.0
0.0
4.0
1929.5892
9.0
4.3149104
0.0
0.0
4.0
1934.4375
9.0
3.3062704
0.0
0.0
4.0
1938.1525
9.0
2.4085805
0.0
0.0
4.0
1940.8588
9.0
1.6096367
0.0
0.0
4.0
1942.6674
9.0
1.4325767
0.0
0.0
4.0
1944.277
9.0
1.2749932
0.0
0.0
4.0
1945.7096
9.0
1.1347439
0.0
0.0
4.0
1946.9846
10.0
1.009922
0.0
0.0
4.0
1948.1194
10.0
0.8988306
0.0
0.0
4.0
1949.1293
10.0
1.3339592
0.0
0.0
4.0
1950.628
10.0
1.7212237
0.0
0.0
4.0
1952.562
10.0
2.0658891
0.0
0.0
4.0
1954.8832
10.0
1.8386413
0.0
0.0
4.0
1956.9491
10.0
1.6363907
0.0
0.0
4.0
1958.7877
10.0
0.92238766
0.0
0.0
4.0
1959.8241
10.0
0.0
0.0
0.0
4.0
1959.8241
11.0
-0.53400004
0.0
0.0
4.0
1959.2241
11.0
-1.00926
0.0
0.0
4.0
1958.0901
11.0
-1.4322414
0.0
0.0
4.0
1956.4808
11.0
-1.8086947
0.0
0.0
4.0
1954.4486
11.0
-2.1437383
0.0
0.0
4.0
1952.0399
11.0
-2.441927
0.0
0.0
4.0
1949.2961
11.0
-2.173315
0.0
0.0
4.0
1946.8542
11.0
-1.9342504
0.0
0.0
4.0
1944.6809
11.0
-1.7214828
0.0
0.0
4.0
1942.7467
11.0
-1.5321196
0.0
0.0
4.0
1941.0253
11.0
-0.82958645
0.0
0.0
4.0
1940.0931
11.0
0.0
0.0
0.0
4.0
1940.0931
11.0
0.53400004
0.0
0.0
4.0
1940.6931
11.0
1.00926
0.0
0.0
4.0
1941.8271
11.0
1.4322414
0.0
0.0
4.0
1943.4364
11.0
1.8086947
0.0
0.0
4.0
1945.4686
11.0
1.6097382
0.0
0.0
4.0
1947.2773
11.0
1.432667
0.0
0.0
4.0
1948.8871
11.0
1.2750736
0.0
0.0
4.0
1950.3197
11.0
1.1348156
0.0
0.0
4.0
1951.5947
11.0
1.0099858
0.0
0.0
4.0
1952.7295
11.0
0.89888734
0.0
0.0
4.0
1953.7395
11.0
0.8000097
0.0
0.0
4.0
1954.6384
12.0
0.71200866
0.0
0.0
4.0
1955.4385
12.0
0.6336877
0.0
0.0
4.0
1956.1505
12.0
0.0
0.0
0.0
4.0
1956.1505
12.0
-0.53400004
0.0
0.0
4.0
1955.5505
12.0
-1.00926
0.0
0.0
4.0
1954.4165
12.0
-1.4322414
0.0
0.0
4.0
1952.8073
12.0
-1.8086947
0.0
0.0
4.0
1950.775
12.0
-2.1437383
0.0
0.0
4.0
1948.3663
12.0
-2.441927
0.0
0.0
4.0
1945.6226
12.0
-2.173315
0.0
0.0
4.0
1943.1807
12.0
-1.9342504
0.0
0.0
4.0
1941.0073
12.0
-1.1874828
0.0
0.0
4.0
1939.6731
12.0
-0.5228597
0.0
0.0
4.0
1939.0856
12.0
0.0
0.0
0.0
4.0
1939.0856
12.0
0.53400004
0.0
0.0
4.0
1939.6855
12.0
1.00926
0.0
0.0
4.0
1940.8196
12.0
1.4322414
0.0
0.0
4.0
1942.4288
12.0
1.8086947
0.0
0.0
4.0
1944.461
12.0
2.1437383
0.0
0.0
4.0
1946.8698
12.0
1.907927
0.0
0.0
4.0
1949.0135
12.0
1.698055
0.0
0.0
4.0
1950.9215
12.0
1.511269
0.0
0.0
4.0
1952.6195
12.0
1.3450294
0.0
0.0
4.0
1954.1307
12.0
1.1970761
0.0
0.0
4.0
1955.4757
12.0
1.0653977
0.0
0.0
4.0
1956.6727
12.0
0.948204
0.0
0.0
4.0
1957.7382
13.0
0.8439015
0.0
0.0
4.0
1958.6864
13.0
1.2850723
0.0
0.0
4.0
1960.1302
13.0
1.6777143
0.0
0.0
4.0
1962.0154
13.0
2.0271657
0.0
0.0
4.0
1964.2931
13.0
2.3381774
0.0
0.0
4.0
1966.9203
13.0
2.614978
0.0
0.0
4.0
1969.8585
13.0
2.8613305
0.0
0.0
4.0
1973.0735
13.0
3.080584
0.0
0.0
4.0
1976.5348
13.0
3.2757196
0.0
0.0
4.0
1980.2153
13.0
3.4493904
0.0
0.0
4.0
1984.0911
13.0
3.6039574
0.0
0.0
4.0
1988.1405
13.0
3.741522
0.0
0.0
4.0
1992.3445
13.0
3.8639548
0.0
0.0
4.0
1996.686
13.0
3.9729197
0.0
0.0
4.0
2001.15
13.0
4.0698986
0.0
0.0
4.0
2005.7229
13.0
4.1562095
0.0
0.0
4.0
2010.3928
13.0
4.2330265
0.0
0.0
4.0
2015.149
13.0
4.3013935
0.0
0.0
4.0
2019.982
13.0
4.36224
0.0
0.0
4.0
2024.8834
13.0
4.4163933
0.0
0.0
4.0
2029.8457
13.0
4.46459
0.0
0.0
4.0
2034.862
13.0
4.507485
0.0
0.0
4.0
2039.9266
13.0
4.5456614
0.0
0.0
4.0
2045.0342
13.0
4.5796385
0.0
0.0
4.0
2050.18
13.0
4.609878
0.0
0.0
4.0
2055.3596
13.0
4.636791
0.0
0.0
4.0
2060.5696
13.0
4.660744
0.0
0.0
4.0
2065.8064
13.0
4.682062
0.0
0.0
4.0
2071.0671
13.0
4.701035
0.0
0.0
4.0
2076.349
13.0
4.717921
0.0
0.0
4.0
2081.6501
13.0
4.7329493
0.0
0.0
4.0
2086.968
13.0
4.7463245
0.0
0.0
4.0
2092.301
13.0
4.758229
0.0
0.0
4.0
2097.6475
13.0
4.7688236
0.0
0.0
4.0
2103.0056
13.0
4.778253
0.0
0.0
4.0
2108.3745
13.0
4.786645
0.0
0.0
4.0
2113.7527
13.0
4.7941136
0.0
0.0
4.0
2119.1394
13.0
4.8007607
0.0
0.0
4.0
2124.5334
13.0
4.806677
0.0
0.0
4.0
2129.9343
13.0
4.811942
0.0
0.0
4.0
2135.341
13.0
4.8166285
0.0
0.0
4.0
2140.753
13.0
4.8207994
0.0
0.0
4.0
2146.1697
13.0
4.824511
0.0
0.0
4.0
2151.5906
13.0
4.8278146
0.0
0.0
4.0
2157.0151
13.0
4.8307548
0.0
0.0
4.0
2162.4429
13.0
4.8333716
0.0
0.0
4.0
2167.8735
13.0
4.8357005
0.0
0.0
4.0
2173.307
13.0
4.8377733
0.0
0.0
4.0
2178.7427
13.0
4.839618
0.0
0.0
4.0
2184.1804
13.0
0.0
0.0
0.0
4.0
2187.0
13.0
0.53400004
0.0
0.0
4.0
2187.6
13.0
0.0
0.0
0.0
4.0
2187.0
13.0
0.53400004
0.0
0.0
4.0
2187.6
13.0
1.00926
0.0
0.0
4.0
2188.7341
13.0
1.4322414
0.0
0.0
4.0
2190.3435
13.0
1.8086947
0.0
0.0
4.0
2192.3757
13.0
2.1437383
0.0
0.0
4.0
2194.7844
13.0
2.441927
0.0
0.0
4.0
2197.528
13.0
2.707315
0.0
0.0
4.0
2200.57
13.0
2.9435103
0.0
0.0
4.0
2203.8774
13.0
3.1537242
0.0
0.0
4.0
2207.421
13.0
3.3408144
0.0
0.0
4.0
2211.1746
13.0
3.507325
0.0
0.0
4.0
2215.1155
13.0
3.6555192
0.0
0.0
4.0
2219.223
13.0
3.7874122
0.0
0.0
4.0
2223.4785
13.0
3.9047966
0.0
0.0
4.0
2227.866
13.0
4.0092688
0.0
0.0
4.0
2232.3708
13.0
0.0
0.0
0.0
4.0
2235.0
13.0
0.53400004
0.0
0.0
4.0
2235.6
13.0
0.0
0.0
0.0
4.0
2235.0
13.0
0.53400004
0.0
0.0
4.0
2235.6
13.0
0.0
0.0
0.0
4.0
2235.0
13.0
0.53400004
0.0
0.0
4.0
2235.6
13.0
0.0
0.0
0.0
4.0
2235.0
13.0
0.53400004
0.0
0.0
4.0
2235.6
13.0
0.0
0.0
0.0
4.0
2235.0
13.0
0.53400004
0.0
0.0
4.0
2235.6
13.0
0.0
0.0
0.0
4.0
2235.0
13.0
0.53400004
0.0
0.0
4.0
2235.6
13.0
1.00926
0.0
0.0
4.0
2236.7341
13.0
1.4322414
0.0
0.0
4.0
2238.3435
13.0
1.8086947
0.0
0.0
4.0
2240.3757
13.0
2.1437383
0.0
0.0
4.0
2242.7844
13.0
2.441927
0.0
0.0
4.0
2245.528
13.0
2.707315
0.0
0.0
4.0
2248.57
13.0
2.9435103
0.0
0.0
4.0
2251.8774
13.0
3.1537242
0.0
0.0
4.0
2255.421
13.0
3.3408144
0.0
0.0
4.0
2259.1746
13.0
3.507325
0.0
0.0
4.0
2263.1155
13.0
3.6555192
0.0
0.0
4.0
2267.223
13.0
3.7874122
0.0
0.0
4.0
2271.4785
13.0
3.9047966
0.0
0.0
4.0
2275.866
13.0
4.0092688
0.0
0.0
4.0
2280.3708
13.0
4.102249
0.0
0.0
4.0
2284.9802
13.0
4.1850014
0.0
0.0
4.0
2289.6824
13.0
4.2586513
0.0
0.0
4.0
2294.4673
13.0
4.3241997
0.0
0.0
4.0
2299.326
13.0
4.3825374
0.0
0.0
4.0
2304.2502
13.0
4.4344583
0.0
0.0
4.0
2309.2327
13.0
4.4806676
0.0
0.0
4.0
2314.267
13.0
4.521794
0.0
0.0
4.0
2319.3477
13.0
4.5583963
0.0
0.0
4.0
2324.4695
13.0
4.5909724
0.0
0.0
4.0
2329.628
13.0
4.619965
0.0
0.0
4.0
2334.8188
13.0
4.6457686
0.0
0.0
4.0
2340.0388
13.0
4.668734
0.0
0.0
4.0
2345.2847
13.0
4.689173
0.0
0.0
4.0
2350.5535
13.0
4.707364
0.0
0.0
4.0
2355.8425
13.0
4.7235537
0.0
0.0
4.0
2361.15
13.0
4.7379627
0.0
0.0
4.0
2366.4734
13.0
4.750787
0.0
0.0
4.0
2371.8113
13.0
4.7622
0.0
0.0
4.0
2377.162
13.0
4.772358
0.0
0.0
4.0
2382.5244
13.0
4.7813983
0.0
0.0
4.0
2387.8967
13.0
4.7894444
0.0
0.0
4.0
2393.278
13.0
4.7966056
0.0
0.0
4.0
2398.6675
13.0
4.802979
0.0
0.0
4.0
2404.064
13.0
4.274651
0.0
0.0
4.0
2408.867
13.0
0.0
0.0
0.0
4.0
2411.0
13.0
0.0
0.0
0.0
4.0
2411.0
13.0
0.0
0.0
0.0
4.0
2411.0
13.0
0.0
0.0
0.0
4.0
2411.0
13.0
0.0
0.0
0.0
4.0
2411.0
13.0
0.0
0.0
0.0
4.0
2411.0
13.0
0.0
0.0
0.0
4.0
2411.0
13.0
0.0
0.0
0.0
4.0
2411.0
13.0
0.0
0.0
0.0
4.0
2411.0
13.0
0.53400004
0.0
0.0
4.0
2411.6
13.0
1.00926
0.0
0.0
4.0
2412.7341
13.0
1.4322414
0.0
0.0
4.0
2414.3435
13.0
1.8086947
0.0
0.0
4.0
2416.3757
13.0
2.1437383
0.0
0.0
4.0
2418.7844
13.0
2.441927
0.0
0.0
4.0
2421.528
13.0
2.707315
0.0
0.0
4.0
2424.57
13.0
2.9435103
0.0
0.0
4.0
2427.8774
13.0
3.1537242
0.0
0.0
4.0
2431.421
13.0
3.3408144
0.0
0.0
4.0
2435.1746
13.0
3.507325
0.0
0.0
4.0
2439.1155
13.0
3.6555192
0.0
0.0
4.0
2443.223
13.0
3.7874122
0.0
0.0
4.0
2447.4785
13.0
3.9047966
0.0
0.0
4.0
2451.866
13.0
4.0092688
0.0
0.0
4.0
2456.3708
13.0
4.102249
0.0
0.0
4.0
2460.9802
13.0
4.1850014
0.0
0.0
4.0
2465.6824
13.0
4.2586513
0.0
0.0
4.0
2470.4673
13.0
4.3241997
0.0
0.0
4.0
2475.326
13.0
4.3825374
0.0
0.0
4.0
2480.2502
13.0
4.4344583
0.0
0.0
4.0
2485.2327
13.0
4.4806676
0.0
0.0
4.0
2490.267
13.0
4.521794
0.0
0.0
4.0
2495.3477
13.0
4.5583963
0.0
0.0
4.0
2500.4695
13.0
4.5909724
0.0
0.0
4.0
2505.628
13.0
4.619965
0.0
0.0
4.0
2510.8188
13.0
4.6457686
0.0
0.0
4.0
2516.0388
13.0
4.668734
0.0
0.0
4.0
2521.2847
13.0
4.689173
0.0
0.0
4.0
2526.5535
13.0
4.707364
0.0
0.0
4.0
2531.8425
13.0
4.7235537
0.0
0.0
4.0
2537.15
13.0
4.7379627
0.0
0.0
4.0
2542.4734
13.0
4.750787
0.0
0.0
4.0
2547.8113
13.0
4.7622
0.0
0.0
4.0
2553.162
13.0
4.772358
0.0
0.0
4.0
2558.5244
13.0
4.7813983
0.0
0.0
4.0
2563.8967
13.0
4.7894444
0.0
0.0
4.0
2569.278
13.0
4.7966056
0.0
0.0
4.0
2574.6675
13.0
4.802979
0.0
0.0
4.0
2580.064
13.0
4.808651
0.0
0.0
4.0
2585.467
13.0
4.8136992
0.0
0.0
4.0
2590.8757
13.0
4.818192
0.0
0.0
4.0
2596.2896
13.0
4.8221908
0.0
0.0
4.0
2601.7078
13.0
4.8257494
0.0
0.0
4.0
2607.13
13.0
4.828917
0.0
0.0
4.0
2612.5557
13.0
4.831736
0.0
0.0
4.0
2617.9846
13.0
4.8342447
0.0
0.0
4.0
2623.4163
13.0
4.8364778
0.0
0.0
4.0
2628.8506
13.0
4.838465
0.0
0.0
4.0
2634.287
13.0
4.840234
0.0
0.0
4.0
2639.7256
13.0
4.841808
0.0
0.0
4.0
2645.1658
13.0
4.843209
0.0
0.0
4.0
2650.6077
13.0
4.8444557
0.0
0.0
4.0
2656.0508
13.0
4.8455653
0.0
0.0
4.0
2661.495
13.0
4.846553
0.0
0.0
4.0
2666.9407
13.0
4.8474317
0.0
0.0
4.0
2672.3872
13.0
4.848214
0.0
0.0
4.0
2677.8347
13.0
4.8489103
0.0
0.0
4.0
2683.283
13.0
4.84953
0.0
0.0
4.0
2688.732
13.0
4.850082
0.0
0.0
4.0
2694.1814
13.0
4.8505726
0.0
0.0
4.0
2699.6316
13.0
4.8510094
0.0
0.0
4.0
2705.0823
13.0
4.851398
0.0
0.0
4.0
2710.5332
13.0
4.851744
0.0
0.0
4.0
2715.9846
13.0
4.852052
0.0
0.0
4.0
2721.4363
13.0
4.8523264
0.0
0.0
4.0
2726.8884
13.0
4.8525705
0.0
0.0
4.0
2732.3408
13.0
4.8527875
0.0
0.0
4.0
2737.7935
13.0
4.8529806
0.0
0.0
4.0
2743.2463
13.0
4.8531528
0.0
0.0
4.0
2748.6992
13.0
4.853306
0.0
0.0
4.0
2754.1523
13.0
3.785442
0.0
0.0
4.0
2758.4058
13.0
2.8350432
0.0
0.0
4.0
2761.5913
14.0
1.9891883
0.0
0.0
4.0
2763.8264
14.0
1.2363776
0.0
0.0
4.0
2765.2156
14.0
0.56637603
0.0
0.0
4.0
2765.852
14.0
0.50407463
0.0
0.0
4.0
2766.4185
14.0
0.44862643
0.0
0.0
4.0
2766.9226
14.0
0.0
0.0
0.0
4.0
2766.9226
14.0
0.0
0.0
0.0
4.0
2766.9226
14.0
-0.53400004
0.0
0.0
4.0
2766.3225
14.0
-0.47526002
0.0
0.0
4.0
2765.7886
14.0
0.0
0.0
0.0
4.0
2765.7886
14.0
0.53400004
0.0
0.0
4.0
2766.3887
14.0
1.00926
0.0
0.0
4.0
2767.5227
14.0
1.4322414
0.0
0.0
4.0
2769.132
14.0
1.8086947
0.0
0.0
4.0
2771.1643
14.0
2.1437383
0.0
0.0
4.0
2773.573
14.0
2.441927
0.0
0.0
4.0
2776.3167
14.0
2.707315
0.0
0.0
4.0
2779.3586
14.0
2.9435103
0.0
0.0
4.0
2782.666
14.0
3.1537242
0.0
0.0
4.0
2786.2095
14.0
3.3408144
0.0
0.0
4.0
2789.9631
14.0
3.507325
0.0
0.0
4.0
2793.904
14.0
3.6555192
0.0
0.0
4.0
2798.0115
14.0
3.7874122
0.0
0.0
4.0
2802.267
14.0
3.9047966
0.0
0.0
4.0
2806.6545
14.0
4.0092688
0.0
0.0
4.0
2811.1594
14.0
4.102249
0.0
0.0
4.0
2815.7688
14.0
4.1850014
0.0
0.0
4.0
2820.471
14.0
4.2586513
0.0
0.0
4.0
2825.2559
14.0
4.3241997
0.0
0.0
4.0
2830.1145
14.0
4.3825374
0.0
0.0
4.0
2835.0388
14.0
4.4344583
0.0
0.0
4.0
2840.0212
14.0
4.4806676
0.0
0.0
4.0
2845.0557
14.0
4.521794
0.0
0.0
4.0
2850.1362
14.0
4.5583963
0.0
0.0
4.0
2855.258
14.0
4.5909724
0.0
0.0
4.0
2860.4165
14.0
4.619965
0.0
0.0
4.0
2865.6074
14.0
4.6457686
0.0
0.0
4.0
2870.8274
14.0
4.668734
0.0
0.0
4.0
2876.0732
14.0
4.689173
0.0
0.0
4.0
2881.342
14.0
4.707364
0.0
0.0
4.0
2886.631
14.0
4.7235537
0.0
0.0
4.0
2891.9385
14.0
4.7379627
0.0
0.0
4.0
2897.262
14.0
4.750787
0.0
0.0
4.0
2902.5999
14.0
4.7622
0.0
0.0
4.0
2907.9507
14.0
4.772358
0.0
0.0
4.0
2913.313
14.0
4.7813983
0.0
0.0
4.0
2918.6853
14.0
4.7894444
0.0
0.0
4.0
2924.0667
14.0
4.7966056
0.0
0.0
4.0
2929.456
14.0
4.802979
0.0
0.0
4.0
2934.8525
14.0
4.808651
0.0
0.0
4.0
2940.2556
14.0
4.8136992
0.0
0.0
4.0
2945.6643
14.0
4.818192
0.0
0.0
4.0
2951.0781
14.0
4.8221908
0.0
0.0
4.0
2956.4963
14.0
4.8257494
0.0
0.0
4.0
2961.9185
14.0
4.828917
0.0
0.0
4.0
2967.3442
14.0
0.0
0.0
0.0
4.0
2971.0
14.0
0.53400004
0.0
0.0
4.0
2971.6
14.0
0.0
0.0
0.0
4.0
2971.0
14.0
0.53400004
0.0
0.0
4.0
2971.6
14.0
1.00926
0.0
0.0
4.0
2972.7341
14.0
1.4322414
0.0
0.0
4.0
2974.3435
14.0
1.8086947
0.0
0.0
4.0
2976.3757
14.0
2.1437383
0.0
0.0
4.0
2978.7844
14.0
2.441927
0.0
0.0
4.0
2981.528
14.0
2.707315
0.0
0.0
4.0
2984.57
14.0
2.9435103
0.0
0.0
4.0
2987.8774
14.0
3.1537242
0.0
0.0
4.0
2991.421
14.0
3.3408144
0.0
0.0
4.0
2995.1746
14.0
3.507325
0.0
0.0
4.0
2999.1155
14.0
3.6555192
0.0
0.0
4.0
3003.223
14.0
0.0
0.0
0.0
4.0
3003.0
14.0
0.53400004
0.0
0.0
4.0
3003.6
14.0
0.0
0.0
0.0
4.0
3003.0
14.0
0.53400004
0.0
0.0
4.0
3003.6
14.0
0.0
0.0
0.0
4.0
3003.0
14.0
0.53400004
0.0
0.0
4.0
3003.6
14.0
1.00926
0.0
0.0
4.0
3004.7341
14.0
1.4322414
0.0
0.0
4.0
3006.3435
14.0
1.8086947
0.0
0.0
4.0
3008.3757
14.0
2.1437383
0.0
0.0
4.0
3010.7844
14.0
2.441927
0.0
0.0
4.0
3013.528
14.0
2.707315
0.0
0.0
4.0
3016.57
14.0
2.9435103
0.0
0.0
4.0
3019.8774
14.0
3.1537242
0.0
0.0
4.0
3023.421
14.0
3.3408144
0.0
0.0
4.0
3027.1746
14.0
3.507325
0.0
0.0
4.0
3031.1155
14.0
3.6555192
0.0
0.0
4.0
3035.223
14.0
3.7874122
0.0
0.0
4.0
3039.4785
14.0
3.9047966
0.0
0.0
4.0
3043.866
14.0
4.0092688
0.0
0.0
4.0
3048.3708
14.0
4.102249
0.0
0.0
4.0
3052.9802
14.0
4.1850014
0.0
0.0
4.0
3057.6824
14.0
4.2586513
0.0
0.0
4.0
3062.4673
14.0
4.3241997
0.0
0.0
4.0
3067.326
14.0
4.3825374
0.0
0.0
4.0
3072.2502
14.0
4.4344583
0.0
0.0
4.0
3077.2327
14.0
4.4806676
0.0
0.0
4.0
3082.267
14.0
4.521794
0.0
0.0
4.0
3087.3477
14.0
4.5583963
0.0
0.0
4.0
3092.4695
14.0
4.5909724
0.0
0.0
4.0
3097.628
14.0
4.619965
0.0
0.0
4.0
3102.8188
14.0
4.6457686
0.0
0.0
4.0
3108.0388
14.0
4.668734
0.0
0.0
4.0
3113.2847
14.0
4.689173
0.0
0.0
4.0
3118.5535
14.0
4.707364
0.0
0.0
4.0
3123.8425
14.0
4.7235537
0.0
0.0
4.0
3129.15
14.0
4.7379627
0.0
0.0
4.0
3134.4734
14.0
4.750787
0.0
0.0
4.0
3139.8113
14.0
4.7622
0.0
0.0
4.0
3145.162
14.0
4.772358
0.0
0.0
4.0
3150.5244
14.0
4.7813983
0.0
0.0
4.0
3155.8967
14.0
4.7894444
0.0
0.0
4.0
3161.278
14.0
4.2626057
0.0
0.0
4.0
3166.0676
14.0
0.0
0.0
0.0
4.0
3168.0
14.0
