945, 6
0.0
0.0
0.0
4.0
56.0
0.0
0.0
0.0
0.0
4.0
56.0
0.0
0.0
0.0
0.0
4.0
56.0
0.0
0.0
0.0
0.0
4.0
56.0
0.0
0.0
0.0
0.0
4.0
56.0
0.0
0.0
0.0
0.0
4.0
56.0
0.0
0.0
0.0
0.0
4.0
56.0
0.0
0.53400004
0.0
0.0
4.0
56.6
0.0
1.00926
0.0
0.0
4.0
57.733997
0.0
1.4322414
0.0
0.0
4.0
59.343258
0.0
1.8086947
0.0
0.0
4.0
61.3755
0.0
2.1437383
0.0
0.0
4.0
63.784195
0.0
2.441927
0.0
0.0
4.0
66.52793
0.0
2.707315
0.0
0.0
4.0
69.569855
0.0
2.9435103
0.0
0.0
4.0
72.87717
0.0
3.1537242
0.0
0.0
4.0
76.42068
0.0
3.3408144
0.0
0.0
4.0
80.1744
0.0
3.507325
0.0
0.0
4.0
84.11521
0.0
3.6555192
0.0
0.0
4.0
88.222534
0.0
3.7874122
0.0
0.0
4.0
92.47805
0.0
3.9047966
0.0
0.0
4.0
96.86546
0.0
4.0092688
0.0
0.0
4.0
101.37026
0.0
4.102249
0.0
0.0
4.0
105.97953
0.0
4.1850014
0.0
0.0
4.0
110.68178
0.0
4.2586513
0.0
0.0
4.0
115.46678
0.0
4.3241997
0.0
0.0
4.0
120.32543
0.0
4.3825374
0.0
0.0
4.0
125.24963
0.0
4.4344583
0.0
0.0
4.0
130.23218
0.0
4.4806676
0.0
0.0
4.0
135.26663
0.0
4.521794
0.0
0.0
4.0
140.3473
0.0
4.5583963
0.0
0.0
4.0
145.4691
0.0
4.5909724
0.0
0.0
4.0
150.6275
0.0
4.619965
0.0
0.0
4.0
155.81848
0.0
4.6457686
0.0
0.0
4.0
161.03845
0.0
4.668734
0.0
0.0
4.0
166.28423
0.0
4.689173
0.0
0.0
4.0
171.55296
0.0
4.707364
0.0
0.0
4.0
176.84213
0.0
4.7235537
0.0
0.0
4.0
182.14949
0.0
4.7379627
0.0
0.0
4.0
187.47304
0.0
4.750787
0.0
0.0
4.0
192.811
0.0
4.7622
0.0
0.0
4.0
198.16179
0.0
4.772358
0.0
0.0
4.0
203.52399
0.0
4.7813983
0.0
0.0
4.0
208.89635
0.0
4.7894444
0.0
0.0
4.0
214.27774
0.0
4.7966056
0.0
0.0
4.0
219.66719
0.0
4.802979
0.0
0.0
4.0
225.0638
0.0
4.808651
0.0
0.0
4.0
230.46678
0.0
4.8136992
0.0
0.0
4.0
235.87543
0.0
4.818192
0.0
0.0
4.0
241.28912
0.0
4.8221908
0.0
0.0
4.0
246.70732
0.0
4.8257494
0.0
0.0
4.0
252.12952
0.0
4.828917
0.0
0.0
4.0
257.55527
0.0
4.831736
0.0
0.0
4.0
262.9842
0.0
4.8342447
0.0
0.0
4.0
268.41592
0.0
4.8364778
0.0
0.0
4.0
273.85016
0.0
4.838465
0.0
0.0
4.0
279.28662
0.0
4.840234
0.0
0.0
4.0
284.7251
0.0
4.841808
0.0
0.0
4.0
290.16534
0.0
3.775209
0.0
0.0
4.0
294.40717
0.0
2.825936
0.0
0.0
4.0
297.58237
0.0
1.9810829
0.0
0.0
4.0
299.8083
0.0
1.2291638
0.0
0.0
4.0
301.18936
0.0
0.5599557
0.0
0.0
4.0
301.8185
0.0
0.0
0.0
0.0
4.0
301.8185
0.0
0.0
0.0
0.0
4.0
301.8185
0.0
0.0
0.0
0.0
4.0
301.8185
1.0
0.0
0.0
0.0
4.0
301.8185
1.0
0.53400004
0.0
0.0
4.0
302.41852
1.0
1.00926
0.0
0.0
4.0
303.55252
1.0
1.4322414
0.0
0.0
4.0
305.16177
1.0
1.8086947
0.0
0.0
4.0
307.194
1.0
2.1437383
0.0
0.0
4.0
309.6027
1.0
2.441927
0.0
0.0
4.0
312.34644
1.0
2.707315
0.0
0.0
4.0
315.38837
1.0
2.9435103
0.0
0.0
4.0
318.69568
1.0
3.1537242
0.0
0.0
4.0
322.2392
1.0
3.3408144
0.0
0.0
4.0
325.99292
1.0
3.507325
0.0
0.0
4.0
329.93375
1.0
3.6555192
0.0
0.0
4.0
334.04108
1.0
3.7874122
0.0
0.0
4.0
338.2966
1.0
3.9047966
0.0
0.0
4.0
342.68402
1.0
4.0092688
0.0
0.0
4.0
347.1888
1.0
4.102249
0.0
0.0
4.0
351.7981
1.0
4.1850014
0.0
0.0
4.0
356.50034
1.0
4.2586513
0.0
0.0
4.0
361.28534
1.0
4.3241997
0.0
0.0
4.0
366.14398
1.0
4.3825374
0.0
0.0
4.0
371.06818
1.0
4.4344583
0.0
0.0
4.0
376.05072
1.0
4.4806676
0.0
0.0
4.0
381.08517
1.0
4.521794
0.0
0.0
4.0
386.16583
1.0
4.5583963
0.0
0.0
4.0
391.28763
1.0
4.5909724
0.0
0.0
4.0
396.446
1.0
4.619965
0.0
0.0
4.0
401.637
1.0
4.6457686
0.0
0.0
4.0
406.85696
1.0
4.668734
0.0
0.0
4.0
412.10272
1.0
4.689173
0.0
0.0
4.0
417.37146
1.0
4.707364
0.0
0.0
4.0
422.66064
1.0
4.7235537
0.0
0.0
4.0
427.96802
1.0
4.7379627
0.0
0.0
4.0
433.29156
1.0
4.750787
0.0
0.0
4.0
438.62952
1.0
4.7622
0.0
0.0
4.0
443.98032
1.0
4.772358
0.0
0.0
4.0
449.34253
1.0
4.7813983
0.0
0.0
4.0
454.71487
1.0
4.7894444
0.0
0.0
4.0
460.09628
1.0
4.7966056
0.0
0.0
4.0
465.48572
1.0
4.802979
0.0
0.0
4.0
470.88232
1.0
4.808651
0.0
0.0
4.0
476.2853
1.0
4.8136992
0.0
0.0
4.0
481.69397
1.0
4.818192
0.0
0.0
4.0
487.10767
1.0
4.8221908
0.0
0.0
4.0
492.52585
1.0
4.8257494
0.0
0.0
4.0
497.94803
1.0
4.828917
0.0
0.0
4.0
503.37378
1.0
4.831736
0.0
0.0
4.0
508.8027
1.0
4.8342447
0.0
0.0
4.0
514.23444
1.0
4.8364778
0.0
0.0
4.0
519.6687
1.0
4.838465
0.0
0.0
4.0
525.10516
1.0
4.840234
0.0
0.0
4.0
530.54364
1.0
4.841808
0.0
0.0
4.0
535.9839
1.0
4.843209
0.0
0.0
4.0
541.4257
1.0
4.8444557
0.0
0.0
4.0
546.86896
1.0
4.8455653
0.0
0.0
4.0
552.3134
1.0
4.846553
0.0
0.0
4.0
557.759
1.0
4.8474317
0.0
0.0
4.0
563.2055
1.0
4.848214
0.0
0.0
4.0
568.65295
1.0
4.8489103
0.0
0.0
4.0
574.1012
1.0
4.84953
0.0
0.0
4.0
579.5501
1.0
4.850082
0.0
0.0
4.0
584.99963
1.0
4.8505726
0.0
0.0
4.0
590.4497
1.0
4.8510094
0.0
0.0
4.0
595.90027
1.0
4.851398
0.0
0.0
4.0
601.35126
1.0
4.851744
0.0
0.0
4.0
606.8027
1.0
4.852052
0.0
0.0
4.0
612.2544
1.0
4.8523264
0.0
0.0
4.0
617.7064
1.0
4.8525705
0.0
0.0
4.0
623.15875
1.0
4.8527875
0.0
0.0
4.0
628.6113
1.0
4.8529806
0.0
0.0
4.0
634.0641
1.0
4.8531528
0.0
0.0
4.0
639.5171
1.0
4.853306
0.0
0.0
4.0
644.9702
1.0
4.853442
0.0
0.0
4.0
650.4235
1.0
4.8535633
0.0
0.0
4.0
655.87695
1.0
4.853671
0.0
0.0
4.0
661.3305
1.0
4.853767
0.0
0.0
4.0
666.7842
2.0
4.8538523
0.0
0.0
4.0
672.238
2.0
4.8539286
0.0
0.0
4.0
677.69183
2.0
4.8539963
0.0
0.0
4.0
683.14575
2.0
4.8540564
0.0
0.0
4.0
688.59973
2.0
4.85411
0.0
0.0
4.0
694.0538
2.0
4.8541574
0.0
0.0
4.0
699.5079
2.0
4.8542
0.0
0.0
4.0
704.96204
2.0
4.8542376
0.0
0.0
4.0
710.41626
2.0
4.8542714
0.0
0.0
4.0
715.8705
2.0
4.8543015
0.0
0.0
4.0
721.32477
2.0
4.854328
0.0
0.0
4.0
726.77905
2.0
0.0
0.0
0.0
4.0
731.0
2.0
0.53400004
0.0
0.0
4.0
731.6
2.0
0.0
0.0
0.0
4.0
731.0
2.0
0.53400004
0.0
0.0
4.0
731.6
2.0
0.0
0.0
0.0
4.0
731.0
2.0
0.53400004
0.0
0.0
4.0
731.6
2.0
0.0
0.0
0.0
4.0
731.0
2.0
0.53400004
0.0
0.0
4.0
731.6
2.0
0.0
0.0
0.0
4.0
731.0
2.0
0.53400004
0.0
0.0
4.0
731.6
2.0
1.00926
0.0
0.0
4.0
732.73395
2.0
1.4322414
0.0
0.0
4.0
734.3432
2.0
1.8086947
0.0
0.0
4.0
736.3754
2.0
2.1437383
0.0
0.0
4.0
738.7841
2.0
2.441927
0.0
0.0
4.0
741.52783
2.0
2.707315
0.0
0.0
4.0
744.56976
2.0
2.9435103
0.0
0.0
4.0
747.8771
2.0
3.1537242
0.0
0.0
4.0
751.4206
2.0
3.3408144
0.0
0.0
4.0
755.1743
2.0
3.507325
0.0
0.0
4.0
759.1151
2.0
3.6555192
0.0
0.0
4.0
763.2224
2.0
3.7874122
0.0
0.0
4.0
767.4779
2.0
3.9047966
0.0
0.0
4.0
771.8653
2.0
4.0092688
0.0
0.0
4.0
776.3701
2.0
4.102249
0.0
0.0
4.0
780.9794
2.0
4.1850014
0.0
0.0
4.0
785.68164
2.0
4.2586513
0.0
0.0
4.0
790.4666
2.0
4.3241997
0.0
0.0
4.0
795.32526
2.0
4.3825374
0.0
0.0
4.0
800.24945
2.0
4.4344583
0.0
0.0
4.0
805.232
3.0
4.4806676
0.0
0.0
4.0
810.2665
3.0
4.521794
0.0
0.0
4.0
815.34717
3.0
4.5583963
0.0
0.0
4.0
820.46893
3.0
4.5909724
0.0
0.0
4.0
825.6273
3.0
4.619965
0.0
0.0
4.0
830.8183
3.0
4.6457686
0.0
0.0
4.0
836.03827
3.0
4.668734
0.0
0.0
4.0
841.28406
3.0
4.689173
0.0
0.0
4.0
846.5528
3.0
4.707364
0.0
0.0
4.0
851.842
4.0
4.7235537
0.0
0.0
4.0
857.14935
4.0
4.7379627
0.0
0.0
4.0
862.4729
4.0
4.750787
0.0
0.0
4.0
867.81085
4.0
4.7622
0.0
0.0
4.0
873.1616
4.0
4.772358
0.0
0.0
4.0
878.5238
4.0
4.7813983
0.0
0.0
4.0
883.8962
4.0
4.7894444
0.0
0.0
4.0
889.2776
4.0
4.7966056
0.0
0.0
4.0
894.66705
4.0
4.802979
0.0
0.0
4.0
900.06366
4.0
4.808651
0.0
0.0
4.0
905.4666
4.0
0.0
0.0
0.0
4.0
907.0
4.0
0.53400004
0.0
0.0
4.0
907.6
4.0
0.0
0.0
0.0
4.0
907.0
4.0
0.53400004
0.0
0.0
4.0
907.6
4.0
0.0
0.0
0.0
4.0
907.0
4.0
0.53400004
0.0
0.0
4.0
907.6
4.0
0.0
0.0
0.0
4.0
907.0
4.0
0.53400004
0.0
0.0
4.0
907.6
4.0
0.0
0.0
0.0
4.0
907.0
4.0
0.53400004
0.0
0.0
4.0
907.6
4.0
1.00926
0.0
0.0
4.0
908.73395
4.0
1.4322414
0.0
0.0
4.0
910.3432
4.0
1.8086947
0.0
0.0
4.0
912.3754
4.0
2.1437383
0.0
0.0
4.0
914.7841
4.0
2.441927
0.0
0.0
4.0
917.52783
4.0
2.707315
0.0
0.0
4.0
920.56976
4.0
2.9435103
0.0
0.0
4.0
923.8771
4.0
3.1537242
0.0
0.0
4.0
927.4206
4.0
3.3408144
0.0
0.0
4.0
931.1743
4.0
3.507325
0.0
0.0
4.0
935.1151
4.0
3.6555192
0.0
0.0
4.0
939.2224
4.0
3.7874122
0.0
0.0
4.0
943.4779
4.0
3.9047966
0.0
0.0
4.0
947.8653
4.0
4.0092688
0.0
0.0
4.0
952.3701
4.0
4.102249
0.0
0.0
4.0
956.9794
4.0
4.1850014
0.0
0.0
4.0
961.68164
4.0
4.2586513
0.0
0.0
4.0
966.4666
4.0
4.3241997
0.0
0.0
4.0
971.32526
4.0
4.3825374
0.0
0.0
4.0
976.24945
4.0
4.4344583
0.0
0.0
4.0
981.232
4.0
4.4806676
0.0
0.0
4.0
986.2665
4.0
4.521794
0.0
0.0
4.0
991.34717
4.0
4.5583963
0.0
0.0
4.0
996.46893
4.0
4.5909724
0.0
0.0
4.0
1001.6273
4.0
4.619965
0.0
0.0
4.0
1006.8183
4.0
4.6457686
0.0
0.0
4.0
1012.03827
4.0
4.668734
0.0
0.0
4.0
1017.28406
4.0
4.689173
0.0
0.0
4.0
1022.5528
4.0
4.707364
0.0
0.0
4.0
1027.8419
4.0
4.7235537
0.0
0.0
4.0
1033.1493
4.0
4.7379627
0.0
0.0
4.0
1038.4729
4.0
4.750787
0.0
0.0
4.0
1043.8109
4.0
4.7622
0.0
0.0
4.0
1049.1617
4.0
4.772358
0.0
0.0
4.0
1054.5239
4.0
4.7813983
0.0
0.0
4.0
1059.8962
4.0
4.7894444
0.0
0.0
4.0
1065.2776
4.0
4.7966056
0.0
0.0
4.0
1070.667
4.0
4.802979
0.0
0.0
4.0
1076.0636
4.0
4.808651
0.0
0.0
4.0
1081.4666
4.0
4.8136992
0.0
0.0
4.0
1086.8752
4.0
4.818192
0.0
0.0
4.0
1092.289
4.0
4.8221908
0.0
0.0
4.0
1097.7072
4.0
4.8257494
0.0
0.0
4.0
1103.1294
4.0
4.828917
0.0
0.0
4.0
1108.5552
4.0
4.831736
0.0
0.0
4.0
1113.9841
4.0
4.8342447
0.0
0.0
4.0
1119.4159
4.0
4.8364778
0.0
0.0
4.0
1124.8501
4.0
4.838465
0.0
0.0
4.0
1130.2866
4.0
4.840234
0.0
0.0
4.0
1135.7251
4.0
4.841808
0.0
0.0
4.0
1141.1653
4.0
4.843209
0.0
0.0
4.0
1146.607
4.0
4.8444557
0.0
0.0
4.0
1152.0503
4.0
4.8455653
0.0
0.0
4.0
1157.4948
4.0
4.846553
0.0
0.0
4.0
1162.9403
4.0
4.8474317
0.0
0.0
4.0
1168.3868
4.0
4.848214
0.0
0.0
4.0
1173.8342
4.0
4.8489103
0.0
0.0
4.0
1179.2825
4.0
3.7815301
0.0
0.0
4.0
1183.5314
4.0
2.8315616
0.0
0.0
4.0
1186.7129
4.0
1.9860898
0.0
0.0
4.0
1188.9445
4.0
1.2336199
0.0
0.0
4.0
1190.3306
4.0
0.5639217
0.0
0.0
4.0
1190.9642
4.0
0.0
0.0
0.0
4.0
1190.9642
4.0
-0.53400004
0.0
0.0
4.0
1190.3643
4.0
-1.00926
0.0
0.0
4.0
1189.2302
4.0
-1.4322414
0.0
0.0
4.0
1187.621
4.0
-1.2746949
0.0
0.0
4.0
1186.1887
4.0
-1.1344784
0.0
0.0
4.0
1184.9141
4.0
-1.0096858
0.0
0.0
4.0
1183.7795
4.0
-0.8986203
0.0
0.0
4.0
1182.7699
4.0
-0.7997721
0.0
0.0
4.0
1181.8713
4.0
-0.7117971
0.0
0.0
4.0
1181.0715
4.0
-0.63349944
0.0
0.0
4.0
1180.3597
4.0
-0.5638145
0.0
0.0
4.0
1179.7262
4.0
0.0
0.0
0.0
4.0
1179.7262
4.0
0.53400004
0.0
0.0
4.0
1180.3262
4.0
1.00926
0.0
0.0
4.0
1181.4602
4.0
1.4322414
0.0
0.0
4.0
1183.0695
4.0
1.8086947
0.0
0.0
4.0
1185.1017
4.0
2.1437383
0.0
0.0
4.0
1187.5104
4.0
2.441927
0.0
0.0
4.0
1190.2542
4.0
2.173315
0.0
0.0
4.0
1192.696
4.0
1.9342504
0.0
0.0
4.0
1194.8694
4.0
1.7214828
0.0
0.0
4.0
1196.8036
4.0
0.9981196
0.0
0.0
4.0
1197.925
4.0
0.0
0.0
0.0
4.0
1197.925
4.0
0.0
0.0
0.0
4.0
1197.925
5.0
0.0
0.0
0.0
4.0
1197.925
5.0
0.0
0.0
0.0
4.0
1197.925
5.0
-0.53400004
0.0
0.0
4.0
1197.3251
5.0
-1.00926
0.0
0.0
4.0
1196.191
5.0
-1.4322414
0.0
0.0
4.0
1194.5818
5.0
-1.8086947
0.0
0.0
4.0
1192.5496
5.0
-2.1437383
0.0
0.0
4.0
1190.1409
5.0
-2.441927
0.0
0.0
4.0
1187.3971
5.0
-2.707315
0.0
0.0
4.0
1184.3552
5.0
-2.4095104
0.0
0.0
4.0
1181.648
5.0
-2.1444643
0.0
0.0
4.0
1179.2384
5.0
-1.9085732
0.0
0.0
4.0
1177.094
5.0
-1.6986301
0.0
0.0
4.0
1175.1854
5.0
-1.5117807
0.0
0.0
4.0
1173.4868
5.0
-1.3454849
0.0
0.0
4.0
1171.975
5.0
-1.1974815
0.0
0.0
4.0
1170.6295
5.0
-1.0657586
0.0
0.0
4.0
1169.432
5.0
-0.94852513
0.0
0.0
4.0
1168.3662
5.0
-0.8441874
0.0
0.0
4.0
1167.4177
5.0
-0.75132674
0.0
0.0
4.0
1166.5735
5.0
0.0
0.0
0.0
4.0
1166.5735
5.0
0.53400004
0.0
0.0
4.0
1167.1735
5.0
1.00926
0.0
0.0
4.0
1168.3075
5.0
1.4322414
0.0
0.0
4.0
1169.9167
5.0
1.8086947
0.0
0.0
4.0
1171.949
5.0
2.1437383
0.0
0.0
4.0
1174.3577
5.0
2.441927
0.0
0.0
4.0
1177.1014
5.0
2.707315
0.0
0.0
4.0
1180.1433
5.0
2.9435103
0.0
0.0
4.0
1183.4507
5.0
3.1537242
0.0
0.0
4.0
1186.9941
5.0
3.3408144
0.0
0.0
4.0
1190.7479
5.0
2.9733248
0.0
0.0
4.0
1194.0887
5.0
2.646259
0.0
0.0
4.0
1197.062
5.0
2.3551705
0.0
0.0
4.0
1199.7083
5.0
2.0961018
0.0
0.0
4.0
1202.0635
5.0
1.8655305
0.0
0.0
4.0
1204.1595
5.0
1.1263222
0.0
0.0
4.0
1205.425
6.0
0.46842667
0.0
0.0
4.0
1205.9514
6.0
0.0
0.0
0.0
4.0
1205.9514
6.0
-0.53400004
0.0
0.0
4.0
1205.3514
6.0
-0.47526002
0.0
0.0
4.0
1204.8174
6.0
0.0
0.0
0.0
4.0
1204.8174
6.0
0.53400004
0.0
0.0
4.0
1205.4174
6.0
1.00926
0.0
0.0
4.0
1206.5514
6.0
1.4322414
0.0
0.0
4.0
1208.1606
6.0
1.8086947
0.0
0.0
4.0
1210.1929
6.0
2.1437383
0.0
0.0
4.0
1212.6016
6.0
2.441927
0.0
0.0
4.0
1215.3453
6.0
2.707315
0.0
0.0
4.0
1218.3872
6.0
2.9435103
0.0
0.0
4.0
1221.6946
6.0
3.1537242
0.0
0.0
4.0
1225.238
6.0
3.3408144
0.0
0.0
4.0
1228.9918
6.0
3.507325
0.0
0.0
4.0
1232.9326
6.0
3.6555192
0.0
0.0
4.0
1237.0399
6.0
3.7874122
0.0
0.0
4.0
1241.2954
6.0
3.9047966
0.0
0.0
4.0
1245.6829
6.0
4.0092688
0.0
0.0
4.0
1250.1876
6.0
4.102249
0.0
0.0
4.0
1254.7969
6.0
4.1850014
0.0
0.0
4.0
1259.4991
6.0
4.2586513
0.0
0.0
4.0
1264.2842
6.0
4.3241997
0.0
0.0
4.0
1269.1428
6.0
4.3825374
0.0
0.0
4.0
1274.067
6.0
4.4344583
0.0
0.0
4.0
1279.0496
6.0
4.4806676
0.0
0.0
4.0
1284.084
6.0
4.521794
0.0
0.0
4.0
1289.1647
6.0
4.5583963
0.0
0.0
4.0
1294.2865
6.0
4.5909724
0.0
0.0
4.0
1299.445
6.0
4.619965
0.0
0.0
4.0
1304.6359
6.0
4.6457686
0.0
0.0
4.0
1309.8558
6.0
4.668734
0.0
0.0
4.0
1315.1016
6.0
4.689173
0.0
0.0
4.0
1320.3702
6.0
4.707364
0.0
0.0
4.0
1325.6594
6.0
4.7235537
0.0
0.0
4.0
1330.9668
6.0
4.7379627
0.0
0.0
4.0
1336.2904
6.0
4.750787
0.0
0.0
4.0
1341.6284
6.0
4.7622
0.0
0.0
4.0
1346.9792
6.0
4.772358
0.0
0.0
4.0
1352.3414
6.0
4.7813983
0.0
0.0
4.0
1357.7137
6.0
4.7894444
0.0
0.0
4.0
1363.0951
6.0
4.7966056
0.0
0.0
4.0
1368.4845
6.0
4.802979
0.0
0.0
4.0
1373.8811
6.0
4.808651
0.0
0.0
4.0
1379.284
6.0
4.8136992
0.0
0.0
4.0
1384.6927
6.0
4.818192
0.0
0.0
4.0
1390.1064
6.0
4.8221908
0.0
0.0
4.0
1395.5247
6.0
4.8257494
0.0
0.0
4.0
1400.9469
6.0
4.828917
0.0
0.0
4.0
1406.3727
6.0
4.831736
0.0
0.0
4.0
1411.8016
6.0
4.8342447
0.0
0.0
4.0
1417.2334
6.0
4.8364778
0.0
0.0
4.0
1422.6676
6.0
4.838465
0.0
0.0
4.0
1428.1041
6.0
4.840234
0.0
0.0
4.0
1433.5426
6.0
4.307808
0.0
0.0
4.0
1438.3828
6.0
3.833949
0.0
0.0
4.0
1442.6907
6.0
2.8782148
0.0
0.0
4.0
1445.9247
6.0
2.0276113
0.0
0.0
4.0
1448.2029
6.0
1.270574
0.0
0.0
4.0
1449.6305
6.0
0.5968108
0.0
0.0
4.0
1450.301
6.0
0.0
0.0
0.0
4.0
1450.301
6.0
0.53400004
0.0
0.0
4.0
1450.901
6.0
1.00926
0.0
0.0
4.0
1452.035
6.0
1.4322414
0.0
0.0
4.0
1453.6443
6.0
1.8086947
0.0
0.0
4.0
1455.6765
6.0
2.1437383
0.0
0.0
4.0
1458.0852
6.0
2.441927
0.0
0.0
4.0
1460.829
6.0
2.707315
0.0
0.0
4.0
1463.8708
6.0
2.9435103
0.0
0.0
4.0
1467.1782
6.0
3.1537242
0.0
0.0
4.0
1470.7217
6.0
2.8068144
0.0
0.0
4.0
1473.8754
6.0
1.9640647
0.0
0.0
4.0
1476.0822
7.0
1.2140175
0.0
0.0
4.0
1477.4462
7.0
0.5464755
0.0
0.0
4.0
1478.0602
7.0
0.0
0.0
0.0
4.0
1478.0602
7.0
-0.53400004
0.0
0.0
4.0
1477.4602
7.0
-1.00926
0.0
0.0
4.0
1476.3262
7.0
-1.4322414
0.0
0.0
4.0
1474.7169
7.0
-1.8086947
0.0
0.0
4.0
1472.6847
7.0
-2.1437383
0.0
0.0
4.0
1470.276
7.0
-1.907927
0.0
0.0
4.0
1468.1322
7.0
-1.698055
0.0
0.0
4.0
1466.2242
7.0
-1.511269
0.0
0.0
4.0
1464.5262
7.0
-0.8110294
0.0
0.0
4.0
1463.615
7.0
0.0
0.0
0.0
4.0
1463.615
7.0
0.53400004
0.0
0.0
4.0
1464.215
7.0
1.00926
0.0
0.0
4.0
1465.349
7.0
1.4322414
0.0
0.0
4.0
1466.9583
7.0
1.8086947
0.0
0.0
4.0
1468.9905
7.0
2.1437383
0.0
0.0
4.0
1471.3992
7.0
1.907927
0.0
0.0
4.0
1473.543
7.0
1.698055
0.0
0.0
4.0
1475.4509
7.0
1.511269
0.0
0.0
4.0
1477.1489
7.0
1.3450294
0.0
0.0
4.0
1478.6602
7.0
1.1970761
0.0
0.0
4.0
1480.0051
7.0
1.0653977
0.0
0.0
4.0
1481.2021
7.0
0.948204
0.0
0.0
4.0
1482.2676
7.0
0.8439015
0.0
0.0
4.0
1483.2158
8.0
0.75107235
0.0
0.0
4.0
1484.0597
8.0
0.66845435
0.0
0.0
4.0
1484.8108
8.0
0.5949244
0.0
0.0
4.0
1485.4792
8.0
0.5294827
0.0
0.0
4.0
1486.0742
8.0
1.0052396
0.0
0.0
4.0
1487.2037
8.0
1.4286633
0.0
0.0
4.0
1488.809
8.0
1.8055102
0.0
0.0
4.0
1490.8376
8.0
2.140904
0.0
0.0
4.0
1493.2432
8.0
2.4394045
0.0
0.0
4.0
1495.984
8.0
2.7050698
0.0
0.0
4.0
1499.0234
8.0
2.941512
0.0
0.0
4.0
1502.3285
8.0
3.1519456
0.0
0.0
4.0
1505.87
8.0
3.3392315
0.0
0.0
4.0
1509.622
8.0
3.5059159
0.0
0.0
4.0
1513.5612
8.0
3.6542652
0.0
0.0
4.0
1517.6671
8.0
3.7862961
0.0
0.0
4.0
1521.9214
8.0
3.9038036
0.0
0.0
4.0
1526.3077
8.0
4.008385
0.0
0.0
4.0
1530.8115
8.0
4.101463
0.0
0.0
4.0
1535.4199
8.0
4.184302
0.0
0.0
4.0
1540.1213
8.0
4.2580285
0.0
0.0
4.0
1544.9056
8.0
4.323645
0.0
0.0
4.0
1549.7637
8.0
4.382044
0.0
0.0
4.0
1554.6873
8.0
4.434019
0.0
0.0
4.0
1559.6693
8.0
4.480277
0.0
0.0
4.0
1564.7034
8.0
4.521446
0.0
0.0
4.0
1569.7837
8.0
4.558087
0.0
0.0
4.0
1574.9052
8.0
4.5906973
0.0
0.0
4.0
1580.0632
8.0
4.6197205
0.0
0.0
4.0
1585.2539
8.0
4.645551
0.0
0.0
4.0
1590.4736
8.0
4.6685405
0.0
0.0
4.0
1595.7192
8.0
4.689001
0.0
0.0
4.0
1600.9878
8.0
4.707211
0.0
0.0
4.0
1606.2767
8.0
4.7234178
0.0
0.0
4.0
1611.584
8.0
4.7378416
0.0
0.0
4.0
1616.9073
8.0
4.750679
0.0
0.0
4.0
1622.2452
8.0
4.762104
0.0
0.0
4.0
1627.596
8.0
4.7722726
0.0
0.0
4.0
1632.958
8.0
4.7813225
0.0
0.0
4.0
1638.3303
8.0
4.7893767
0.0
0.0
4.0
1643.7117
8.0
3.7285454
0.0
0.0
4.0
1647.901
8.0
2.7844052
0.0
0.0
4.0
1651.0295
8.0
1.9441208
0.0
0.0
4.0
1653.214
8.0
1.7302674
0.0
0.0
4.0
1655.1581
8.0
1.539938
0.0
0.0
4.0
1656.8883
8.0
1.3705448
0.0
0.0
4.0
1658.4282
9.0
1.2197849
0.0
0.0
4.0
1659.7988
9.0
1.0856085
0.0
0.0
4.0
1661.0186
9.0
0.96619153
0.0
0.0
4.0
1662.1041
9.0
0.8599104
0.0
0.0
4.0
1663.0703
9.0
0.76532024
0.0
0.0
4.0
1663.9302
9.0
0.681135
0.0
0.0
4.0
1664.6956
9.0
0.6062101
0.0
0.0
4.0
1665.3767
9.0
0.539527
0.0
0.0
4.0
1665.9829
9.0
0.480179
0.0
0.0
4.0
1666.5225
9.0
0.0
0.0
0.0
4.0
1666.5225
9.0
0.0
0.0
0.0
4.0
1666.5225
9.0
0.0
0.0
0.0
4.0
1666.5225
9.0
0.0
0.0
0.0
4.0
1666.5225
9.0
0.0
0.0
0.0
4.0
1666.5225
9.0
0.0
0.0
0.0
4.0
1666.5225
9.0
0.53400004
0.0
0.0
4.0
1667.1224
9.0
1.00926
0.0
0.0
4.0
1668.2565
9.0
1.4322414
0.0
0.0
4.0
1669.8657
9.0
1.8086947
0.0
0.0
4.0
1671.898
9.0
2.1437383
0.0
0.0
4.0
1674.3066
9.0
2.441927
0.0
0.0
4.0
1677.0504
9.0
2.707315
0.0
0.0
4.0
1680.0923
9.0
2.9435103
0.0
0.0
4.0
1683.3997
9.0
3.1537242
0.0
0.0
4.0
1686.9431
9.0
3.3408144
0.0
0.0
4.0
1690.6969
9.0
3.507325
0.0
0.0
4.0
1694.6377
9.0
3.6555192
0.0
0.0
4.0
1698.745
9.0
3.7874122
0.0
0.0
4.0
1703.0005
9.0
3.9047966
0.0
0.0
4.0
1707.388
9.0
4.0092688
0.0
0.0
4.0
1711.8927
9.0
4.102249
0.0
0.0
4.0
1716.502
9.0
4.1850014
0.0
0.0
4.0
1721.2042
9.0
4.2586513
0.0
0.0
4.0
1725.9893
9.0
4.3241997
0.0
0.0
4.0
1730.8479
9.0
4.3825374
0.0
0.0
4.0
1735.7721
9.0
4.4344583
0.0
0.0
4.0
1740.7546
9.0
4.4806676
0.0
0.0
4.0
1745.7891
9.0
4.521794
0.0
0.0
4.0
1750.8698
9.0
4.5583963
0.0
0.0
4.0
1755.9916
9.0
4.5909724
0.0
0.0
4.0
1761.15
9.0
4.619965
0.0
0.0
4.0
1766.341
9.0
4.6457686
0.0
0.0
4.0
1771.5609
9.0
4.668734
0.0
0.0
4.0
1776.8066
9.0
4.689173
0.0
0.0
4.0
1782.0753
9.0
4.707364
0.0
0.0
4.0
1787.3645
9.0
4.7235537
0.0
0.0
4.0
1792.6719
9.0
4.7379627
0.0
0.0
4.0
1797.9955
9.0
4.750787
0.0
0.0
4.0
1803.3335
9.0
4.7622
0.0
0.0
4.0
1808.6843
9.0
4.772358
0.0
0.0
4.0
1814.0465
9.0
4.7813983
0.0
0.0
4.0
1819.4188
9.0
4.7894444
0.0
0.0
4.0
1824.8002
9.0
4.7966056
0.0
0.0
4.0
1830.1896
9.0
4.802979
0.0
0.0
4.0
1835.5862
9.0
4.808651
0.0
0.0
4.0
1840.9891
9.0
4.8136992
0.0
0.0
4.0
1846.3978
9.0
4.818192
0.0
0.0
4.0
1851.8115
9.0
4.8221908
0.0
0.0
4.0
1857.2297
9.0
4.8257494
0.0
0.0
4.0
1862.652
9.0
4.828917
0.0
0.0
4.0
1868.0778
9.0
4.831736
0.0
0.0
4.0
1873.5067
9.0
4.8342447
0.0
0.0
4.0
1878.9385
9.0
4.8364778
0.0
0.0
4.0
1884.3727
9.0
4.838465
0.0
0.0
4.0
1889.8092
9.0
4.840234
0.0
0.0
4.0
1895.2477
9.0
4.841808
0.0
0.0
4.0
1900.6879
9.0
4.843209
0.0
0.0
4.0
1906.1296
9.0
4.8444557
0.0
0.0
4.0
1911.5729
9.0
4.8455653
0.0
0.0
4.0
1917.0173
9.0
4.846553
0.0
0.0
4.0
1922.4629
9.0
4.8474317
0.0
0.0
4.0
1927.9094
9.0
4.848214
0.0
0.0
4.0
1933.3568
9.0
4.3149104
0.0
0.0
4.0
1938.2051
9.0
3.8402703
0.0
0.0
4.0
1942.52
9.0
3.4178405
0.0
0.0
4.0
1946.3602
9.0
2.507878
0.0
0.0
4.0
1949.1781
9.0
1.6980114
0.0
0.0
4.0
1951.0859
9.0
0.97723013
0.0
0.0
4.0
1952.184
10.0
0.0
0.0
0.0
4.0
1952.184
10.0
-0.53400004
0.0
0.0
4.0
1951.584
10.0
-0.47526002
0.0
0.0
4.0
1951.0499
10.0
0.0
0.0
0.0
4.0
1951.0499
10.0
0.53400004
0.0
0.0
4.0
1951.6499
10.0
1.00926
0.0
0.0
4.0
1952.7839
10.0
0.89824146
0.0
0.0
4.0
1953.7932
10.0
0.7994349
0.0
0.0
4.0
1954.6914
10.0
0.71149707
0.0
0.0
4.0
1955.4908
11.0
0.0
0.0
0.0
4.0
1955.4908
11.0
-0.53400004
0.0
0.0
4.0
1954.8909
11.0
-1.00926
0.0
0.0
4.0
1953.7568
11.0
-1.4322414
0.0
0.0
4.0
1952.1476
11.0
-1.8086947
0.0
0.0
4.0
1950.1154
11.0
-2.1437383
0.0
0.0
4.0
1947.7067
11.0
-2.441927
0.0
0.0
4.0
1944.9629
11.0
-2.173315
0.0
0.0
4.0
1942.521
11.0
-1.9342504
0.0
0.0
4.0
1940.3477
11.0
-1.7214828
0.0
0.0
4.0
1938.4135
11.0
-1.5321196
0.0
0.0
4.0
1936.692
11.0
-1.3635864
0.0
0.0
4.0
1935.1599
11.0
-0.6795919
0.0
0.0
4.0
1934.3964
11.0
0.0
0.0
0.0
4.0
1934.3964
11.0
0.53400004
0.0
0.0
4.0
1934.9963
11.0
1.00926
0.0
0.0
4.0
1936.1304
11.0
1.4322414
0.0
0.0
4.0
1937.7396
11.0
1.8086947
0.0
0.0
4.0
1939.7719
11.0
1.6097382
0.0
0.0
4.0
1941.5806
11.0
1.432667
0.0
0.0
4.0
1943.1903
11.0
1.2750736
0.0
0.0
4.0
1944.6229
11.0
1.1348156
0.0
0.0
4.0
1945.898
11.0
1.0099858
0.0
0.0
4.0
1947.0327
11.0
0.89888734
0.0
0.0
4.0
1948.0427
11.0
0.8000097
0.0
0.0
4.0
1948.9417
12.0
0.71200866
0.0
0.0
4.0
1949.7417
12.0
0.6336877
0.0
0.0
4.0
1950.4537
12.0
0.0
0.0
0.0
4.0
1950.4537
12.0
-0.53400004
0.0
0.0
4.0
1949.8538
12.0
-1.00926
0.0
0.0
4.0
1948.7197
12.0
-1.4322414
0.0
0.0
4.0
1947.1105
12.0
-1.8086947
0.0
0.0
4.0
1945.0782
12.0
-1.6097382
0.0
0.0
4.0
1943.2695
12.0
-1.432667
0.0
0.0
4.0
1941.6598
12.0
-1.2750736
0.0
0.0
4.0
1940.2272
12.0
-1.1348156
0.0
0.0
4.0
1938.9521
12.0
-1.0099858
0.0
0.0
4.0
1937.8174
12.0
0.0
0.0
0.0
4.0
1937.8174
12.0
0.53400004
0.0
0.0
4.0
1938.4174
12.0
1.00926
0.0
0.0
4.0
1939.5514
12.0
1.4322414
0.0
0.0
4.0
1941.1606
12.0
1.8086947
0.0
0.0
4.0
1943.1929
12.0
2.1437383
0.0
0.0
4.0
1945.6016
12.0
1.907927
0.0
0.0
4.0
1947.7454
12.0
1.698055
0.0
0.0
4.0
1949.6533
12.0
1.511269
0.0
0.0
4.0
1951.3513
12.0
1.3450294
0.0
0.0
4.0
1952.8625
12.0
1.1970761
0.0
0.0
4.0
1954.2075
12.0
1.0653977
0.0
0.0
4.0
1955.4045
12.0
0.948204
0.0
0.0
4.0
1956.47
13.0
1.3779014
0.0
0.0
4.0
1958.0182
13.0
1.7603322
0.0
0.0
4.0
1959.9961
13.0
2.1006956
0.0
0.0
4.0
1962.3564
13.0
2.403619
0.0
0.0
4.0
1965.0571
13.0
2.673221
0.0
0.0
4.0
1968.0608
13.0
2.9131668
0.0
0.0
4.0
1971.334
13.0
3.1267185
0.0
0.0
4.0
1974.8472
13.0
3.3167794
0.0
0.0
4.0
1978.5739
13.0
3.4859338
0.0
0.0
4.0
1982.4906
13.0
3.6364808
0.0
0.0
4.0
1986.5765
13.0
3.7704678
0.0
0.0
4.0
1990.813
13.0
3.8897161
0.0
0.0
4.0
1995.1835
13.0
3.9958472
0.0
0.0
4.0
1999.6732
13.0
4.090304
0.0
0.0
4.0
2004.269
13.0
4.1743703
0.0
0.0
4.0
2008.9594
13.0
4.2491894
0.0
0.0
4.0
2013.7338
13.0
4.3157783
0.0
0.0
4.0
2018.583
13.0
4.3750424
0.0
0.0
4.0
2023.4988
13.0
4.427788
0.0
0.0
4.0
2028.4739
13.0
4.474731
0.0
0.0
4.0
2033.5017
13.0
4.5165105
0.0
0.0
4.0
2038.5764
13.0
4.5536942
0.0
0.0
4.0
2043.6929
13.0
4.5867877
0.0
0.0
4.0
2048.8467
13.0
4.616241
0.0
0.0
4.0
2054.0334
13.0
4.642454
0.0
0.0
4.0
2059.2498
13.0
4.665784
0.0
0.0
4.0
2064.4922
13.0
4.6865473
0.0
0.0
4.0
2069.758
13.0
4.705027
0.0
0.0
4.0
2075.0447
13.0
4.721474
0.0
0.0
4.0
2080.3496
13.0
4.7361116
0.0
0.0
4.0
2085.6711
13.0
4.7491393
0.0
0.0
4.0
2091.0073
13.0
4.7607336
0.0
0.0
4.0
2096.3564
13.0
4.771053
0.0
0.0
4.0
2101.7173
13.0
4.7802367
0.0
0.0
4.0
2107.0884
13.0
4.7884107
0.0
0.0
4.0
2112.4685
13.0
4.7956853
0.0
0.0
4.0
2117.857
13.0
4.80216
0.0
0.0
4.0
2123.2527
13.0
4.807922
0.0
0.0
4.0
2128.6548
13.0
4.8130503
0.0
0.0
4.0
2134.0627
13.0
4.8176146
0.0
0.0
4.0
2139.4758
13.0
4.8216767
0.0
0.0
4.0
2144.8936
13.0
4.825292
0.0
0.0
4.0
2150.3152
13.0
4.82851
0.0
0.0
4.0
2155.7405
13.0
4.8313737
0.0
0.0
4.0
2161.169
13.0
4.8339224
0.0
0.0
4.0
2166.6003
13.0
4.8361907
0.0
0.0
4.0
2172.0342
13.0
4.8382096
0.0
0.0
4.0
2177.4705
13.0
4.3060064
0.0
0.0
4.0
2182.3086
13.0
3.8323457
0.0
0.0
4.0
2186.6145
13.0
0.0
0.0
0.0
4.0
2187.0
13.0
0.0
0.0
0.0
4.0
2187.0
13.0
0.0
0.0
0.0
4.0
2187.0
13.0
0.0
0.0
0.0
4.0
2187.0
13.0
0.0
0.0
0.0
4.0
2187.0
13.0
0.0
0.0
0.0
4.0
2187.0
13.0
0.0
0.0
0.0
4.0
2187.0
13.0
0.53400004
0.0
0.0
4.0
2187.6
13.0
1.00926
0.0
0.0
4.0
2188.7341
13.0
1.4322414
0.0
0.0
4.0
2190.3435
13.0
1.8086947
0.0
0.0
4.0
2192.3757
13.0
2.1437383
0.0
0.0
4.0
2194.7844
13.0
2.441927
0.0
0.0
4.0
2197.528
13.0
2.707315
0.0
0.0
4.0
2200.57
13.0
2.9435103
0.0
0.0
4.0
2203.8774
13.0
3.1537242
0.0
0.0
4.0
2207.421
13.0
3.3408144
0.0
0.0
4.0
2211.1746
13.0
3.507325
0.0
0.0
4.0
2215.1155
13.0
3.6555192
0.0
0.0
4.0
2219.223
13.0
3.7874122
0.0
0.0
4.0
2223.4785
13.0
3.9047966
0.0
0.0
4.0
2227.866
13.0
4.0092688
0.0
0.0
4.0
2232.3708
13.0
4.102249
0.0
0.0
4.0
2236.9802
13.0
4.1850014
0.0
0.0
4.0
2241.6824
13.0
4.2586513
0.0
0.0
4.0
2246.4673
13.0
4.3241997
0.0
0.0
4.0
2251.326
13.0
4.3825374
0.0
0.0
4.0
2256.2502
13.0
4.4344583
0.0
0.0
4.0
2261.2327
13.0
4.4806676
0.0
0.0
4.0
2266.267
13.0
4.521794
0.0
0.0
4.0
2271.3477
13.0
4.5583963
0.0
0.0
4.0
2276.4695
13.0
4.5909724
0.0
0.0
4.0
2281.628
13.0
4.619965
0.0
0.0
4.0
2286.8188
13.0
4.6457686
0.0
0.0
4.0
2292.0388
13.0
4.668734
0.0
0.0
4.0
2297.2847
13.0
4.689173
0.0
0.0
4.0
2302.5535
13.0
4.707364
0.0
0.0
4.0
2307.8425
13.0
4.7235537
0.0
0.0
4.0
2313.15
13.0
4.7379627
0.0
0.0
4.0
2318.4734
13.0
4.750787
0.0
0.0
4.0
2323.8113
13.0
4.7622
0.0
0.0
4.0
2329.162
13.0
4.772358
0.0
0.0
4.0
2334.5244
13.0
4.7813983
0.0
0.0
4.0
2339.8967
13.0
4.7894444
0.0
0.0
4.0
2345.278
13.0
4.7966056
0.0
0.0
4.0
2350.6675
13.0
4.802979
0.0
0.0
4.0
2356.064
13.0
4.808651
0.0
0.0
4.0
2361.467
13.0
0.0
0.0
0.0
4.0
2363.0
13.0
0.53400004
0.0
0.0
4.0
2363.6
13.0
1.00926
0.0
0.0
4.0
2364.7341
13.0
1.4322414
0.0
0.0
4.0
2366.3435
13.0
1.8086947
0.0
0.0
4.0
2368.3757
13.0
2.1437383
0.0
0.0
4.0
2370.7844
13.0
2.441927
0.0
0.0
4.0
2373.528
13.0
2.707315
0.0
0.0
4.0
2376.57
13.0
2.9435103
0.0
0.0
4.0
2379.8774
13.0
3.1537242
0.0
0.0
4.0
2383.421
13.0
3.3408144
0.0
0.0
4.0
2387.1746
13.0
3.507325
0.0
0.0
4.0
2391.1155
13.0
3.6555192
0.0
0.0
4.0
2395.223
13.0
0.0
0.0
0.0
4.0
2395.0
13.0
0.53400004
0.0
0.0
4.0
2395.6
13.0
0.0
0.0
0.0
4.0
2395.0
13.0
0.53400004
0.0
0.0
4.0
2395.6
13.0
1.00926
0.0
0.0
4.0
2396.7341
13.0
1.4322414
0.0
0.0
4.0
2398.3435
13.0
1.8086947
0.0
0.0
4.0
2400.3757
13.0
2.1437383
0.0
0.0
4.0
2402.7844
13.0
2.441927
0.0
0.0
4.0
2405.528
13.0
2.707315
0.0
0.0
4.0
2408.57
13.0
2.9435103
0.0
0.0
4.0
2411.8774
13.0
3.1537242
0.0
0.0
4.0
2415.421
13.0
3.3408144
0.0
0.0
4.0
2419.1746
13.0
3.507325
0.0
0.0
4.0
2423.1155
13.0
3.6555192
0.0
0.0
4.0
2427.223
13.0
3.7874122
0.0
0.0
4.0
2431.4785
13.0
3.9047966
0.0
0.0
4.0
2435.866
13.0
4.0092688
0.0
0.0
4.0
2440.3708
13.0
4.102249
0.0
0.0
4.0
2444.9802
13.0
4.1850014
0.0
0.0
4.0
2449.6824
13.0
4.2586513
0.0
0.0
4.0
2454.4673
13.0
4.3241997
0.0
0.0
4.0
2459.326
13.0
4.3825374
0.0
0.0
4.0
2464.2502
13.0
4.4344583
0.0
0.0
4.0
2469.2327
13.0
4.4806676
0.0
0.0
4.0
2474.267
13.0
4.521794
0.0
0.0
4.0
2479.3477
13.0
4.5583963
0.0
0.0
4.0
2484.4695
13.0
4.5909724
0.0
0.0
4.0
2489.628
13.0
4.619965
0.0
0.0
4.0
2494.8188
13.0
4.6457686
0.0
0.0
4.0
2500.0388
13.0
4.668734
0.0
0.0
4.0
2505.2847
13.0
4.689173
0.0
0.0
4.0
2510.5535
13.0
4.707364
0.0
0.0
4.0
2515.8425
13.0
4.7235537
0.0
0.0
4.0
2521.15
13.0
4.7379627
0.0
0.0
4.0
2526.4734
13.0
4.750787
0.0
0.0
4.0
2531.8113
13.0
4.7622
0.0
0.0
4.0
2537.162
13.0
4.772358
0.0
0.0
4.0
2542.5244
13.0
4.7813983
0.0
0.0
4.0
2547.8967
13.0
4.7894444
0.0
0.0
4.0
2553.278
13.0
4.7966056
0.0
0.0
4.0
2558.6675
13.0
4.802979
0.0
0.0
4.0
2564.064
13.0
4.808651
0.0
0.0
4.0
2569.467
13.0
4.8136992
0.0
0.0
4.0
2574.8757
13.0
4.818192
0.0
0.0
4.0
2580.2896
13.0
4.8221908
0.0
0.0
4.0
2585.7078
13.0
4.8257494
0.0
0.0
4.0
2591.13
13.0
4.828917
0.0
0.0
4.0
2596.5557
13.0
4.831736
0.0
0.0
4.0
2601.9846
13.0
4.8342447
0.0
0.0
4.0
2607.4163
13.0
4.8364778
0.0
0.0
4.0
2612.8506
13.0
4.838465
0.0
0.0
4.0
2618.287
13.0
4.840234
0.0
0.0
4.0
2623.7256
13.0
4.841808
0.0
0.0
4.0
2629.1658
13.0
4.843209
0.0
0.0
4.0
2634.6077
13.0
4.8444557
0.0
0.0
4.0
2640.0508
13.0
4.8455653
0.0
0.0
4.0
2645.495
13.0
4.312553
0.0
0.0
4.0
2650.3406
13.0
3.838172
0.0
0.0
4.0
2654.653
13.0
3.415973
0.0
0.0
4.0
2658.4912
13.0
3.040216
0.0
0.0
4.0
2661.9072
13.0
2.7057922
0.0
0.0
4.0
2664.9475
13.0
2.9421551
0.0
0.0
4.0
2668.2534
13.0
3.152518
0.0
0.0
4.0
2671.7957
13.0
3.3397412
0.0
0.0
4.0
2675.548
13.0
3.5063696
0.0
0.0
4.0
2679.4878
13.0
3.120669
0.0
0.0
4.0
2682.9941
13.0
2.7773952
0.0
0.0
4.0
2686.1147
13.0
1.9378818
0.0
0.0
4.0
2688.2922
13.0
1.1907148
0.0
0.0
4.0
2689.6301
13.0
0.52573615
0.0
0.0
4.0
2690.221
13.0
0.0
0.0
0.0
4.0
2690.221
13.0
0.0
0.0
0.0
4.0
2690.221
13.0
0.0
0.0
0.0
4.0
2690.221
13.0
0.0
0.0
0.0
4.0
2690.221
13.0
0.0
0.0
0.0
4.0
2690.221
13.0
0.0
0.0
0.0
4.0
2690.221
13.0
0.0
0.0
0.0
4.0
2690.221
13.0
0.0
0.0
0.0
4.0
2690.221
13.0
0.0
0.0
0.0
4.0
2690.221
13.0
0.53400004
0.0
0.0
4.0
2690.821
13.0
1.00926
0.0
0.0
4.0
2691.955
13.0
1.4322414
0.0
0.0
4.0
2693.5645
13.0
1.8086947
0.0
0.0
4.0
2695.5967
13.0
2.1437383
0.0
0.0
4.0
2698.0054
13.0
2.441927
0.0
0.0
4.0
2700.749
13.0
2.707315
0.0
0.0
4.0
2703.791
13.0
2.9435103
0.0
0.0
4.0
2707.0984
13.0
3.1537242
0.0
0.0
4.0
2710.6418
13.0
3.3408144
0.0
0.0
4.0
2714.3955
13.0
3.507325
0.0
0.0
4.0
2718.3364
13.0
3.6555192
0.0
0.0
4.0
2722.4438
13.0
3.7874122
0.0
0.0
4.0
2726.6995
13.0
3.9047966
0.0
0.0
4.0
2731.087
14.0
4.0092688
0.0
0.0
4.0
2735.5918
14.0
4.102249
0.0
0.0
4.0
2740.2012
14.0
4.1850014
0.0
0.0
4.0
2744.9033
14.0
4.2586513
0.0
0.0
4.0
2749.6882
14.0
4.3241997
0.0
0.0
4.0
2754.5469
14.0
4.3825374
0.0
0.0
4.0
2759.4712
14.0
3.900458
0.0
0.0
4.0
2763.8538
14.0
2.9374075
0.0
0.0
4.0
2767.1543
14.0
2.0802927
0.0
0.0
4.0
2769.4917
14.0
1.3174604
0.0
0.0
4.0
2770.972
14.0
0.63853973
0.0
0.0
4.0
2771.6895
14.0
0.0
0.0
0.0
4.0
2771.6895
14.0
0.0
0.0
0.0
4.0
2771.6895
14.0
0.53400004
0.0
0.0
4.0
2772.2896
14.0
1.00926
0.0
0.0
4.0
2773.4236
14.0
1.4322414
0.0
0.0
4.0
2775.033
14.0
1.8086947
0.0
0.0
4.0
2777.0652
14.0
2.1437383
0.0
0.0
4.0
2779.4739
14.0
2.441927
0.0
0.0
4.0
2782.2175
14.0
2.707315
0.0
0.0
4.0
2785.2595
14.0
2.9435103
0.0
0.0
4.0
2788.567
14.0
3.1537242
0.0
0.0
4.0
2792.1104
14.0
3.3408144
0.0
0.0
4.0
2795.864
14.0
3.507325
0.0
0.0
4.0
2799.805
14.0
3.6555192
0.0
0.0
4.0
2803.9124
14.0
3.7874122
0.0
0.0
4.0
2808.168
14.0
3.9047966
0.0
0.0
4.0
2812.5554
14.0
4.0092688
0.0
0.0
4.0
2817.0603
14.0
4.102249
0.0
0.0
4.0
2821.6697
14.0
4.1850014
0.0
0.0
4.0
2826.3718
14.0
4.2586513
0.0
0.0
4.0
2831.1567
14.0
4.3241997
0.0
0.0
4.0
2836.0154
14.0
4.3825374
0.0
0.0
4.0
2840.9397
14.0
4.4344583
0.0
0.0
4.0
2845.922
14.0
4.4806676
0.0
0.0
4.0
2850.9565
14.0
4.521794
0.0
0.0
4.0
2856.037
14.0
4.5583963
0.0
0.0
4.0
2861.159
14.0
4.5909724
0.0
0.0
4.0
2866.3174
14.0
4.619965
0.0
0.0
4.0
2871.5083
14.0
4.6457686
0.0
0.0
4.0
2876.7283
14.0
4.668734
0.0
0.0
4.0
2881.974
14.0
4.689173
0.0
0.0
4.0
2887.243
14.0
4.707364
0.0
0.0
4.0
2892.532
14.0
4.7235537
0.0
0.0
4.0
2897.8394
14.0
4.7379627
0.0
0.0
4.0
2903.1628
14.0
4.750787
0.0
0.0
4.0
2908.5007
14.0
4.7622
0.0
0.0
4.0
2913.8516
14.0
4.772358
0.0
0.0
4.0
2919.2139
14.0
4.7813983
0.0
0.0
4.0
2924.5862
14.0
4.7894444
0.0
0.0
4.0
2929.9675
14.0
4.7966056
0.0
0.0
4.0
2935.357
14.0
4.802979
0.0
0.0
4.0
2940.7534
14.0
4.808651
0.0
0.0
4.0
2946.1565
14.0
4.8136992
0.0
0.0
4.0
2951.5652
14.0
0.0
0.0
0.0
4.0
2955.0
14.0
0.53400004
0.0
0.0
4.0
2955.6
14.0
0.0
0.0
0.0
4.0
2955.0
14.0
0.53400004
0.0
0.0
4.0
2955.6
14.0
0.0
0.0
0.0
4.0
2955.0
14.0
0.53400004
0.0
0.0
4.0
2955.6
14.0
1.00926
0.0
0.0
4.0
2956.7341
14.0
1.4322414
0.0
0.0
4.0
2958.3435
14.0
1.8086947
0.0
0.0
4.0
2960.3757
14.0
2.1437383
0.0
0.0
4.0
2962.7844
14.0
2.441927
0.0
0.0
4.0
2965.528
14.0
2.707315
0.0
0.0
4.0
2968.57
14.0
2.9435103
0.0
0.0
4.0
2971.8774
14.0
3.1537242
0.0
0.0
4.0
2975.421
14.0
3.3408144
0.0
0.0
4.0
2979.1746
14.0
3.507325
0.0
0.0
4.0
2983.1155
14.0
3.6555192
0.0
0.0
4.0
2987.223
14.0
0.0
0.0
0.0
4.0
2987.0
14.0
0.53400004
0.0
0.0
4.0
2987.6
14.0
0.0
0.0
0.0
4.0
2987.0
14.0
0.53400004
0.0
0.0
4.0
2987.6
14.0
0.0
0.0
0.0
4.0
2987.0
14.0
0.53400004
0.0
0.0
4.0
2987.6
14.0
0.0
0.0
0.0
4.0
2987.0
14.0
0.53400004
0.0
0.0
4.0
2987.6
14.0
0.0
0.0
0.0
4.0
2987.0
14.0
0.53400004
0.0
0.0
4.0
2987.6
14.0
0.0
0.0
0.0
4.0
2987.0
14.0
0.53400004
0.0
0.0
4.0
2987.6
14.0
1.00926
0.0
0.0
4.0
2988.7341
14.0
1.4322414
0.0
0.0
4.0
2990.3435
14.0
1.8086947
0.0
0.0
4.0
2992.3757
14.0
2.1437383
0.0
0.0
4.0
2994.7844
14.0
2.441927
0.0
0.0
4.0
2997.528
14.0
2.707315
0.0
0.0
4.0
3000.57
14.0
2.9435103
0.0
0.0
4.0
3003.8774
14.0
3.1537242
0.0
0.0
4.0
3007.421
14.0
3.3408144
0.0
0.0
4.0
3011.1746
14.0
3.507325
0.0
0.0
4.0
3015.1155
14.0
3.6555192
0.0
0.0
4.0
3019.223
14.0
3.7874122
0.0
0.0
4.0
3023.4785
14.0
3.9047966
0.0
0.0
4.0
3027.866
14.0
4.0092688
0.0
0.0
4.0
3032.3708
14.0
4.102249
0.0
0.0
4.0
3036.9802
14.0
4.1850014
0.0
0.0
4.0
3041.6824
14.0
4.2586513
0.0
0.0
4.0
3046.4673
14.0
4.3241997
0.0
0.0
4.0
3051.326
14.0
4.3825374
0.0
0.0
4.0
3056.2502
14.0
4.4344583
0.0
0.0
4.0
3061.2327
14.0
4.4806676
0.0
0.0
4.0
3066.267
14.0
4.521794
0.0
0.0
4.0
3071.3477
14.0
4.5583963
0.0
0.0
4.0
3076.4695
14.0
4.5909724
0.0
0.0
4.0
3081.628
14.0
4.619965
0.0
0.0
4.0
3086.8188
14.0
4.6457686
0.0
0.0
4.0
3092.0388
14.0
4.668734
0.0
0.0
4.0
3097.2847
14.0
4.689173
0.0
0.0
4.0
3102.5535
14.0
4.707364
0.0
0.0
4.0
3107.8425
14.0
4.7235537
0.0
0.0
4.0
3113.15
14.0
4.7379627
0.0
0.0
4.0
3118.4734
14.0
4.750787
0.0
0.0
4.0
3123.8113
14.0
4.7622
0.0
0.0
4.0
3129.162
14.0
4.772358
0.0
0.0
4.0
3134.5244
14.0
4.7813983
0.0
0.0
4.0
3139.8967
14.0
4.7894444
0.0
0.0
4.0
3145.278
14.0
4.7966056
0.0
0.0
4.0
3150.6675
14.0
4.802979
0.0
0.0
4.0
3156.064
14.0
4.808651
0.0
0.0
4.0
3161.467
14.0
4.8136992
0.0
0.0
4.0
3166.8757
14.0
0.0
0.0
0.0
4.0
3168.0
14.0
