916, 6
0.0
0.0
0.0
4.0
56.0
0.0
0.0
0.0
0.0
4.0
56.0
0.0
0.0
0.0
0.0
4.0
56.0
0.0
0.0
0.0
0.0
4.0
56.0
0.0
0.0
0.0
0.0
4.0
56.0
0.0
0.0
0.0
0.0
4.0
56.0
0.0
0.0
0.0
0.0
4.0
56.0
0.0
0.0
0.0
0.0
4.0
56.0
0.0
0.0
0.0
0.0
4.0
56.0
0.0
0.53400004
0.0
0.0
4.0
56.6
0.0
1.00926
0.0
0.0
4.0
57.733997
0.0
1.4322414
0.0
0.0
4.0
59.343258
0.0
1.8086947
0.0
0.0
4.0
61.3755
0.0
2.1437383
0.0
0.0
4.0
63.784195
0.0
2.441927
0.0
0.0
4.0
66.52793
0.0
2.707315
0.0
0.0
4.0
69.569855
0.0
2.9435103
0.0
0.0
4.0
72.87717
0.0
3.1537242
0.0
0.0
4.0
76.42068
0.0
3.3408144
0.0
0.0
4.0
80.1744
0.0
3.507325
0.0
0.0
4.0
84.11521
0.0
3.6555192
0.0
0.0
4.0
88.222534
0.0
3.7874122
0.0
0.0
4.0
92.47805
0.0
3.9047966
0.0
0.0
4.0
96.86546
0.0
4.0092688
0.0
0.0
4.0
101.37026
0.0
4.102249
0.0
0.0
4.0
105.97953
0.0
4.1850014
0.0
0.0
4.0
110.68178
0.0
4.2586513
0.0
0.0
4.0
115.46678
0.0
4.3241997
0.0
0.0
4.0
120.32543
0.0
4.3825374
0.0
0.0
4.0
125.24963
0.0
4.4344583
0.0
0.0
4.0
130.23218
0.0
4.4806676
0.0
0.0
4.0
135.26663
0.0
4.521794
0.0
0.0
4.0
140.3473
0.0
4.5583963
0.0
0.0
4.0
145.4691
0.0
4.5909724
0.0
0.0
4.0
150.6275
0.0
4.619965
0.0
0.0
4.0
155.81848
0.0
4.6457686
0.0
0.0
4.0
161.03845
0.0
4.668734
0.0
0.0
4.0
166.28423
0.0
4.689173
0.0
0.0
4.0
171.55296
0.0
4.707364
0.0
0.0
4.0
176.84213
0.0
4.7235537
0.0
0.0
4.0
182.14949
0.0
4.7379627
0.0
0.0
4.0
187.47304
0.0
4.750787
0.0
0.0
4.0
192.811
0.0
4.7622
0.0
0.0
4.0
198.16179
0.0
4.772358
0.0
0.0
4.0
203.52399
0.0
4.7813983
0.0
0.0
4.0
208.89635
0.0
4.7894444
0.0
0.0
4.0
214.27774
0.0
4.7966056
0.0
0.0
4.0
219.66719
0.0
4.802979
0.0
0.0
4.0
225.0638
0.0
4.808651
0.0
0.0
4.0
230.46678
0.0
4.8136992
0.0
0.0
4.0
235.87543
0.0
4.818192
0.0
0.0
4.0
241.28912
0.0
4.8221908
0.0
0.0
4.0
246.70732
0.0
4.8257494
0.0
0.0
4.0
252.12952
0.0
4.828917
0.0
0.0
4.0
257.55527
0.0
4.831736
0.0
0.0
4.0
262.9842
0.0
4.8342447
0.0
0.0
4.0
268.41592
0.0
4.8364778
0.0
0.0
4.0
273.85016
0.0
4.838465
0.0
0.0
4.0
279.28662
0.0
4.840234
0.0
0.0
4.0
284.7251
0.0
3.773808
0.0
0.0
4.0
288.96533
0.0
2.8246891
0.0
0.0
4.0
292.13913
0.0
1.9799732
0.0
0.0
4.0
294.36383
0.0
1.7621762
0.0
0.0
4.0
296.3438
0.0
1.5683367
0.0
0.0
4.0
298.106
0.0
1.3958197
0.0
0.0
4.0
299.67432
0.0
1.2422795
0.0
0.0
4.0
301.07013
0.0
1.1056287
0.0
0.0
4.0
302.3124
1.0
0.98400956
0.0
0.0
4.0
303.41803
1.0
0.8757685
0.0
0.0
4.0
304.40204
1.0
0.77943397
0.0
0.0
4.0
305.2778
1.0
1.2276962
0.0
0.0
4.0
306.65723
1.0
1.6266496
0.0
0.0
4.0
308.48492
1.0
1.9817183
0.0
0.0
4.0
310.71158
1.0
2.2977295
0.0
0.0
4.0
313.2933
1.0
2.578979
0.0
0.0
4.0
316.19104
1.0
2.829291
0.0
0.0
4.0
319.37003
1.0
3.0520692
0.0
0.0
4.0
322.79932
1.0
3.2503414
0.0
0.0
4.0
326.4514
1.0
3.4268038
0.0
0.0
4.0
330.30173
1.0
3.5838554
0.0
0.0
4.0
334.32852
1.0
3.7236314
0.0
0.0
4.0
338.5124
1.0
3.8480318
0.0
0.0
4.0
342.83603
1.0
3.9587483
0.0
0.0
4.0
347.28406
1.0
4.057286
0.0
0.0
4.0
351.8428
1.0
4.1449842
0.0
0.0
4.0
356.5001
1.0
4.223036
0.0
0.0
4.0
361.2451
1.0
4.292502
0.0
0.0
4.0
366.0681
1.0
4.3543267
0.0
0.0
4.0
370.96063
1.0
4.4093504
0.0
0.0
4.0
375.91495
1.0
4.4583216
0.0
0.0
4.0
380.9243
1.0
4.501906
0.0
0.0
4.0
385.9826
1.0
4.540696
0.0
0.0
4.0
391.0845
1.0
4.5752196
0.0
0.0
4.0
396.2252
1.0
4.605945
0.0
0.0
4.0
401.40042
1.0
4.633291
0.0
0.0
4.0
406.60635
1.0
4.6576285
0.0
0.0
4.0
411.83963
1.0
4.6792893
0.0
0.0
4.0
417.09726
1.0
4.6985674
0.0
0.0
4.0
422.37656
1.0
4.715725
0.0
0.0
4.0
427.6751
1.0
4.730995
0.0
0.0
4.0
432.99084
1.0
4.7445855
0.0
0.0
4.0
438.32184
1.0
4.756681
0.0
0.0
4.0
443.6664
1.0
4.767446
0.0
0.0
4.0
449.0231
1.0
4.7770267
0.0
0.0
4.0
454.39053
1.0
4.7855535
0.0
0.0
4.0
459.76755
1.0
4.7931423
0.0
0.0
4.0
465.1531
1.0
4.7998967
0.0
0.0
4.0
470.54623
1.0
4.8059077
0.0
0.0
4.0
475.94614
1.0
4.811258
0.0
0.0
4.0
481.35205
1.0
4.8160195
0.0
0.0
4.0
486.7633
1.0
4.820257
0.0
0.0
4.0
492.17932
1.0
4.824029
0.0
0.0
4.0
497.59958
1.0
4.8273854
0.0
0.0
4.0
503.02362
1.0
4.830373
0.0
0.0
4.0
508.45102
1.0
4.8330317
0.0
0.0
4.0
513.8814
1.0
4.835398
0.0
0.0
4.0
519.31445
1.0
4.8375044
0.0
0.0
4.0
524.7499
1.0
4.839379
0.0
0.0
4.0
530.1874
1.0
4.841047
0.0
0.0
4.0
535.6268
1.0
4.8425317
0.0
0.0
4.0
541.0678
1.0
4.843853
0.0
0.0
4.0
546.5103
1.0
4.845029
0.0
0.0
4.0
551.95416
1.0
4.8460755
0.0
0.0
4.0
557.3992
1.0
4.8470073
0.0
0.0
4.0
562.8452
1.0
4.8478365
0.0
0.0
4.0
568.29224
1.0
4.848574
0.0
0.0
4.0
573.74005
1.0
4.849231
0.0
0.0
4.0
579.1886
1.0
4.8498154
0.0
0.0
4.0
584.6378
1.0
4.8503356
0.0
0.0
4.0
590.08765
1.0
4.8507986
0.0
0.0
4.0
595.53796
1.0
4.8512106
0.0
0.0
4.0
600.9888
1.0
4.8515773
0.0
0.0
4.0
606.44
1.0
4.8519034
0.0
0.0
4.0
611.8916
1.0
4.852194
0.0
0.0
4.0
617.3435
1.0
4.8524523
0.0
0.0
4.0
622.7957
1.0
4.8526826
0.0
0.0
4.0
628.24817
1.0
4.852887
0.0
0.0
4.0
633.70087
1.0
4.8530693
0.0
0.0
4.0
639.15375
1.0
4.8532314
0.0
0.0
4.0
644.6068
1.0
4.853376
0.0
0.0
4.0
650.06006
1.0
4.853504
0.0
0.0
4.0
655.5134
1.0
4.8536186
0.0
0.0
4.0
660.9669
1.0
4.85372
0.0
0.0
4.0
666.42053
2.0
4.853811
0.0
0.0
4.0
671.87427
2.0
4.8538914
0.0
0.0
4.0
677.32806
2.0
4.8539634
0.0
0.0
4.0
682.782
2.0
4.8540273
0.0
0.0
4.0
688.23596
2.0
4.854084
0.0
0.0
4.0
693.69
2.0
4.8541346
0.0
0.0
4.0
699.1441
2.0
4.8541794
0.0
0.0
4.0
704.59827
2.0
4.8542194
0.0
0.0
4.0
710.0524
2.0
4.854255
0.0
0.0
4.0
715.50665
2.0
4.854287
0.0
0.0
4.0
720.96094
2.0
4.8543153
0.0
0.0
4.0
726.4152
2.0
4.8543406
0.0
0.0
4.0
731.8695
2.0
0.0
0.0
0.0
4.0
731.0
2.0
0.53400004
0.0
0.0
4.0
731.6
2.0
0.0
0.0
0.0
4.0
731.0
2.0
0.53400004
0.0
0.0
4.0
731.6
2.0
0.0
0.0
0.0
4.0
731.0
2.0
0.53400004
0.0
0.0
4.0
731.6
2.0
1.00926
0.0
0.0
4.0
732.73395
2.0
1.4322414
0.0
0.0
4.0
734.3432
2.0
1.8086947
0.0
0.0
4.0
736.3754
2.0
2.1437383
0.0
0.0
4.0
738.7841
2.0
2.441927
0.0
0.0
4.0
741.52783
2.0
2.707315
0.0
0.0
4.0
744.56976
2.0
2.9435103
0.0
0.0
4.0
747.8771
2.0
3.1537242
0.0
0.0
4.0
751.4206
2.0
3.3408144
0.0
0.0
4.0
755.1743
2.0
3.507325
0.0
0.0
4.0
759.1151
2.0
3.6555192
0.0
0.0
4.0
763.2224
2.0
3.7874122
0.0
0.0
4.0
767.4779
2.0
3.9047966
0.0
0.0
4.0
771.8653
2.0
4.0092688
0.0
0.0
4.0
776.3701
2.0
4.102249
0.0
0.0
4.0
780.9794
2.0
4.1850014
0.0
0.0
4.0
785.68164
2.0
4.2586513
0.0
0.0
4.0
790.4666
2.0
4.3241997
0.0
0.0
4.0
795.32526
2.0
4.3825374
0.0
0.0
4.0
800.24945
2.0
4.4344583
0.0
0.0
4.0
805.232
3.0
3.9466677
0.0
0.0
4.0
809.66644
3.0
3.5125341
0.0
0.0
4.0
813.6131
3.0
3.1261554
0.0
0.0
4.0
817.1256
3.0
3.3162782
0.0
0.0
4.0
820.85175
3.0
3.4854877
0.0
0.0
4.0
824.768
3.0
3.636084
0.0
0.0
4.0
828.8535
3.0
3.7701147
0.0
0.0
4.0
833.0896
3.0
3.8894022
0.0
0.0
4.0
837.4597
3.0
3.995568
0.0
0.0
4.0
841.9491
4.0
4.0900555
0.0
0.0
4.0
846.5447
4.0
4.174149
0.0
0.0
4.0
851.23474
4.0
4.2489924
0.0
0.0
4.0
856.0089
4.0
4.3156033
0.0
0.0
4.0
860.8579
4.0
4.3748865
0.0
0.0
4.0
865.7735
4.0
4.427649
0.0
0.0
4.0
870.7484
4.0
4.4746075
0.0
0.0
4.0
875.77606
4.0
4.5164003
0.0
0.0
4.0
880.85065
4.0
4.553596
0.0
0.0
4.0
885.96704
4.0
4.5867004
0.0
0.0
4.0
891.12067
4.0
4.6161633
0.0
0.0
4.0
896.3074
4.0
4.642385
0.0
0.0
4.0
901.52356
4.0
4.6657224
0.0
0.0
4.0
906.7659
4.0
0.0
0.0
0.0
4.0
907.0
4.0
0.53400004
0.0
0.0
4.0
907.6
4.0
0.0
0.0
0.0
4.0
907.0
4.0
0.53400004
0.0
0.0
4.0
907.6
4.0
0.0
0.0
0.0
4.0
907.0
4.0
0.53400004
0.0
0.0
4.0
907.6
4.0
1.00926
0.0
0.0
4.0
908.73395
4.0
1.4322414
0.0
0.0
4.0
910.3432
4.0
1.8086947
0.0
0.0
4.0
912.3754
4.0
2.1437383
0.0
0.0
4.0
914.7841
4.0
2.441927
0.0
0.0
4.0
917.52783
4.0
2.707315
0.0
0.0
4.0
920.56976
4.0
2.9435103
0.0
0.0
4.0
923.8771
4.0
3.1537242
0.0
0.0
4.0
927.4206
4.0
3.3408144
0.0
0.0
4.0
931.1743
4.0
3.507325
0.0
0.0
4.0
935.1151
4.0
3.6555192
0.0
0.0
4.0
939.2224
4.0
3.7874122
0.0
0.0
4.0
943.4779
4.0
3.9047966
0.0
0.0
4.0
947.8653
4.0
4.0092688
0.0
0.0
4.0
952.3701
4.0
4.102249
0.0
0.0
4.0
956.9794
4.0
4.1850014
0.0
0.0
4.0
961.68164
4.0
4.2586513
0.0
0.0
4.0
966.4666
4.0
4.3241997
0.0
0.0
4.0
971.32526
4.0
4.3825374
0.0
0.0
4.0
976.24945
4.0
4.4344583
0.0
0.0
4.0
981.232
4.0
4.4806676
0.0
0.0
4.0
986.2665
4.0
4.521794
0.0
0.0
4.0
991.34717
4.0
4.5583963
0.0
0.0
4.0
996.46893
4.0
4.5909724
0.0
0.0
4.0
1001.6273
4.0
4.619965
0.0
0.0
4.0
1006.8183
4.0
4.6457686
0.0
0.0
4.0
1012.03827
4.0
4.668734
0.0
0.0
4.0
1017.28406
4.0
4.689173
0.0
0.0
4.0
1022.5528
4.0
4.707364
0.0
0.0
4.0
1027.8419
4.0
4.7235537
0.0
0.0
4.0
1033.1493
4.0
4.7379627
0.0
0.0
4.0
1038.4729
4.0
4.750787
0.0
0.0
4.0
1043.8109
4.0
4.7622
0.0
0.0
4.0
1049.1617
4.0
4.772358
0.0
0.0
4.0
1054.5239
4.0
4.7813983
0.0
0.0
4.0
1059.8962
4.0
4.7894444
0.0
0.0
4.0
1065.2776
4.0
4.7966056
0.0
0.0
4.0
1070.667
4.0
4.802979
0.0
0.0
4.0
1076.0636
4.0
4.808651
0.0
0.0
4.0
1081.4666
4.0
4.8136992
0.0
0.0
4.0
1086.8752
4.0
4.818192
0.0
0.0
4.0
1092.289
4.0
4.8221908
0.0
0.0
4.0
1097.7072
4.0
4.8257494
0.0
0.0
4.0
1103.1294
4.0
4.828917
0.0
0.0
4.0
1108.5552
4.0
4.831736
0.0
0.0
4.0
1113.9841
4.0
4.8342447
0.0
0.0
4.0
1119.4159
4.0
4.8364778
0.0
0.0
4.0
1124.8501
4.0
4.838465
0.0
0.0
4.0
1130.2866
4.0
4.840234
0.0
0.0
4.0
1135.7251
4.0
4.841808
0.0
0.0
4.0
1141.1653
4.0
4.843209
0.0
0.0
4.0
1146.607
4.0
4.8444557
0.0
0.0
4.0
1152.0503
4.0
4.8455653
0.0
0.0
4.0
1157.4948
4.0
4.846553
0.0
0.0
4.0
1162.9403
4.0
4.8474317
0.0
0.0
4.0
1168.3868
4.0
4.848214
0.0
0.0
4.0
1173.8342
4.0
4.8489103
0.0
0.0
4.0
1179.2825
4.0
4.3155303
0.0
0.0
4.0
1184.1313
4.0
3.306822
0.0
0.0
4.0
1187.8469
4.0
2.4090714
0.0
0.0
4.0
1190.5537
4.0
1.6100736
0.0
0.0
4.0
1192.3628
4.0
0.8989654
0.0
0.0
4.0
1193.3729
4.0
0.0
0.0
0.0
4.0
1193.3729
4.0
-0.53400004
0.0
0.0
4.0
1192.773
4.0
-1.00926
0.0
0.0
4.0
1191.6389
4.0
-1.4322414
0.0
0.0
4.0
1190.0297
4.0
-1.8086947
0.0
0.0
4.0
1187.9974
4.0
-2.1437383
0.0
0.0
4.0
1185.5887
4.0
-2.441927
0.0
0.0
4.0
1182.845
4.0
-2.173315
0.0
0.0
4.0
1180.4031
4.0
-1.9342504
0.0
0.0
4.0
1178.2297
4.0
-1.7214828
0.0
0.0
4.0
1176.2955
4.0
-1.5321196
0.0
0.0
4.0
1174.5741
4.0
-1.3635864
0.0
0.0
4.0
1173.042
4.0
-0.6795919
0.0
0.0
4.0
1172.2784
4.0
0.0
0.0
0.0
4.0
1172.2784
4.0
0.53400004
0.0
0.0
4.0
1172.8784
4.0
1.00926
0.0
0.0
4.0
1174.0125
4.0
1.4322414
0.0
0.0
4.0
1175.6217
4.0
1.8086947
0.0
0.0
4.0
1177.6539
4.0
2.1437383
0.0
0.0
4.0
1180.0626
4.0
2.441927
0.0
0.0
4.0
1182.8064
4.0
2.707315
0.0
0.0
4.0
1185.8483
4.0
2.9435103
0.0
0.0
4.0
1189.1556
4.0
2.619724
0.0
0.0
4.0
1192.0991
4.0
2.3315544
0.0
0.0
4.0
1194.7189
4.0
1.5410833
0.0
0.0
4.0
1196.4504
4.0
0.8375641
0.0
0.0
4.0
1197.3915
4.0
0.745432
0.0
0.0
4.0
1198.229
4.0
0.6634345
0.0
0.0
4.0
1198.9745
5.0
0.5904567
0.0
0.0
4.0
1199.638
5.0
0.5255065
0.0
0.0
4.0
1200.2284
5.0
0.0
0.0
0.0
4.0
1200.2284
5.0
-0.53400004
0.0
0.0
4.0
1199.6284
5.0
-1.00926
0.0
0.0
4.0
1198.4944
5.0
-1.4322414
0.0
0.0
4.0
1196.8851
5.0
-1.8086947
0.0
0.0
4.0
1194.8529
5.0
-2.1437383
0.0
0.0
4.0
1192.4442
5.0
-2.441927
0.0
0.0
4.0
1189.7004
5.0
-2.707315
0.0
0.0
4.0
1186.6586
5.0
-2.4095104
0.0
0.0
4.0
1183.9513
5.0
-2.1444643
0.0
0.0
4.0
1181.5417
5.0
-1.9085732
0.0
0.0
4.0
1179.3973
5.0
-1.6986301
0.0
0.0
4.0
1177.4888
5.0
-1.5117807
0.0
0.0
4.0
1175.7902
5.0
-1.3454849
0.0
0.0
4.0
1174.2783
5.0
-1.1974815
0.0
0.0
4.0
1172.9329
5.0
-1.0657586
0.0
0.0
4.0
1171.7354
5.0
0.0
0.0
0.0
4.0
1171.7354
5.0
0.53400004
0.0
0.0
4.0
1172.3353
5.0
1.00926
0.0
0.0
4.0
1173.4694
5.0
1.4322414
0.0
0.0
4.0
1175.0786
5.0
1.8086947
0.0
0.0
4.0
1177.1108
5.0
2.1437383
0.0
0.0
4.0
1179.5195
5.0
2.441927
0.0
0.0
4.0
1182.2633
5.0
2.707315
0.0
0.0
4.0
1185.3052
5.0
2.4095104
0.0
0.0
4.0
1188.0125
5.0
2.1444643
0.0
0.0
4.0
1190.422
5.0
1.9085732
0.0
0.0
4.0
1192.5664
5.0
1.6986301
0.0
0.0
4.0
1194.475
5.0
1.5117807
0.0
0.0
4.0
1196.1736
5.0
1.3454849
0.0
0.0
4.0
1197.6854
5.0
1.1974815
0.0
0.0
4.0
1199.0309
6.0
1.0657586
0.0
0.0
4.0
1200.2284
6.0
0.94852513
0.0
0.0
4.0
1201.2942
6.0
0.8441874
0.0
0.0
4.0
1202.2427
6.0
0.75132674
0.0
0.0
4.0
1203.0869
6.0
0.6686808
0.0
0.0
4.0
1203.8383
6.0
1.129126
0.0
0.0
4.0
1205.1069
6.0
1.5389221
0.0
0.0
4.0
1206.836
6.0
1.9036407
0.0
0.0
4.0
1208.975
6.0
2.2282403
0.0
0.0
4.0
1211.4786
6.0
2.517134
0.0
0.0
4.0
1214.3069
6.0
2.7742493
0.0
0.0
4.0
1217.4241
6.0
3.003082
0.0
0.0
4.0
1220.7983
6.0
3.206743
0.0
0.0
4.0
1224.4014
6.0
3.3880014
0.0
0.0
4.0
1228.2081
6.0
3.5493212
0.0
0.0
4.0
1232.1962
6.0
3.6928957
0.0
0.0
4.0
1236.3455
6.0
3.8206773
0.0
0.0
4.0
1240.6383
6.0
3.9344027
0.0
0.0
4.0
1245.059
6.0
4.0356183
0.0
0.0
4.0
1249.5934
6.0
4.1257
0.0
0.0
4.0
1254.229
6.0
4.205873
0.0
0.0
4.0
1258.9547
6.0
4.277227
0.0
0.0
4.0
1263.7606
6.0
4.3407316
0.0
0.0
4.0
1268.6378
6.0
4.397251
0.0
0.0
4.0
1273.5785
6.0
4.447553
0.0
0.0
4.0
1278.5757
6.0
4.492322
0.0
0.0
4.0
1283.6233
6.0
4.5321665
0.0
0.0
4.0
1288.7156
6.0
4.567628
0.0
0.0
4.0
1293.8478
6.0
4.599189
0.0
0.0
4.0
1299.0154
6.0
4.627278
0.0
0.0
4.0
1304.2146
6.0
4.652277
0.0
0.0
4.0
1309.4419
6.0
4.674526
0.0
0.0
4.0
1314.6942
6.0
4.6943283
0.0
0.0
4.0
1319.9688
6.0
4.711952
0.0
0.0
4.0
1325.2631
6.0
4.7276373
0.0
0.0
4.0
1330.5751
6.0
4.741597
0.0
0.0
4.0
1335.9027
6.0
4.754021
0.0
0.0
4.0
1341.2443
6.0
4.7650785
0.0
0.0
4.0
1346.5983
6.0
4.7749195
0.0
0.0
4.0
1351.9634
6.0
4.783678
0.0
0.0
4.0
1357.3383
6.0
4.7914734
0.0
0.0
4.0
1362.7219
6.0
4.7984114
0.0
0.0
4.0
1368.1134
6.0
4.804586
0.0
0.0
4.0
1373.5118
6.0
4.8100815
0.0
0.0
4.0
1378.9164
6.0
4.8149724
0.0
0.0
4.0
1384.3264
6.0
4.8193254
0.0
0.0
4.0
1389.7413
6.0
4.8231993
0.0
0.0
4.0
1395.1606
6.0
4.8266473
0.0
0.0
4.0
1400.5839
6.0
4.8297157
0.0
0.0
4.0
1406.0105
6.0
4.832447
0.0
0.0
4.0
1411.4402
6.0
4.8348775
0.0
0.0
4.0
1416.8727
6.0
4.837041
0.0
0.0
4.0
1422.3076
6.0
4.8389664
0.0
0.0
4.0
1427.7446
6.0
4.84068
0.0
0.0
4.0
1433.1836
6.0
4.308205
0.0
0.0
4.0
1438.0243
6.0
3.3003025
0.0
0.0
4.0
1441.7325
6.0
2.4032693
0.0
0.0
4.0
1444.4329
6.0
1.6049097
0.0
0.0
4.0
1446.2361
6.0
0.89436954
0.0
0.0
4.0
1447.241
6.0
0.79598886
0.0
0.0
4.0
1448.1354
6.0
0.70843005
0.0
0.0
4.0
1448.9314
6.0
0.63050276
0.0
0.0
4.0
1449.6398
6.0
1.0951475
0.0
0.0
4.0
1450.8702
6.0
1.5086813
0.0
0.0
4.0
1452.5654
6.0
1.8767263
0.0
0.0
4.0
1454.6741
6.0
2.2042863
0.0
0.0
4.0
1457.1508
6.0
2.495815
0.0
0.0
4.0
1459.9551
6.0
2.7552755
0.0
0.0
4.0
1463.0509
6.0
2.4521952
0.0
0.0
4.0
1465.8062
6.0
2.1824536
0.0
0.0
4.0
1468.2583
6.0
1.9423836
0.0
0.0
4.0
1470.4408
6.0
1.7287214
0.0
0.0
4.0
1472.3832
6.0
1.004562
0.0
0.0
4.0
1473.5118
6.0
0.0
0.0
0.0
4.0
1473.5118
6.0
-0.53400004
0.0
0.0
4.0
1472.9119
7.0
-1.00926
0.0
0.0
4.0
1471.7778
7.0
-1.4322414
0.0
0.0
4.0
1470.1686
7.0
-1.8086947
0.0
0.0
4.0
1468.1364
7.0
-2.1437383
0.0
0.0
4.0
1465.7277
7.0
-1.907927
0.0
0.0
4.0
1463.5839
7.0
-1.698055
0.0
0.0
4.0
1461.6759
7.0
-1.511269
0.0
0.0
4.0
1459.9779
7.0
-1.3450294
0.0
0.0
4.0
1458.4667
7.0
-0.6630761
0.0
0.0
4.0
1457.7217
7.0
0.0
0.0
0.0
4.0
1457.7217
7.0
0.53400004
0.0
0.0
4.0
1458.3217
7.0
1.00926
0.0
0.0
4.0
1459.4557
7.0
1.4322414
0.0
0.0
4.0
1461.065
7.0
1.8086947
0.0
0.0
4.0
1463.0972
7.0
2.1437383
0.0
0.0
4.0
1465.5059
7.0
2.441927
0.0
0.0
4.0
1468.2496
7.0
2.707315
0.0
0.0
4.0
1471.2915
7.0
2.4095104
0.0
0.0
4.0
1473.9988
7.0
2.1444643
0.0
0.0
4.0
1476.4083
7.0
1.3745731
0.0
0.0
4.0
1477.9528
7.0
0.68937004
0.0
0.0
4.0
1478.7273
7.0
0.0
0.0
0.0
4.0
1478.7273
7.0
-0.53400004
0.0
0.0
4.0
1478.1273
7.0
-0.47526002
0.0
0.0
4.0
1477.5933
8.0
0.0
0.0
0.0
4.0
1477.5933
8.0
0.53400004
0.0
0.0
4.0
1478.1932
8.0
1.00926
0.0
0.0
4.0
1479.3273
8.0
1.4322414
0.0
0.0
4.0
1480.9365
8.0
1.8086947
0.0
0.0
4.0
1482.9688
8.0
2.1437383
0.0
0.0
4.0
1485.3774
8.0
2.441927
0.0
0.0
4.0
1488.1212
8.0
2.707315
0.0
0.0
4.0
1491.1631
8.0
2.9435103
0.0
0.0
4.0
1494.4705
8.0
3.1537242
0.0
0.0
4.0
1498.0139
8.0
3.3408144
0.0
0.0
4.0
1501.7677
8.0
3.507325
0.0
0.0
4.0
1505.7085
8.0
3.6555192
0.0
0.0
4.0
1509.8158
8.0
3.7874122
0.0
0.0
4.0
1514.0713
8.0
3.9047966
0.0
0.0
4.0
1518.4587
8.0
4.0092688
0.0
0.0
4.0
1522.9635
8.0
4.102249
0.0
0.0
4.0
1527.5728
8.0
4.1850014
0.0
0.0
4.0
1532.275
8.0
4.2586513
0.0
0.0
4.0
1537.06
8.0
4.3241997
0.0
0.0
4.0
1541.9187
8.0
4.3825374
0.0
0.0
4.0
1546.8429
8.0
4.4344583
0.0
0.0
4.0
1551.8254
8.0
4.4806676
0.0
0.0
4.0
1556.8599
8.0
4.521794
0.0
0.0
4.0
1561.9406
8.0
4.5583963
0.0
0.0
4.0
1567.0624
8.0
4.5909724
0.0
0.0
4.0
1572.2208
8.0
4.619965
0.0
0.0
4.0
1577.4117
8.0
4.6457686
0.0
0.0
4.0
1582.6317
8.0
4.668734
0.0
0.0
4.0
1587.8774
8.0
4.689173
0.0
0.0
4.0
1593.1461
8.0
4.707364
0.0
0.0
4.0
1598.4353
8.0
4.7235537
0.0
0.0
4.0
1603.7427
8.0
4.7379627
0.0
0.0
4.0
1609.0663
8.0
4.750787
0.0
0.0
4.0
1614.4043
8.0
4.7622
0.0
0.0
4.0
1619.7551
8.0
4.772358
0.0
0.0
4.0
1625.1173
8.0
4.7813983
0.0
0.0
4.0
1630.4896
8.0
4.7894444
0.0
0.0
4.0
1635.871
8.0
4.7966056
0.0
0.0
4.0
1641.2604
8.0
4.802979
0.0
0.0
4.0
1646.657
8.0
4.274651
0.0
0.0
4.0
1651.46
8.0
3.8044393
0.0
0.0
4.0
1655.7346
8.0
3.385951
0.0
0.0
4.0
1659.5391
8.0
2.4794965
0.0
0.0
4.0
1662.3251
8.0
1.6727518
0.0
0.0
4.0
1664.2046
9.0
0.95474905
0.0
0.0
4.0
1665.2773
9.0
0.0
0.0
0.0
4.0
1665.2773
9.0
0.0
0.0
0.0
4.0
1665.2773
9.0
0.0
0.0
0.0
4.0
1665.2773
9.0
0.0
0.0
0.0
4.0
1665.2773
9.0
0.0
0.0
0.0
4.0
1665.2773
9.0
0.0
0.0
0.0
4.0
1665.2773
9.0
0.0
0.0
0.0
4.0
1665.2773
9.0
0.0
0.0
0.0
4.0
1665.2773
9.0
0.0
0.0
0.0
4.0
1665.2773
9.0
0.0
0.0
0.0
4.0
1665.2773
9.0
0.0
0.0
0.0
4.0
1665.2773
9.0
0.0
0.0
0.0
4.0
1665.2773
9.0
0.0
0.0
0.0
4.0
1665.2773
9.0
0.0
0.0
0.0
4.0
1665.2773
9.0
0.53400004
0.0
0.0
4.0
1665.8773
9.0
1.00926
0.0
0.0
4.0
1667.0114
9.0
1.4322414
0.0
0.0
4.0
1668.6206
9.0
1.8086947
0.0
0.0
4.0
1670.6528
9.0
2.1437383
0.0
0.0
4.0
1673.0615
9.0
2.441927
0.0
0.0
4.0
1675.8053
9.0
2.707315
0.0
0.0
4.0
1678.8472
9.0
2.9435103
0.0
0.0
4.0
1682.1545
9.0
3.1537242
0.0
0.0
4.0
1685.698
9.0
3.3408144
0.0
0.0
4.0
1689.4518
9.0
3.507325
0.0
0.0
4.0
1693.3926
9.0
3.6555192
0.0
0.0
4.0
1697.4999
9.0
3.7874122
0.0
0.0
4.0
1701.7554
9.0
3.9047966
0.0
0.0
4.0
1706.1428
9.0
4.0092688
0.0
0.0
4.0
1710.6476
9.0
4.102249
0.0
0.0
4.0
1715.2568
9.0
4.1850014
0.0
0.0
4.0
1719.9591
9.0
4.2586513
0.0
0.0
4.0
1724.7441
9.0
4.3241997
0.0
0.0
4.0
1729.6028
9.0
4.3825374
0.0
0.0
4.0
1734.527
9.0
4.4344583
0.0
0.0
4.0
1739.5095
9.0
4.4806676
0.0
0.0
4.0
1744.544
9.0
4.521794
0.0
0.0
4.0
1749.6246
9.0
4.5583963
0.0
0.0
4.0
1754.7465
9.0
4.5909724
0.0
0.0
4.0
1759.9049
9.0
4.619965
0.0
0.0
4.0
1765.0958
9.0
4.6457686
0.0
0.0
4.0
1770.3158
9.0
4.668734
0.0
0.0
4.0
1775.5615
9.0
4.689173
0.0
0.0
4.0
1780.8302
9.0
4.707364
0.0
0.0
4.0
1786.1194
9.0
4.7235537
0.0
0.0
4.0
1791.4268
9.0
4.7379627
0.0
0.0
4.0
1796.7504
9.0
4.750787
0.0
0.0
4.0
1802.0884
9.0
4.7622
0.0
0.0
4.0
1807.4392
9.0
4.772358
0.0
0.0
4.0
1812.8014
9.0
4.7813983
0.0
0.0
4.0
1818.1737
9.0
4.7894444
0.0
0.0
4.0
1823.555
9.0
4.7966056
0.0
0.0
4.0
1828.9445
9.0
4.802979
0.0
0.0
4.0
1834.3411
9.0
4.808651
0.0
0.0
4.0
1839.744
9.0
4.8136992
0.0
0.0
4.0
1845.1527
9.0
4.818192
0.0
0.0
4.0
1850.5664
9.0
4.8221908
0.0
0.0
4.0
1855.9846
9.0
4.8257494
0.0
0.0
4.0
1861.4069
9.0
4.828917
0.0
0.0
4.0
1866.8326
9.0
4.831736
0.0
0.0
4.0
1872.2616
9.0
4.8342447
0.0
0.0
4.0
1877.6934
9.0
4.8364778
0.0
0.0
4.0
1883.1276
9.0
4.838465
0.0
0.0
4.0
1888.5641
9.0
4.840234
0.0
0.0
4.0
1894.0026
9.0
4.841808
0.0
0.0
4.0
1899.4427
9.0
4.843209
0.0
0.0
4.0
1904.8845
9.0
4.8444557
0.0
0.0
4.0
1910.3278
9.0
4.8455653
0.0
0.0
4.0
1915.7722
9.0
4.846553
0.0
0.0
4.0
1921.2178
9.0
4.8474317
0.0
0.0
4.0
1926.6643
9.0
4.848214
0.0
0.0
4.0
1932.1117
9.0
4.3149104
0.0
0.0
4.0
1936.96
9.0
3.8402703
0.0
0.0
4.0
1941.2749
9.0
3.4178405
0.0
0.0
4.0
1945.1151
9.0
2.507878
0.0
0.0
4.0
1947.933
9.0
1.6980114
0.0
0.0
4.0
1949.8408
9.0
1.5112301
0.0
0.0
4.0
1951.5388
10.0
1.3449948
0.0
0.0
4.0
1953.05
10.0
1.1970453
0.0
0.0
4.0
1954.395
10.0
1.0653703
0.0
0.0
4.0
1955.592
10.0
0.94817954
0.0
0.0
4.0
1956.6575
10.0
0.84387976
0.0
0.0
4.0
1957.6056
10.0
1.285053
0.0
0.0
4.0
1959.0494
10.0
1.6776972
0.0
0.0
4.0
1960.9344
10.0
1.4931505
0.0
0.0
4.0
1962.6122
10.0
1.3289039
0.0
0.0
4.0
1964.1053
11.0
0.64872444
0.0
0.0
4.0
1964.8342
11.0
0.0
0.0
0.0
4.0
1964.8342
11.0
-0.53400004
0.0
0.0
4.0
1964.2343
11.0
-1.00926
0.0
0.0
4.0
1963.1002
11.0
-1.4322414
0.0
0.0
4.0
1961.491
11.0
-1.8086947
0.0
0.0
4.0
1959.4587
11.0
-2.1437383
0.0
0.0
4.0
1957.05
11.0
-2.441927
0.0
0.0
4.0
1954.3063
11.0
-2.707315
0.0
0.0
4.0
1951.2644
11.0
-2.4095104
0.0
0.0
4.0
1948.5571
11.0
-2.1444643
0.0
0.0
4.0
1946.1476
11.0
-1.9085732
0.0
0.0
4.0
1944.0032
11.0
-1.16463
0.0
0.0
4.0
1942.6946
11.0
-0.50252074
0.0
0.0
4.0
1942.13
11.0
0.0
0.0
0.0
4.0
1942.13
11.0
0.53400004
0.0
0.0
4.0
1942.73
11.0
1.00926
0.0
0.0
4.0
1943.864
11.0
0.89824146
0.0
0.0
4.0
1944.8733
11.0
0.7994349
0.0
0.0
4.0
1945.7715
11.0
0.71149707
0.0
0.0
4.0
1946.5709
11.0
0.63323236
0.0
0.0
4.0
1947.2825
11.0
0.56357676
0.0
0.0
4.0
1947.9156
11.0
0.5015833
0.0
0.0
4.0
1948.4792
11.0
0.4464091
0.0
0.0
4.0
1948.9808
11.0
0.0
0.0
0.0
4.0
1948.9808
12.0
0.0
0.0
0.0
4.0
1948.9808
12.0
0.0
0.0
0.0
4.0
1948.9808
12.0
0.0
0.0
0.0
4.0
1948.9808
12.0
-0.53400004
0.0
0.0
4.0
1948.3809
12.0
-1.00926
0.0
0.0
4.0
1947.2468
12.0
-1.4322414
0.0
0.0
4.0
1945.6376
12.0
-1.8086947
0.0
0.0
4.0
1943.6053
12.0
-2.1437383
0.0
0.0
4.0
1941.1967
12.0
-2.441927
0.0
0.0
4.0
1938.4529
12.0
-2.707315
0.0
0.0
4.0
1935.411
12.0
-2.4095104
0.0
0.0
4.0
1932.7037
12.0
-1.6104642
0.0
0.0
4.0
1930.8942
12.0
-0.8993131
0.0
0.0
4.0
1929.8837
12.0
0.0
0.0
0.0
4.0
1929.8837
12.0
0.53400004
0.0
0.0
4.0
1930.4836
12.0
1.00926
0.0
0.0
4.0
1931.6177
12.0
1.4322414
0.0
0.0
4.0
1933.2269
12.0
1.8086947
0.0
0.0
4.0
1935.2592
12.0
2.1437383
0.0
0.0
4.0
1937.6678
12.0
2.441927
0.0
0.0
4.0
1940.4116
12.0
2.707315
0.0
0.0
4.0
1943.4535
12.0
2.9435103
0.0
0.0
4.0
1946.7609
12.0
3.1537242
0.0
0.0
4.0
1950.3043
12.0
2.8068144
0.0
0.0
4.0
1953.458
12.0
2.4980648
0.0
0.0
4.0
1956.2648
12.0
2.2232776
0.0
0.0
4.0
1958.7628
13.0
2.512717
0.0
0.0
4.0
1961.586
13.0
2.7703183
0.0
0.0
4.0
1964.6987
13.0
2.9995832
0.0
0.0
4.0
1968.0691
13.0
3.203629
0.0
0.0
4.0
1971.6687
13.0
3.3852296
0.0
0.0
4.0
1975.4723
13.0
3.5468543
0.0
0.0
4.0
1979.4575
13.0
3.6907003
0.0
0.0
4.0
1983.6044
13.0
3.8187234
0.0
0.0
4.0
1987.895
13.0
3.932664
0.0
0.0
4.0
1992.3137
13.0
4.034071
0.0
0.0
4.0
1996.8464
13.0
4.124323
0.0
0.0
4.0
2001.4805
13.0
4.204647
0.0
0.0
4.0
2006.2048
13.0
4.276136
0.0
0.0
4.0
2011.0095
13.0
4.339761
0.0
0.0
4.0
2015.8856
13.0
4.396387
0.0
0.0
4.0
2020.8254
13.0
4.4467845
0.0
0.0
4.0
2025.8218
13.0
4.491638
0.0
0.0
4.0
2030.8685
13.0
4.531558
0.0
0.0
4.0
2035.9602
13.0
4.5670867
0.0
0.0
4.0
2041.0918
13.0
4.598707
0.0
0.0
4.0
2046.2589
13.0
4.626849
0.0
0.0
4.0
2051.4575
13.0
4.6518955
0.0
0.0
4.0
2056.6843
13.0
4.6741867
0.0
0.0
4.0
2061.9363
13.0
4.694026
0.0
0.0
4.0
2067.2104
13.0
4.711683
0.0
0.0
4.0
2072.5044
13.0
4.7273974
0.0
0.0
4.0
2077.8162
13.0
4.7413836
0.0
0.0
4.0
2083.1436
13.0
4.7538314
0.0
0.0
4.0
2088.4849
13.0
4.7649097
0.0
0.0
4.0
2093.8386
13.0
4.7747693
0.0
0.0
4.0
2099.2036
13.0
4.7835445
0.0
0.0
4.0
2104.5784
13.0
4.7913547
0.0
0.0
4.0
2109.962
13.0
4.7983055
0.0
0.0
4.0
2115.3533
13.0
4.8044915
0.0
0.0
4.0
2120.7515
13.0
4.809997
0.0
0.0
4.0
2126.156
13.0
4.814897
0.0
0.0
4.0
2131.566
13.0
4.819258
0.0
0.0
4.0
2136.9807
13.0
4.8231397
0.0
0.0
4.0
2142.4
13.0
4.8265944
0.0
0.0
4.0
2147.823
13.0
4.829669
0.0
0.0
4.0
2153.2495
13.0
4.832405
0.0
0.0
4.0
2158.6792
13.0
4.8348403
0.0
0.0
4.0
2164.1116
13.0
4.8370075
0.0
0.0
4.0
2169.5464
13.0
4.8389363
0.0
0.0
4.0
2174.9834
13.0
4.3066535
0.0
0.0
4.0
2179.8223
13.0
3.8329215
0.0
0.0
4.0
2184.129
13.0
3.4113002
0.0
0.0
4.0
2187.962
13.0
0.0
0.0
0.0
4.0
2187.0
13.0
0.0
0.0
0.0
4.0
2187.0
13.0
0.0
0.0
0.0
4.0
2187.0
13.0
0.0
0.0
0.0
4.0
2187.0
13.0
0.0
0.0
0.0
4.0
2187.0
13.0
0.53400004
0.0
0.0
4.0
2187.6
13.0
0.47526002
0.0
0.0
4.0
2188.134
13.0
0.0
0.0
0.0
4.0
2188.134
13.0
0.0
0.0
0.0
4.0
2188.134
13.0
0.0
0.0
0.0
4.0
2188.134
13.0
0.53400004
0.0
0.0
4.0
2188.7341
13.0
1.00926
0.0
0.0
4.0
2189.8682
13.0
1.4322414
0.0
0.0
4.0
2191.4775
13.0
1.8086947
0.0
0.0
4.0
2193.5098
13.0
2.1437383
0.0
0.0
4.0
2195.9185
13.0
2.441927
0.0
0.0
4.0
2198.662
13.0
2.707315
0.0
0.0
4.0
2201.704
13.0
2.9435103
0.0
0.0
4.0
2205.0115
13.0
3.1537242
0.0
0.0
4.0
2208.555
13.0
3.3408144
0.0
0.0
4.0
2212.3086
13.0
3.507325
0.0
0.0
4.0
2216.2495
13.0
3.6555192
0.0
0.0
4.0
2220.357
13.0
3.7874122
0.0
0.0
4.0
2224.6125
13.0
3.9047966
0.0
0.0
4.0
2229.0
13.0
4.0092688
0.0
0.0
4.0
2233.505
13.0
4.102249
0.0
0.0
4.0
2238.1143
13.0
4.1850014
0.0
0.0
4.0
2242.8164
13.0
4.2586513
0.0
0.0
4.0
2247.6013
13.0
4.3241997
0.0
0.0
4.0
2252.46
13.0
4.3825374
0.0
0.0
4.0
2257.3843
13.0
4.4344583
0.0
0.0
4.0
2262.3667
13.0
4.4806676
0.0
0.0
4.0
2267.4011
13.0
4.521794
0.0
0.0
4.0
2272.4817
13.0
4.5583963
0.0
0.0
4.0
2277.6035
13.0
4.5909724
0.0
0.0
4.0
2282.762
13.0
4.619965
0.0
0.0
4.0
2287.953
13.0
4.6457686
0.0
0.0
4.0
2293.1729
13.0
4.668734
0.0
0.0
4.0
2298.4187
13.0
4.689173
0.0
0.0
4.0
2303.6875
13.0
4.707364
0.0
0.0
4.0
2308.9766
13.0
4.7235537
0.0
0.0
4.0
2314.284
13.0
4.7379627
0.0
0.0
4.0
2319.6074
13.0
4.750787
0.0
0.0
4.0
2324.9453
13.0
4.7622
0.0
0.0
4.0
2330.2961
13.0
4.772358
0.0
0.0
4.0
2335.6584
13.0
4.7813983
0.0
0.0
4.0
2341.0308
13.0
4.7894444
0.0
0.0
4.0
2346.412
13.0
4.7966056
0.0
0.0
4.0
2351.8015
13.0
4.802979
0.0
0.0
4.0
2357.198
13.0
4.808651
0.0
0.0
4.0
2362.601
13.0
4.8136992
0.0
0.0
4.0
2368.0098
13.0
4.818192
0.0
0.0
4.0
2373.4236
13.0
4.8221908
0.0
0.0
4.0
2378.8418
13.0
4.8257494
0.0
0.0
4.0
2384.264
13.0
4.828917
0.0
0.0
4.0
2389.6897
13.0
4.831736
0.0
0.0
4.0
2395.1187
13.0
4.8342447
0.0
0.0
4.0
2400.5503
13.0
4.8364778
0.0
0.0
4.0
2405.9846
13.0
4.838465
0.0
0.0
4.0
2411.4211
13.0
0.0
0.0
0.0
4.0
2411.0
13.0
0.53400004
0.0
0.0
4.0
2411.6
13.0
0.0
0.0
0.0
4.0
2411.0
13.0
0.0
0.0
0.0
4.0
2411.0
13.0
0.0
0.0
0.0
4.0
2411.0
13.0
0.0
0.0
0.0
4.0
2411.0
13.0
0.0
0.0
0.0
4.0
2411.0
13.0
0.0
0.0
0.0
4.0
2411.0
13.0
0.53400004
0.0
0.0
4.0
2411.6
13.0
1.00926
0.0
0.0
4.0
2412.7341
13.0
1.4322414
0.0
0.0
4.0
2414.3435
13.0
1.8086947
0.0
0.0
4.0
2416.3757
13.0
2.1437383
0.0
0.0
4.0
2418.7844
13.0
2.441927
0.0
0.0
4.0
2421.528
13.0
2.707315
0.0
0.0
4.0
2424.57
13.0
2.9435103
0.0
0.0
4.0
2427.8774
13.0
3.1537242
0.0
0.0
4.0
2431.421
13.0
3.3408144
0.0
0.0
4.0
2435.1746
13.0
3.507325
0.0
0.0
4.0
2439.1155
13.0
3.6555192
0.0
0.0
4.0
2443.223
13.0
3.7874122
0.0
0.0
4.0
2447.4785
13.0
3.9047966
0.0
0.0
4.0
2451.866
13.0
4.0092688
0.0
0.0
4.0
2456.3708
13.0
4.102249
0.0
0.0
4.0
2460.9802
13.0
4.1850014
0.0
0.0
4.0
2465.6824
13.0
4.2586513
0.0
0.0
4.0
2470.4673
13.0
4.3241997
0.0
0.0
4.0
2475.326
13.0
4.3825374
0.0
0.0
4.0
2480.2502
13.0
4.4344583
0.0
0.0
4.0
2485.2327
13.0
4.4806676
0.0
0.0
4.0
2490.267
13.0
4.521794
0.0
0.0
4.0
2495.3477
13.0
4.5583963
0.0
0.0
4.0
2500.4695
13.0
4.5909724
0.0
0.0
4.0
2505.628
13.0
4.619965
0.0
0.0
4.0
2510.8188
13.0
4.6457686
0.0
0.0
4.0
2516.0388
13.0
4.668734
0.0
0.0
4.0
2521.2847
13.0
4.689173
0.0
0.0
4.0
2526.5535
13.0
4.707364
0.0
0.0
4.0
2531.8425
13.0
4.7235537
0.0
0.0
4.0
2537.15
13.0
4.7379627
0.0
0.0
4.0
2542.4734
13.0
4.750787
0.0
0.0
4.0
2547.8113
13.0
4.7622
0.0
0.0
4.0
2553.162
13.0
4.772358
0.0
0.0
4.0
2558.5244
13.0
4.7813983
0.0
0.0
4.0
2563.8967
13.0
4.7894444
0.0
0.0
4.0
2569.278
13.0
4.7966056
0.0
0.0
4.0
2574.6675
13.0
4.802979
0.0
0.0
4.0
2580.064
13.0
4.808651
0.0
0.0
4.0
2585.467
13.0
4.8136992
0.0
0.0
4.0
2590.8757
13.0
4.818192
0.0
0.0
4.0
2596.2896
13.0
4.8221908
0.0
0.0
4.0
2601.7078
13.0
4.8257494
0.0
0.0
4.0
2607.13
13.0
4.828917
0.0
0.0
4.0
2612.5557
13.0
4.831736
0.0
0.0
4.0
2617.9846
13.0
4.8342447
0.0
0.0
4.0
2623.4163
13.0
4.8364778
0.0
0.0
4.0
2628.8506
13.0
4.838465
0.0
0.0
4.0
2634.287
13.0
4.840234
0.0
0.0
4.0
2639.7256
13.0
4.841808
0.0
0.0
4.0
2645.1658
13.0
4.843209
0.0
0.0
4.0
2650.6077
13.0
4.8444557
0.0
0.0
4.0
2656.0508
13.0
4.8455653
0.0
0.0
4.0
2661.495
13.0
4.846553
0.0
0.0
4.0
2666.9407
13.0
4.8474317
0.0
0.0
4.0
2672.3872
13.0
4.848214
0.0
0.0
4.0
2677.8347
13.0
4.8489103
0.0
0.0
4.0
2683.283
13.0
4.84953
0.0
0.0
4.0
2688.732
13.0
4.850082
0.0
0.0
4.0
2694.1814
13.0
4.8505726
0.0
0.0
4.0
2699.6316
13.0
4.8510094
0.0
0.0
4.0
2705.0823
13.0
4.851398
0.0
0.0
4.0
2710.5332
13.0
4.851744
0.0
0.0
4.0
2715.9846
13.0
4.852052
0.0
0.0
4.0
2721.4363
13.0
4.8523264
0.0
0.0
4.0
2726.8884
13.0
4.8525705
0.0
0.0
4.0
2732.3408
13.0
4.8527875
0.0
0.0
4.0
2737.7935
13.0
4.8529806
0.0
0.0
4.0
2743.2463
13.0
3.7851527
0.0
0.0
4.0
2747.4993
13.0
2.8347857
0.0
0.0
4.0
2750.6843
13.0
2.5229592
0.0
0.0
4.0
2753.519
14.0
2.2454336
0.0
0.0
4.0
2756.042
14.0
1.9984359
0.0
0.0
4.0
2758.2874
14.0
1.7786078
0.0
0.0
4.0
2760.286
14.0
1.582961
0.0
0.0
4.0
2762.0645
14.0
1.4088353
0.0
0.0
4.0
2763.6475
14.0
1.2538633
0.0
0.0
4.0
2765.0564
14.0
1.1159383
0.0
0.0
4.0
2766.3103
14.0
0.9931851
0.0
0.0
4.0
2767.4263
14.0
0.88393474
0.0
0.0
4.0
2768.4194
15.0
0.7867019
0.0
0.0
4.0
2769.3035
15.0
0.7001647
0.0
0.0
4.0
2770.09
15.0
0.62314653
0.0
0.0
4.0
2770.7903
15.0
0.5546004
0.0
0.0
4.0
2771.4133
15.0
0.49359438
0.0
0.0
4.0
2771.968
15.0
0.973299
0.0
0.0
4.0
2773.0615
15.0
1.4002361
0.0
0.0
4.0
2774.6348
15.0
1.78021
0.0
0.0
4.0
2776.635
15.0
2.1183867
0.0
0.0
4.0
2779.0151
15.0
2.419364
0.0
0.0
4.0
2781.7336
15.0
2.687234
0.0
0.0
4.0
2784.753
15.0
2.925638
0.0
0.0
4.0
2788.0403
15.0
3.1378179
0.0
0.0
4.0
2791.566
15.0
3.3266578
0.0
0.0
4.0
2795.3037
15.0
3.4947252
0.0
0.0
4.0
2799.2305
15.0
3.6443052
0.0
0.0
4.0
2803.3252
15.0
3.7774315
0.0
0.0
4.0
2807.5696
15.0
3.8959138
0.0
0.0
4.0
2811.947
15.0
4.0013633
0.0
0.0
4.0
2816.4429
15.0
4.095213
0.0
0.0
4.0
2821.0442
15.0
4.1787395
0.0
0.0
4.0
2825.7395
15.0
4.253078
0.0
0.0
4.0
2830.5183
15.0
4.319239
0.0
0.0
4.0
2835.3713
15.0
4.378123
0.0
0.0
4.0
2840.2905
15.0
4.430529
0.0
0.0
4.0
2845.2686
15.0
4.477171
0.0
0.0
4.0
2850.299
15.0
4.518682
0.0
0.0
4.0
2855.3762
15.0
4.555627
0.0
0.0
4.0
2860.4949
15.0
4.5885077
0.0
0.0
4.0
2865.6504
15.0
4.6177716
0.0
0.0
4.0
2870.8389
15.0
4.6438165
0.0
0.0
4.0
2876.0566
15.0
4.6669965
0.0
0.0
4.0
2881.3005
15.0
4.687627
0.0
0.0
4.0
2886.5676
15.0
4.705988
0.0
0.0
4.0
2891.8552
15.0
4.722329
0.0
0.0
4.0
2897.1611
15.0
4.7368727
0.0
0.0
4.0
2902.4834
15.0
4.7498164
0.0
0.0
4.0
2907.8203
15.0
4.7613363
0.0
0.0
4.0
2913.1702
15.0
4.7715893
0.0
0.0
4.0
2918.5315
15.0
4.7807145
0.0
0.0
4.0
2923.903
15.0
4.7888355
0.0
0.0
4.0
2929.2837
15.0
4.7960634
0.0
0.0
4.0
2934.6726
15.0
4.8024964
0.0
0.0
4.0
2940.0686
15.0
4.808222
0.0
0.0
4.0
2945.4712
15.0
4.8133173
0.0
0.0
4.0
2950.8794
15.0
4.817852
0.0
0.0
4.0
2956.2927
15.0
4.821888
0.0
0.0
4.0
2961.7107
15.0
4.82548
0.0
0.0
4.0
2967.1326
15.0
0.0
0.0
0.0
4.0
2971.0
15.0
0.53400004
0.0
0.0
4.0
2971.6
15.0
1.00926
0.0
0.0
4.0
2972.7341
15.0
1.4322414
0.0
0.0
4.0
2974.3435
15.0
1.8086947
0.0
0.0
4.0
2976.3757
15.0
2.1437383
0.0
0.0
4.0
2978.7844
15.0
2.441927
0.0
0.0
4.0
2981.528
15.0
2.707315
0.0
0.0
4.0
2984.57
15.0
2.9435103
0.0
0.0
4.0
2987.8774
15.0
3.1537242
0.0
0.0
4.0
2991.421
15.0
3.3408144
0.0
0.0
4.0
2995.1746
15.0
3.507325
0.0
0.0
4.0
2999.1155
15.0
3.6555192
0.0
0.0
4.0
3003.223
15.0
0.0
0.0
0.0
4.0
3003.0
15.0
0.53400004
0.0
0.0
4.0
3003.6
15.0
0.0
0.0
0.0
4.0
3003.0
15.0
0.53400004
0.0
0.0
4.0
3003.6
15.0
0.0
0.0
0.0
4.0
3003.0
15.0
0.53400004
0.0
0.0
4.0
3003.6
15.0
0.0
0.0
0.0
4.0
3003.0
15.0
0.53400004
0.0
0.0
4.0
3003.6
15.0
1.00926
0.0
0.0
4.0
3004.7341
15.0
1.4322414
0.0
0.0
4.0
3006.3435
15.0
1.8086947
0.0
0.0
4.0
3008.3757
15.0
2.1437383
0.0
0.0
4.0
3010.7844
15.0
2.441927
0.0
0.0
4.0
3013.528
15.0
2.707315
0.0
0.0
4.0
3016.57
15.0
2.9435103
0.0
0.0
4.0
3019.8774
15.0
3.1537242
0.0
0.0
4.0
3023.421
15.0
3.3408144
0.0
0.0
4.0
3027.1746
15.0
3.507325
0.0
0.0
4.0
3031.1155
15.0
3.6555192
0.0
0.0
4.0
3035.223
15.0
3.7874122
0.0
0.0
4.0
3039.4785
15.0
3.9047966
0.0
0.0
4.0
3043.866
15.0
4.0092688
0.0
0.0
4.0
3048.3708
15.0
4.102249
0.0
0.0
4.0
3052.9802
15.0
4.1850014
0.0
0.0
4.0
3057.6824
15.0
4.2586513
0.0
0.0
4.0
3062.4673
15.0
4.3241997
0.0
0.0
4.0
3067.326
15.0
4.3825374
0.0
0.0
4.0
3072.2502
15.0
4.4344583
0.0
0.0
4.0
3077.2327
15.0
4.4806676
0.0
0.0
4.0
3082.267
15.0
4.521794
0.0
0.0
4.0
3087.3477
15.0
4.5583963
0.0
0.0
4.0
3092.4695
15.0
4.5909724
0.0
0.0
4.0
3097.628
15.0
4.619965
0.0
0.0
4.0
3102.8188
15.0
4.6457686
0.0
0.0
4.0
3108.0388
15.0
4.668734
0.0
0.0
4.0
3113.2847
15.0
4.689173
0.0
0.0
4.0
3118.5535
15.0
4.707364
0.0
0.0
4.0
3123.8425
15.0
4.7235537
0.0
0.0
4.0
3129.15
15.0
4.7379627
0.0
0.0
4.0
3134.4734
15.0
4.750787
0.0
0.0
4.0
3139.8113
15.0
4.7622
0.0
0.0
4.0
3145.162
15.0
4.772358
0.0
0.0
4.0
3150.5244
15.0
4.7813983
0.0
0.0
4.0
3155.8967
15.0
4.7894444
0.0
0.0
4.0
3161.278
15.0
4.7966056
0.0
0.0
4.0
3166.6675
15.0
0.0
0.0
0.0
4.0
3168.0
15.0
