941, 6
0.0
0.0
0.0
4.0
56.0
0.0
0.0
0.0
0.0
4.0
56.0
0.0
0.0
0.0
0.0
4.0
56.0
0.0
0.0
0.0
0.0
4.0
56.0
0.0
0.0
0.0
0.0
4.0
56.0
0.0
0.0
0.0
0.0
4.0
56.0
0.0
0.0
0.0
0.0
4.0
56.0
0.0
0.53400004
0.0
0.0
4.0
56.6
0.0
1.00926
0.0
0.0
4.0
57.733997
0.0
1.4322414
0.0
0.0
4.0
59.343258
0.0
1.8086947
0.0
0.0
4.0
61.3755
0.0
2.1437383
0.0
0.0
4.0
63.784195
0.0
2.441927
0.0
0.0
4.0
66.52793
0.0
2.707315
0.0
0.0
4.0
69.569855
0.0
2.9435103
0.0
0.0
4.0
72.87717
0.0
3.1537242
0.0
0.0
4.0
76.42068
0.0
3.3408144
0.0
0.0
4.0
80.1744
0.0
3.507325
0.0
0.0
4.0
84.11521
0.0
3.6555192
0.0
0.0
4.0
88.222534
0.0
3.7874122
0.0
0.0
4.0
92.47805
0.0
3.9047966
0.0
0.0
4.0
96.86546
0.0
4.0092688
0.0
0.0
4.0
101.37026
0.0
4.102249
0.0
0.0
4.0
105.97953
0.0
4.1850014
0.0
0.0
4.0
110.68178
0.0
4.2586513
0.0
0.0
4.0
115.46678
0.0
4.3241997
0.0
0.0
4.0
120.32543
0.0
4.3825374
0.0
0.0
4.0
125.24963
0.0
4.4344583
0.0
0.0
4.0
130.23218
0.0
4.4806676
0.0
0.0
4.0
135.26663
0.0
4.521794
0.0
0.0
4.0
140.3473
0.0
4.5583963
0.0
0.0
4.0
145.4691
0.0
4.5909724
0.0
0.0
4.0
150.6275
0.0
4.619965
0.0
0.0
4.0
155.81848
0.0
4.6457686
0.0
0.0
4.0
161.03845
0.0
4.668734
0.0
0.0
4.0
166.28423
0.0
4.689173
0.0
0.0
4.0
171.55296
0.0
4.707364
0.0
0.0
4.0
176.84213
0.0
4.7235537
0.0
0.0
4.0
182.14949
0.0
4.7379627
0.0
0.0
4.0
187.47304
0.0
4.750787
0.0
0.0
4.0
192.811
0.0
4.7622
0.0
0.0
4.0
198.16179
0.0
4.772358
0.0
0.0
4.0
203.52399
0.0
4.7813983
0.0
0.0
4.0
208.89635
0.0
4.7894444
0.0
0.0
4.0
214.27774
0.0
4.7966056
0.0
0.0
4.0
219.66719
0.0
4.802979
0.0
0.0
4.0
225.0638
0.0
4.808651
0.0
0.0
4.0
230.46678
0.0
4.8136992
0.0
0.0
4.0
235.87543
0.0
4.818192
0.0
0.0
4.0
241.28912
0.0
4.8221908
0.0
0.0
4.0
246.70732
0.0
4.8257494
0.0
0.0
4.0
252.12952
0.0
4.828917
0.0
0.0
4.0
257.55527
0.0
4.831736
0.0
0.0
4.0
262.9842
0.0
4.8342447
0.0
0.0
4.0
268.41592
0.0
4.8364778
0.0
0.0
4.0
273.85016
0.0
4.838465
0.0
0.0
4.0
279.28662
0.0
4.306234
0.0
0.0
4.0
284.1251
0.0
3.8325481
0.0
0.0
4.0
288.43134
0.0
3.4109678
0.0
0.0
4.0
292.2639
0.0
3.0357614
0.0
0.0
4.0
295.67487
0.0
2.1678276
0.0
0.0
4.0
298.11063
0.0
1.3953665
0.0
0.0
4.0
299.67847
0.0
0.7078762
0.0
0.0
4.0
300.47385
0.0
0.63000983
0.0
0.0
4.0
301.18173
1.0
0.56070876
0.0
0.0
4.0
301.81174
1.0
0.4990308
0.0
0.0
4.0
302.37244
1.0
0.0
0.0
0.0
4.0
302.37244
1.0
0.53400004
0.0
0.0
4.0
302.97244
1.0
1.00926
0.0
0.0
4.0
304.10645
1.0
1.4322414
0.0
0.0
4.0
305.7157
1.0
1.8086947
0.0
0.0
4.0
307.74792
1.0
2.1437383
0.0
0.0
4.0
310.15662
1.0
2.441927
0.0
0.0
4.0
312.90036
1.0
2.707315
0.0
0.0
4.0
315.9423
1.0
2.9435103
0.0
0.0
4.0
319.2496
1.0
3.1537242
0.0
0.0
4.0
322.79312
1.0
3.3408144
0.0
0.0
4.0
326.54684
1.0
3.507325
0.0
0.0
4.0
330.48767
1.0
3.6555192
0.0
0.0
4.0
334.595
1.0
3.7874122
0.0
0.0
4.0
338.85052
1.0
3.9047966
0.0
0.0
4.0
343.23795
1.0
4.0092688
0.0
0.0
4.0
347.74274
1.0
4.102249
0.0
0.0
4.0
352.35202
1.0
4.1850014
0.0
0.0
4.0
357.05426
1.0
4.2586513
0.0
0.0
4.0
361.83926
1.0
4.3241997
0.0
0.0
4.0
366.6979
1.0
4.3825374
0.0
0.0
4.0
371.6221
1.0
4.4344583
0.0
0.0
4.0
376.60464
1.0
4.4806676
0.0
0.0
4.0
381.6391
1.0
4.521794
0.0
0.0
4.0
386.71976
1.0
4.5583963
0.0
0.0
4.0
391.84155
1.0
4.5909724
0.0
0.0
4.0
396.99994
1.0
4.619965
0.0
0.0
4.0
402.19092
1.0
4.6457686
0.0
0.0
4.0
407.4109
1.0
4.668734
0.0
0.0
4.0
412.65665
1.0
4.689173
0.0
0.0
4.0
417.92538
1.0
4.707364
0.0
0.0
4.0
423.21457
1.0
4.7235537
0.0
0.0
4.0
428.52194
1.0
4.7379627
0.0
0.0
4.0
433.8455
1.0
4.750787
0.0
0.0
4.0
439.18344
1.0
4.7622
0.0
0.0
4.0
444.53424
1.0
4.772358
0.0
0.0
4.0
449.89645
1.0
4.7813983
0.0
0.0
4.0
455.2688
1.0
4.7894444
0.0
0.0
4.0
460.6502
1.0
4.7966056
0.0
0.0
4.0
466.03964
1.0
4.802979
0.0
0.0
4.0
471.43625
1.0
4.808651
0.0
0.0
4.0
476.83923
1.0
4.8136992
0.0
0.0
4.0
482.2479
1.0
4.818192
0.0
0.0
4.0
487.6616
1.0
4.8221908
0.0
0.0
4.0
493.07977
1.0
4.8257494
0.0
0.0
4.0
498.50195
1.0
4.828917
0.0
0.0
4.0
503.9277
1.0
4.831736
0.0
0.0
4.0
509.35663
1.0
4.8342447
0.0
0.0
4.0
514.7884
1.0
4.8364778
0.0
0.0
4.0
520.22266
1.0
4.838465
0.0
0.0
4.0
525.6591
1.0
4.840234
0.0
0.0
4.0
531.0976
1.0
4.841808
0.0
0.0
4.0
536.53784
1.0
4.843209
0.0
0.0
4.0
541.9797
1.0
4.8444557
0.0
0.0
4.0
547.4229
1.0
4.8455653
0.0
0.0
4.0
552.8674
1.0
4.846553
0.0
0.0
4.0
558.3129
1.0
4.8474317
0.0
0.0
4.0
563.75946
1.0
4.848214
0.0
0.0
4.0
569.2069
1.0
4.8489103
0.0
0.0
4.0
574.65515
1.0
4.84953
0.0
0.0
4.0
580.10406
1.0
4.850082
0.0
0.0
4.0
585.5536
1.0
4.8505726
0.0
0.0
4.0
591.00366
1.0
4.8510094
0.0
0.0
4.0
596.4542
1.0
4.851398
0.0
0.0
4.0
601.9052
1.0
4.851744
0.0
0.0
4.0
607.3566
1.0
4.852052
0.0
0.0
4.0
612.80835
1.0
4.8523264
0.0
0.0
4.0
618.2604
1.0
4.8525705
0.0
0.0
4.0
623.7127
1.0
4.8527875
0.0
0.0
4.0
629.1653
1.0
4.8529806
0.0
0.0
4.0
634.61804
1.0
4.8531528
0.0
0.0
4.0
640.07104
1.0
4.853306
0.0
0.0
4.0
645.5242
1.0
4.853442
0.0
0.0
4.0
650.9775
1.0
4.8535633
0.0
0.0
4.0
656.4309
1.0
4.853671
0.0
0.0
4.0
661.88446
1.0
4.853767
0.0
0.0
4.0
667.33813
2.0
4.8538523
0.0
0.0
4.0
672.79193
2.0
4.8539286
0.0
0.0
4.0
678.2458
2.0
4.8539963
0.0
0.0
4.0
683.6997
2.0
4.8540564
0.0
0.0
4.0
689.1537
2.0
4.85411
0.0
0.0
4.0
694.6077
2.0
4.8541574
0.0
0.0
4.0
700.0618
2.0
4.8542
0.0
0.0
4.0
705.516
2.0
4.8542376
0.0
0.0
4.0
710.9702
2.0
4.8542714
0.0
0.0
4.0
716.42444
2.0
4.8543015
0.0
0.0
4.0
721.8787
2.0
4.854328
0.0
0.0
4.0
727.333
2.0
0.0
0.0
0.0
4.0
731.0
2.0
0.53400004
0.0
0.0
4.0
731.6
2.0
0.0
0.0
0.0
4.0
731.0
2.0
0.53400004
0.0
0.0
4.0
731.6
2.0
0.0
0.0
0.0
4.0
731.0
2.0
0.53400004
0.0
0.0
4.0
731.6
2.0
0.0
0.0
0.0
4.0
731.0
2.0
0.53400004
0.0
0.0
4.0
731.6
2.0
1.00926
0.0
0.0
4.0
732.73395
2.0
1.4322414
0.0
0.0
4.0
734.3432
2.0
1.8086947
0.0
0.0
4.0
736.3754
2.0
2.1437383
0.0
0.0
4.0
738.7841
2.0
2.441927
0.0
0.0
4.0
741.52783
2.0
2.707315
0.0
0.0
4.0
744.56976
2.0
2.9435103
0.0
0.0
4.0
747.8771
2.0
3.1537242
0.0
0.0
4.0
751.4206
2.0
3.3408144
0.0
0.0
4.0
755.1743
2.0
3.507325
0.0
0.0
4.0
759.1151
2.0
3.6555192
0.0
0.0
4.0
763.2224
2.0
3.7874122
0.0
0.0
4.0
767.4779
2.0
3.9047966
0.0
0.0
4.0
771.8653
2.0
4.0092688
0.0
0.0
4.0
776.3701
2.0
4.102249
0.0
0.0
4.0
780.9794
2.0
4.1850014
0.0
0.0
4.0
785.68164
2.0
3.724651
0.0
0.0
4.0
789.86664
2.0
3.3149395
0.0
0.0
4.0
793.5913
2.0
3.484296
0.0
0.0
4.0
797.5062
2.0
3.6350236
0.0
0.0
4.0
801.5905
3.0
3.7691708
0.0
0.0
4.0
805.82556
3.0
3.8885617
0.0
0.0
4.0
810.1947
3.0
3.9948199
0.0
0.0
4.0
814.6833
3.0
4.08939
0.0
0.0
4.0
819.27814
3.0
4.173557
0.0
0.0
4.0
823.9675
3.0
3.7144654
0.0
0.0
4.0
828.1411
3.0
3.305874
0.0
0.0
4.0
831.8556
3.0
2.9422278
0.0
0.0
4.0
835.16144
3.0
2.0845828
0.0
0.0
4.0
837.50366
4.0
1.3212787
0.0
0.0
4.0
838.9882
4.0
1.175938
0.0
0.0
4.0
840.3095
4.0
1.0465848
0.0
0.0
4.0
841.4855
4.0
0.9314605
0.0
0.0
4.0
842.53204
4.0
1.3629998
0.0
0.0
4.0
844.0635
4.0
1.7470698
0.0
0.0
4.0
846.0265
4.0
2.088892
0.0
0.0
4.0
848.37354
4.0
2.3931139
0.0
0.0
4.0
851.06244
4.0
2.6638715
0.0
0.0
4.0
854.05554
4.0
2.9048457
0.0
0.0
4.0
857.3194
4.0
3.1193125
0.0
0.0
4.0
860.8242
4.0
3.3101883
0.0
0.0
4.0
864.5435
4.0
3.4800675
0.0
0.0
4.0
868.45374
4.0
3.6312602
0.0
0.0
4.0
872.5338
4.0
3.7658217
0.0
0.0
4.0
876.7651
4.0
3.8855813
0.0
0.0
4.0
881.1309
4.0
3.9921675
0.0
0.0
4.0
885.6165
4.0
4.087029
0.0
0.0
4.0
890.2087
4.0
4.171456
0.0
0.0
4.0
894.8957
4.0
4.2465954
0.0
0.0
4.0
899.6672
4.0
4.31347
0.0
0.0
4.0
904.5138
4.0
4.372988
0.0
0.0
4.0
909.42725
4.0
4.4259596
0.0
0.0
4.0
914.4002
4.0
4.473104
0.0
0.0
4.0
919.42615
4.0
4.5150623
0.0
0.0
4.0
924.49927
4.0
4.5524054
0.0
0.0
4.0
929.6143
4.0
4.5856404
0.0
0.0
4.0
934.7667
4.0
4.6152196
0.0
0.0
4.0
939.9524
4.0
4.6415453
0.0
0.0
4.0
945.1676
4.0
4.664975
0.0
0.0
4.0
950.4091
4.0
4.6858277
0.0
0.0
4.0
955.6741
4.0
4.7043867
0.0
0.0
4.0
960.9599
4.0
4.720904
0.0
0.0
4.0
966.2643
4.0
4.7356043
0.0
0.0
4.0
971.5852
4.0
4.7486877
0.0
0.0
4.0
976.92084
4.0
4.760332
0.0
0.0
4.0
982.26953
4.0
4.770695
0.0
0.0
4.0
987.6299
4.0
4.7799187
0.0
0.0
4.0
993.00055
4.0
4.7881274
0.0
0.0
4.0
998.3805
4.0
4.795433
0.0
0.0
4.0
1003.7686
4.0
4.801935
0.0
0.0
4.0
1009.16406
4.0
4.807722
0.0
0.0
4.0
1014.566
4.0
4.8128724
0.0
0.0
4.0
1019.9737
4.0
4.8174562
0.0
0.0
4.0
1025.3866
4.0
4.821536
0.0
0.0
4.0
1030.8041
4.0
4.8251667
0.0
0.0
4.0
1036.2256
4.0
4.828398
0.0
0.0
4.0
1041.6508
4.0
4.831274
0.0
0.0
4.0
1047.0791
4.0
4.8338337
0.0
0.0
4.0
1052.5104
4.0
4.836112
0.0
0.0
4.0
1057.9442
4.0
4.8381395
0.0
0.0
4.0
1063.3804
4.0
4.839944
0.0
0.0
4.0
1068.8185
4.0
4.84155
0.0
0.0
4.0
1074.2584
4.0
4.8429794
0.0
0.0
4.0
1079.7
4.0
4.8442516
0.0
0.0
4.0
1085.143
4.0
4.8453836
0.0
0.0
4.0
1090.5872
4.0
4.846391
0.0
0.0
4.0
1096.0326
4.0
4.847288
0.0
0.0
4.0
1101.479
4.0
4.8480864
0.0
0.0
4.0
1106.9263
4.0
4.848797
0.0
0.0
4.0
1112.3744
4.0
4.849429
0.0
0.0
4.0
1117.8232
4.0
4.849992
0.0
0.0
4.0
1123.2727
4.0
4.8504925
0.0
0.0
4.0
1128.7227
4.0
4.8509383
0.0
0.0
4.0
1134.1731
4.0
4.317335
0.0
0.0
4.0
1139.024
4.0
3.8424282
0.0
0.0
4.0
1143.3414
4.0
3.419761
0.0
0.0
4.0
1147.1838
4.0
3.0435872
0.0
0.0
4.0
1150.6036
4.0
2.7087927
0.0
0.0
4.0
1153.6472
4.0
2.4108255
0.0
0.0
4.0
1156.356
4.0
2.1456347
0.0
0.0
4.0
1158.7667
4.0
1.9096148
0.0
0.0
4.0
1160.9124
4.0
1.6995572
0.0
0.0
4.0
1162.822
4.0
0.97860587
0.0
0.0
4.0
1163.9216
4.0
0.0
0.0
0.0
4.0
1163.9216
4.0
-0.53400004
0.0
0.0
4.0
1163.3217
4.0
-1.00926
0.0
0.0
4.0
1162.1876
4.0
-1.4322414
0.0
0.0
4.0
1160.5784
4.0
-1.8086947
0.0
0.0
4.0
1158.5461
4.0
-1.6097382
0.0
0.0
4.0
1156.7374
4.0
-1.432667
0.0
0.0
4.0
1155.1277
4.0
-1.2750736
0.0
0.0
4.0
1153.6951
4.0
-1.1348156
0.0
0.0
4.0
1152.42
4.0
-1.0099858
0.0
0.0
4.0
1151.2853
4.0
-0.89888734
0.0
0.0
4.0
1150.2753
4.0
-0.8000097
0.0
0.0
4.0
1149.3763
4.0
-0.71200866
0.0
0.0
4.0
1148.5763
4.0
-0.6336877
0.0
0.0
4.0
1147.8643
4.0
-0.563982
0.0
0.0
4.0
1147.2306
4.0
0.0
0.0
0.0
4.0
1147.2306
4.0
0.53400004
0.0
0.0
4.0
1147.8306
4.0
1.00926
0.0
0.0
4.0
1148.9646
4.0
1.4322414
0.0
0.0
4.0
1150.5739
4.0
1.8086947
0.0
0.0
4.0
1152.6061
4.0
2.1437383
0.0
0.0
4.0
1155.0148
4.0
2.441927
0.0
0.0
4.0
1157.7585
4.0
2.707315
0.0
0.0
4.0
1160.8004
4.0
2.9435103
0.0
0.0
4.0
1164.1078
4.0
3.1537242
0.0
0.0
4.0
1167.6512
4.0
3.3408144
0.0
0.0
4.0
1171.405
4.0
3.507325
0.0
0.0
4.0
1175.3458
4.0
3.121519
0.0
0.0
4.0
1178.8531
4.0
2.778152
0.0
0.0
4.0
1181.9746
4.0
2.4725552
0.0
0.0
4.0
1184.7528
4.0
2.2005742
0.0
0.0
4.0
1187.2253
4.0
1.958511
0.0
0.0
4.0
1189.4259
4.0
1.7430748
0.0
0.0
4.0
1191.3844
5.0
1.5513365
0.0
0.0
4.0
1193.1274
5.0
0.84668946
0.0
0.0
4.0
1194.0787
5.0
0.0
0.0
0.0
4.0
1194.0787
5.0
-0.53400004
0.0
0.0
4.0
1193.4788
5.0
-1.00926
0.0
0.0
4.0
1192.3447
5.0
-1.4322414
0.0
0.0
4.0
1190.7355
5.0
-1.8086947
0.0
0.0
4.0
1188.7032
5.0
-2.1437383
0.0
0.0
4.0
1186.2946
5.0
-2.441927
0.0
0.0
4.0
1183.5508
5.0
-2.173315
0.0
0.0
4.0
1181.1089
5.0
-1.9342504
0.0
0.0
4.0
1178.9355
5.0
-1.7214828
0.0
0.0
4.0
1177.0013
5.0
-1.5321196
0.0
0.0
4.0
1175.2799
5.0
-1.3635864
0.0
0.0
4.0
1173.7478
5.0
-1.2135919
0.0
0.0
4.0
1172.3843
5.0
-1.0800968
0.0
0.0
4.0
1171.1707
5.0
-0.9612862
0.0
0.0
4.0
1170.0906
5.0
-0.8555447
0.0
0.0
4.0
1169.1293
5.0
-0.76143473
0.0
0.0
4.0
1168.2737
5.0
-0.6776769
0.0
0.0
4.0
1167.5122
5.0
-0.6031324
0.0
0.0
4.0
1166.8345
5.0
-0.53678787
0.0
0.0
4.0
1166.2313
5.0
-0.47774118
0.0
0.0
4.0
1165.6946
5.0
0.0
0.0
0.0
4.0
1165.6946
5.0
0.0
0.0
0.0
4.0
1165.6946
5.0
0.0
0.0
0.0
4.0
1165.6946
5.0
0.0
0.0
0.0
4.0
1165.6946
5.0
0.0
0.0
0.0
4.0
1165.6946
5.0
0.0
0.0
0.0
4.0
1165.6946
5.0
0.0
0.0
0.0
4.0
1165.6946
5.0
0.0
0.0
0.0
4.0
1165.6946
5.0
0.0
0.0
0.0
4.0
1165.6946
5.0
0.0
0.0
0.0
4.0
1165.6946
5.0
0.0
0.0
0.0
4.0
1165.6946
5.0
0.0
0.0
0.0
4.0
1165.6946
5.0
0.0
0.0
0.0
4.0
1165.6946
5.0
0.0
0.0
0.0
4.0
1165.6946
5.0
0.0
0.0
0.0
4.0
1165.6946
5.0
0.0
0.0
0.0
4.0
1165.6946
5.0
0.0
0.0
0.0
4.0
1165.6946
5.0
0.0
0.0
0.0
4.0
1165.6946
5.0
0.0
0.0
0.0
4.0
1165.6946
5.0
0.0
0.0
0.0
4.0
1165.6946
5.0
0.0
0.0
0.0
4.0
1165.6946
5.0
0.0
0.0
0.0
4.0
1165.6946
5.0
0.0
0.0
0.0
4.0
1165.6946
5.0
0.0
0.0
0.0
4.0
1165.6946
5.0
0.0
0.0
0.0
4.0
1165.6946
5.0
0.0
0.0
0.0
4.0
1165.6946
5.0
0.0
0.0
0.0
4.0
1165.6946
5.0
0.0
0.0
0.0
4.0
1165.6946
5.0
0.0
0.0
0.0
4.0
1165.6946
5.0
0.53400004
0.0
0.0
4.0
1166.2946
5.0
1.00926
0.0
0.0
4.0
1167.4286
5.0
1.4322414
0.0
0.0
4.0
1169.0378
5.0
1.8086947
0.0
0.0
4.0
1171.0701
5.0
2.1437383
0.0
0.0
4.0
1173.4788
5.0
2.441927
0.0
0.0
4.0
1176.2225
5.0
2.707315
0.0
0.0
4.0
1179.2644
5.0
2.9435103
0.0
0.0
4.0
1182.5718
5.0
2.619724
0.0
0.0
4.0
1185.5153
5.0
2.3315544
0.0
0.0
4.0
1188.135
5.0
2.0750835
0.0
0.0
4.0
1190.4666
5.0
1.8468243
0.0
0.0
4.0
1192.5416
5.0
1.6436735
0.0
0.0
4.0
1194.3884
5.0
1.4628694
0.0
0.0
4.0
1196.0321
5.0
1.3019538
0.0
0.0
4.0
1197.495
6.0
1.1587389
0.0
0.0
4.0
1198.797
6.0
1.0312775
0.0
0.0
4.0
1199.9557
6.0
0.91783696
0.0
0.0
4.0
1200.9869
6.0
0.81687486
0.0
0.0
4.0
1201.9048
6.0
1.2610186
0.0
0.0
4.0
1203.3217
6.0
1.6563066
0.0
0.0
4.0
1205.1826
6.0
2.008113
0.0
0.0
4.0
1207.439
6.0
2.3212204
0.0
0.0
4.0
1210.0471
6.0
2.599886
0.0
0.0
4.0
1212.9684
6.0
2.8478982
0.0
0.0
4.0
1216.1682
6.0
3.0686295
0.0
0.0
4.0
1219.6161
6.0
3.2650802
0.0
0.0
4.0
1223.2847
6.0
3.4399214
0.0
0.0
4.0
1227.1498
6.0
3.5955298
0.0
0.0
4.0
1231.1897
6.0
3.7340217
0.0
0.0
4.0
1235.3853
6.0
3.857279
0.0
0.0
4.0
1239.7192
6.0
3.9669783
0.0
0.0
4.0
1244.1765
6.0
4.064611
0.0
0.0
4.0
1248.7435
6.0
4.1515036
0.0
0.0
4.0
1253.4081
6.0
4.228838
0.0
0.0
4.0
1258.1595
6.0
4.2976656
0.0
0.0
4.0
1262.9884
6.0
4.358922
0.0
0.0
4.0
1267.8861
6.0
4.41344
0.0
0.0
4.0
1272.845
6.0
4.4619617
0.0
0.0
4.0
1277.8584
6.0
4.505146
0.0
0.0
4.0
1282.9204
6.0
4.5435796
0.0
0.0
4.0
1288.0255
6.0
4.5777855
0.0
0.0
4.0
1293.1691
6.0
4.608229
0.0
0.0
4.0
1298.3468
6.0
4.635324
0.0
0.0
4.0
1303.555
6.0
4.659438
0.0
0.0
4.0
1308.7904
6.0
4.6808996
0.0
0.0
4.0
1314.0498
6.0
4.7000003
0.0
0.0
4.0
1319.3307
6.0
4.717
0.0
0.0
4.0
1324.6307
6.0
4.73213
0.0
0.0
4.0
1329.9478
6.0
4.7455955
0.0
0.0
4.0
1335.2799
6.0
4.75758
0.0
0.0
4.0
1340.6255
6.0
4.7682457
0.0
0.0
4.0
1345.983
6.0
4.7777386
0.0
0.0
4.0
1351.3513
6.0
4.786187
0.0
0.0
4.0
1356.729
6.0
4.7937064
0.0
0.0
4.0
1362.1152
6.0
4.8003983
0.0
0.0
4.0
1367.5089
6.0
4.8063545
0.0
0.0
4.0
1372.9093
6.0
4.8116555
0.0
0.0
4.0
1378.3157
6.0
4.8163733
0.0
0.0
4.0
1383.7273
6.0
4.820572
0.0
0.0
4.0
1389.1437
6.0
4.824309
0.0
0.0
4.0
1394.5642
6.0
4.827635
0.0
0.0
4.0
1399.9885
6.0
4.830595
0.0
0.0
4.0
1405.4161
6.0
4.8332295
0.0
0.0
4.0
1410.8467
6.0
4.835574
0.0
0.0
4.0
1416.2799
6.0
4.837661
0.0
0.0
4.0
1421.7155
6.0
4.839518
0.0
0.0
4.0
1427.1531
6.0
4.841171
0.0
0.0
4.0
1432.5927
6.0
4.308642
0.0
0.0
4.0
1437.4338
6.0
3.8346913
0.0
0.0
4.0
1441.7424
6.0
3.4128752
0.0
0.0
4.0
1445.5771
6.0
3.037459
0.0
0.0
4.0
1448.99
6.0
2.7033384
0.0
0.0
4.0
1452.0275
6.0
2.405971
0.0
0.0
4.0
1454.7308
6.0
2.6753142
0.0
0.0
4.0
1457.7368
6.0
2.9150298
0.0
0.0
4.0
1461.0121
6.0
3.1283765
0.0
0.0
4.0
1464.5271
6.0
3.318255
0.0
0.0
4.0
1468.2555
6.0
3.4872468
0.0
0.0
4.0
1472.1737
6.0
3.1036496
0.0
0.0
4.0
1475.661
6.0
2.762248
0.0
0.0
4.0
1478.7646
6.0
2.4584007
0.0
0.0
4.0
1481.5269
6.0
1.6539766
0.0
0.0
4.0
1483.3853
6.0
0.9380391
0.0
0.0
4.0
1484.4392
6.0
0.0
0.0
0.0
4.0
1484.4392
6.0
-0.53400004
0.0
0.0
4.0
1483.8392
6.0
-1.00926
0.0
0.0
4.0
1482.7052
7.0
-1.4322414
0.0
0.0
4.0
1481.096
7.0
-1.8086947
0.0
0.0
4.0
1479.0637
7.0
-2.1437383
0.0
0.0
4.0
1476.655
7.0
-2.441927
0.0
0.0
4.0
1473.9113
7.0
-2.707315
0.0
0.0
4.0
1470.8694
7.0
-2.4095104
0.0
0.0
4.0
1468.1621
7.0
-2.1444643
0.0
0.0
4.0
1465.7526
7.0
-1.9085732
0.0
0.0
4.0
1463.6082
7.0
-1.6986301
0.0
0.0
4.0
1461.6996
7.0
-1.5117807
0.0
0.0
4.0
1460.001
7.0
-0.8114848
0.0
0.0
4.0
1459.0892
7.0
0.0
0.0
0.0
4.0
1459.0892
7.0
0.53400004
0.0
0.0
4.0
1459.6892
7.0
1.00926
0.0
0.0
4.0
1460.8232
7.0
1.4322414
0.0
0.0
4.0
1462.4325
7.0
1.8086947
0.0
0.0
4.0
1464.4647
7.0
1.6097382
0.0
0.0
4.0
1466.2734
7.0
1.432667
0.0
0.0
4.0
1467.8832
7.0
1.2750736
0.0
0.0
4.0
1469.3158
7.0
1.1348156
0.0
0.0
4.0
1470.5908
7.0
1.0099858
0.0
0.0
4.0
1471.7256
7.0
0.89888734
0.0
0.0
4.0
1472.7356
7.0
0.8000097
0.0
0.0
4.0
1473.6345
7.0
0.71200866
0.0
0.0
4.0
1474.4346
8.0
1.1676877
0.0
0.0
4.0
1475.7466
8.0
1.573242
0.0
0.0
4.0
1477.5143
8.0
1.9341854
0.0
0.0
4.0
1479.6875
8.0
2.255425
0.0
0.0
4.0
1482.2217
8.0
2.5413282
0.0
0.0
4.0
1485.0771
8.0
2.795782
0.0
0.0
4.0
1488.2185
8.0
3.022246
0.0
0.0
4.0
1491.6143
8.0
3.2237988
0.0
0.0
4.0
1495.2365
8.0
3.4031808
0.0
0.0
4.0
1499.0603
8.0
3.562831
0.0
0.0
4.0
1503.0635
8.0
3.7049193
0.0
0.0
4.0
1507.2263
8.0
3.831378
0.0
0.0
4.0
1511.5312
8.0
3.9439263
0.0
0.0
4.0
1515.9626
8.0
4.044094
0.0
0.0
4.0
1520.5066
8.0
4.1332436
0.0
0.0
4.0
1525.1506
8.0
4.2125864
0.0
0.0
4.0
1529.8839
8.0
4.2832017
0.0
0.0
4.0
1534.6965
8.0
4.3460493
0.0
0.0
4.0
1539.5797
8.0
4.4019837
0.0
0.0
4.0
1544.5258
8.0
4.4517655
0.0
0.0
4.0
1549.5277
8.0
4.4960713
0.0
0.0
4.0
1554.5795
8.0
4.5355034
0.0
0.0
4.0
1559.6755
8.0
4.5705976
0.0
0.0
4.0
1564.811
8.0
4.601832
0.0
0.0
4.0
1569.9817
8.0
4.62963
0.0
0.0
4.0
1575.1835
8.0
4.654371
0.0
0.0
4.0
1580.4131
8.0
4.6763897
0.0
0.0
4.0
1585.6675
8.0
4.6959867
0.0
0.0
4.0
1590.9438
8.0
4.713428
0.0
0.0
4.0
1596.2399
8.0
4.728951
0.0
0.0
4.0
1601.5533
8.0
4.7427664
0.0
0.0
4.0
1606.8823
8.0
4.755062
0.0
0.0
4.0
1612.2251
8.0
4.766005
0.0
0.0
4.0
1617.5802
8.0
4.7757444
0.0
0.0
4.0
1622.9462
8.0
4.7844124
0.0
0.0
4.0
1628.3219
8.0
4.7921267
0.0
0.0
4.0
1633.7063
8.0
4.7989926
0.0
0.0
4.0
1639.0984
8.0
4.8051033
0.0
0.0
4.0
1644.4974
8.0
4.8105416
0.0
0.0
4.0
1649.9026
8.0
4.281382
0.0
0.0
4.0
1654.7131
8.0
3.2764301
0.0
0.0
4.0
1658.3945
8.0
2.3820229
0.0
0.0
4.0
1661.0709
8.0
1.5860003
0.0
0.0
4.0
1662.8529
8.0
0.87754023
0.0
0.0
4.0
1663.8389
8.0
0.7810108
0.0
0.0
4.0
1664.7164
9.0
0.6950996
0.0
0.0
4.0
1665.4974
9.0
0.61863863
0.0
0.0
4.0
1666.1925
9.0
0.55058837
0.0
0.0
4.0
1666.8112
9.0
0.49002364
0.0
0.0
4.0
1667.3617
9.0
0.0
0.0
0.0
4.0
1667.3617
9.0
0.0
0.0
0.0
4.0
1667.3617
9.0
0.0
0.0
0.0
4.0
1667.3617
9.0
0.0
0.0
0.0
4.0
1667.3617
9.0
0.0
0.0
0.0
4.0
1667.3617
9.0
0.0
0.0
0.0
4.0
1667.3617
9.0
0.0
0.0
0.0
4.0
1667.3617
9.0
0.0
0.0
0.0
4.0
1667.3617
9.0
0.0
0.0
0.0
4.0
1667.3617
9.0
0.53400004
0.0
0.0
4.0
1667.9617
9.0
1.00926
0.0
0.0
4.0
1669.0957
9.0
1.4322414
0.0
0.0
4.0
1670.705
9.0
1.8086947
0.0
0.0
4.0
1672.7372
9.0
2.1437383
0.0
0.0
4.0
1675.1459
9.0
2.441927
0.0
0.0
4.0
1677.8896
9.0
2.707315
0.0
0.0
4.0
1680.9315
9.0
2.9435103
0.0
0.0
4.0
1684.2389
9.0
3.1537242
0.0
0.0
4.0
1687.7823
9.0
3.3408144
0.0
0.0
4.0
1691.5361
9.0
3.507325
0.0
0.0
4.0
1695.4769
9.0
3.6555192
0.0
0.0
4.0
1699.5842
9.0
3.7874122
0.0
0.0
4.0
1703.8397
9.0
3.9047966
0.0
0.0
4.0
1708.2272
9.0
4.0092688
0.0
0.0
4.0
1712.7319
9.0
4.102249
0.0
0.0
4.0
1717.3412
9.0
4.1850014
0.0
0.0
4.0
1722.0435
9.0
4.2586513
0.0
0.0
4.0
1726.8285
9.0
4.3241997
0.0
0.0
4.0
1731.6871
9.0
4.3825374
0.0
0.0
4.0
1736.6113
9.0
4.4344583
0.0
0.0
4.0
1741.5939
9.0
4.4806676
0.0
0.0
4.0
1746.6283
9.0
4.521794
0.0
0.0
4.0
1751.709
9.0
4.5583963
0.0
0.0
4.0
1756.8308
9.0
4.5909724
0.0
0.0
4.0
1761.9893
9.0
4.619965
0.0
0.0
4.0
1767.1802
9.0
4.6457686
0.0
0.0
4.0
1772.4001
9.0
4.668734
0.0
0.0
4.0
1777.6459
9.0
4.689173
0.0
0.0
4.0
1782.9146
9.0
4.707364
0.0
0.0
4.0
1788.2037
9.0
4.7235537
0.0
0.0
4.0
1793.5111
9.0
4.7379627
0.0
0.0
4.0
1798.8347
9.0
4.750787
0.0
0.0
4.0
1804.1727
9.0
4.7622
0.0
0.0
4.0
1809.5236
9.0
4.772358
0.0
0.0
4.0
1814.8857
9.0
4.7813983
0.0
0.0
4.0
1820.258
9.0
4.7894444
0.0
0.0
4.0
1825.6394
9.0
4.7966056
0.0
0.0
4.0
1831.0288
9.0
4.802979
0.0
0.0
4.0
1836.4254
9.0
4.808651
0.0
0.0
4.0
1841.8284
9.0
4.8136992
0.0
0.0
4.0
1847.237
9.0
4.818192
0.0
0.0
4.0
1852.6508
9.0
4.8221908
0.0
0.0
4.0
1858.069
9.0
4.8257494
0.0
0.0
4.0
1863.4912
9.0
4.828917
0.0
0.0
4.0
1868.917
9.0
4.831736
0.0
0.0
4.0
1874.346
9.0
4.8342447
0.0
0.0
4.0
1879.7777
9.0
4.8364778
0.0
0.0
4.0
1885.2119
9.0
4.838465
0.0
0.0
4.0
1890.6484
9.0
4.840234
0.0
0.0
4.0
1896.0869
9.0
4.841808
0.0
0.0
4.0
1901.5271
9.0
4.843209
0.0
0.0
4.0
1906.9689
9.0
4.8444557
0.0
0.0
4.0
1912.4121
9.0
4.8455653
0.0
0.0
4.0
1917.8566
9.0
4.846553
0.0
0.0
4.0
1923.3021
9.0
4.8474317
0.0
0.0
4.0
1928.7487
9.0
4.848214
0.0
0.0
4.0
1934.196
9.0
4.3149104
0.0
0.0
4.0
1939.0443
9.0
3.3062704
0.0
0.0
4.0
1942.7593
9.0
2.4085805
0.0
0.0
4.0
1945.4656
9.0
1.6096367
0.0
0.0
4.0
1947.2742
9.0
1.4325767
0.0
0.0
4.0
1948.8838
9.0
1.2749932
0.0
0.0
4.0
1950.3164
9.0
1.1347439
0.0
0.0
4.0
1951.5914
10.0
1.009922
0.0
0.0
4.0
1952.7262
10.0
0.8988306
0.0
0.0
4.0
1953.7361
10.0
0.79995924
0.0
0.0
4.0
1954.6349
10.0
0.7119637
0.0
0.0
4.0
1955.4348
10.0
0.6336477
0.0
0.0
4.0
1956.1467
10.0
0.5639464
0.0
0.0
4.0
1956.7804
10.0
0.5019123
0.0
0.0
4.0
1957.3444
10.0
0.44670194
0.0
0.0
4.0
1957.8463
10.0
0.0
0.0
0.0
4.0
1957.8463
11.0
-0.53400004
0.0
0.0
4.0
1957.2463
11.0
-1.00926
0.0
0.0
4.0
1956.1123
11.0
-1.4322414
0.0
0.0
4.0
1954.503
11.0
-1.8086947
0.0
0.0
4.0
1952.4708
11.0
-2.1437383
0.0
0.0
4.0
1950.0621
11.0
-2.441927
0.0
0.0
4.0
1947.3184
11.0
-2.173315
0.0
0.0
4.0
1944.8765
11.0
-1.9342504
0.0
0.0
4.0
1942.7031
11.0
-1.1874828
0.0
0.0
4.0
1941.3689
11.0
-0.5228597
0.0
0.0
4.0
1940.7814
11.0
0.0
0.0
0.0
4.0
1940.7814
11.0
0.53400004
0.0
0.0
4.0
1941.3813
11.0
1.00926
0.0
0.0
4.0
1942.5154
11.0
1.4322414
0.0
0.0
4.0
1944.1246
11.0
1.8086947
0.0
0.0
4.0
1946.1569
11.0
2.1437383
0.0
0.0
4.0
1948.5656
11.0
1.907927
0.0
0.0
4.0
1950.7094
11.0
1.698055
0.0
0.0
4.0
1952.6173
11.0
1.511269
0.0
0.0
4.0
1954.3153
11.0
1.3450294
0.0
0.0
4.0
1955.8265
11.0
1.1970761
0.0
0.0
4.0
1957.1715
11.0
0.5313977
0.0
0.0
4.0
1957.7686
11.0
0.0
0.0
0.0
4.0
1957.7686
12.0
-0.53400004
0.0
0.0
4.0
1957.1686
12.0
-1.00926
0.0
0.0
4.0
1956.0345
12.0
-1.4322414
0.0
0.0
4.0
1954.4253
12.0
-1.8086947
0.0
0.0
4.0
1952.3931
12.0
-2.1437383
0.0
0.0
4.0
1949.9844
12.0
-2.441927
0.0
0.0
4.0
1947.2406
12.0
-2.707315
0.0
0.0
4.0
1944.1987
12.0
-2.9435103
0.0
0.0
4.0
1940.8914
12.0
-2.619724
0.0
0.0
4.0
1937.9479
12.0
-2.3315544
0.0
0.0
4.0
1935.3281
12.0
-1.5410833
0.0
0.0
4.0
1933.5966
12.0
-0.8375641
0.0
0.0
4.0
1932.6555
12.0
0.0
0.0
0.0
4.0
1932.6555
12.0
0.53400004
0.0
0.0
4.0
1933.2555
12.0
1.00926
0.0
0.0
4.0
1934.3895
12.0
1.4322414
0.0
0.0
4.0
1935.9988
12.0
1.8086947
0.0
0.0
4.0
1938.031
12.0
2.1437383
0.0
0.0
4.0
1940.4397
12.0
1.907927
0.0
0.0
4.0
1942.5835
12.0
1.698055
0.0
0.0
4.0
1944.4915
12.0
1.511269
0.0
0.0
4.0
1946.1895
12.0
1.3450294
0.0
0.0
4.0
1947.7007
12.0
1.1970761
0.0
0.0
4.0
1949.0457
12.0
1.0653977
0.0
0.0
4.0
1950.2427
12.0
1.482204
0.0
0.0
4.0
1951.9081
13.0
1.8531615
0.0
0.0
4.0
1953.9902
13.0
2.1833136
0.0
0.0
4.0
1956.4434
13.0
2.4771492
0.0
0.0
4.0
1959.2267
13.0
2.738663
0.0
0.0
4.0
1962.3038
13.0
2.97141
0.0
0.0
4.0
1965.6425
13.0
3.178555
0.0
0.0
4.0
1969.2139
13.0
3.3629138
0.0
0.0
4.0
1972.9924
13.0
3.5269935
0.0
0.0
4.0
1976.9553
13.0
3.6730242
0.0
0.0
4.0
1981.0823
13.0
3.8029914
0.0
0.0
4.0
1985.3553
13.0
3.918662
0.0
0.0
4.0
1989.7583
13.0
4.0216093
0.0
0.0
4.0
1994.277
13.0
4.113232
0.0
0.0
4.0
1998.8986
13.0
4.1947765
0.0
0.0
4.0
2003.6118
13.0
4.267351
0.0
0.0
4.0
2008.4066
13.0
4.3319426
0.0
0.0
4.0
2013.2739
13.0
4.3894286
0.0
0.0
4.0
2018.2058
13.0
4.4405913
0.0
0.0
4.0
2023.1952
13.0
4.486126
0.0
0.0
4.0
2028.2358
13.0
4.526652
0.0
0.0
4.0
2033.322
13.0
4.56272
0.0
0.0
4.0
2038.4487
13.0
4.5948205
0.0
0.0
4.0
2043.6115
13.0
4.62339
0.0
0.0
4.0
2048.8062
13.0
4.648817
0.0
0.0
4.0
2054.0295
13.0
4.671447
0.0
0.0
4.0
2059.2783
13.0
4.6915874
0.0
0.0
4.0
2064.5498
13.0
4.7095127
0.0
0.0
4.0
2069.8413
13.0
4.7254663
0.0
0.0
4.0
2075.151
13.0
4.739665
0.0
0.0
4.0
2080.4763
13.0
4.7523017
0.0
0.0
4.0
2085.816
13.0
4.7635484
0.0
0.0
4.0
2091.1682
13.0
4.7735577
0.0
0.0
4.0
2096.5317
13.0
4.782466
0.0
0.0
4.0
2101.9053
13.0
4.7903943
0.0
0.0
4.0
2107.2878
13.0
4.7974505
0.0
0.0
4.0
2112.6782
13.0
4.803731
0.0
0.0
4.0
2118.0757
13.0
4.8093204
0.0
0.0
4.0
2123.4795
13.0
4.814295
0.0
0.0
4.0
2128.889
13.0
4.8187222
0.0
0.0
4.0
2134.3032
13.0
4.822663
0.0
0.0
4.0
2139.722
13.0
4.82617
0.0
0.0
4.0
2145.1445
13.0
4.8292913
0.0
0.0
4.0
2150.5708
13.0
4.832069
0.0
0.0
4.0
2156.0
13.0
4.8345413
0.0
0.0
4.0
2161.4321
13.0
4.8367414
0.0
0.0
4.0
2166.8667
13.0
4.8387
0.0
0.0
4.0
2172.3035
13.0
4.8404427
0.0
0.0
4.0
2177.7422
13.0
4.841994
0.0
0.0
4.0
2183.1826
13.0
0.0
0.0
0.0
4.0
2187.0
13.0
0.0
0.0
0.0
4.0
2187.0
13.0
0.0
0.0
0.0
4.0
2187.0
13.0
0.0
0.0
0.0
4.0
2187.0
13.0
0.0
0.0
0.0
4.0
2187.0
13.0
0.0
0.0
0.0
4.0
2187.0
13.0
0.0
0.0
0.0
4.0
2187.0
13.0
0.0
0.0
0.0
4.0
2187.0
13.0
0.53400004
0.0
0.0
4.0
2187.6
13.0
1.00926
0.0
0.0
4.0
2188.7341
13.0
1.4322414
0.0
0.0
4.0
2190.3435
13.0
1.8086947
0.0
0.0
4.0
2192.3757
13.0
2.1437383
0.0
0.0
4.0
2194.7844
13.0
2.441927
0.0
0.0
4.0
2197.528
13.0
2.707315
0.0
0.0
4.0
2200.57
13.0
2.9435103
0.0
0.0
4.0
2203.8774
13.0
3.1537242
0.0
0.0
4.0
2207.421
13.0
3.3408144
0.0
0.0
4.0
2211.1746
13.0
3.507325
0.0
0.0
4.0
2215.1155
13.0
3.6555192
0.0
0.0
4.0
2219.223
13.0
3.7874122
0.0
0.0
4.0
2223.4785
13.0
3.9047966
0.0
0.0
4.0
2227.866
13.0
4.0092688
0.0
0.0
4.0
2232.3708
13.0
4.102249
0.0
0.0
4.0
2236.9802
13.0
4.1850014
0.0
0.0
4.0
2241.6824
13.0
4.2586513
0.0
0.0
4.0
2246.4673
13.0
4.3241997
0.0
0.0
4.0
2251.326
13.0
4.3825374
0.0
0.0
4.0
2256.2502
13.0
4.4344583
0.0
0.0
4.0
2261.2327
13.0
4.4806676
0.0
0.0
4.0
2266.267
13.0
4.521794
0.0
0.0
4.0
2271.3477
13.0
4.5583963
0.0
0.0
4.0
2276.4695
13.0
4.5909724
0.0
0.0
4.0
2281.628
13.0
4.619965
0.0
0.0
4.0
2286.8188
13.0
4.6457686
0.0
0.0
4.0
2292.0388
13.0
4.668734
0.0
0.0
4.0
2297.2847
13.0
4.689173
0.0
0.0
4.0
2302.5535
13.0
4.707364
0.0
0.0
4.0
2307.8425
13.0
4.7235537
0.0
0.0
4.0
2313.15
13.0
4.7379627
0.0
0.0
4.0
2318.4734
13.0
4.750787
0.0
0.0
4.0
2323.8113
13.0
4.7622
0.0
0.0
4.0
2329.162
13.0
4.772358
0.0
0.0
4.0
2334.5244
13.0
4.7813983
0.0
0.0
4.0
2339.8967
13.0
4.7894444
0.0
0.0
4.0
2345.278
13.0
4.7966056
0.0
0.0
4.0
2350.6675
13.0
4.802979
0.0
0.0
4.0
2356.064
13.0
4.808651
0.0
0.0
4.0
2361.467
13.0
4.8136992
0.0
0.0
4.0
2366.8757
13.0
4.818192
0.0
0.0
4.0
2372.2896
13.0
4.8221908
0.0
0.0
4.0
2377.7078
13.0
4.8257494
0.0
0.0
4.0
2383.13
13.0
4.828917
0.0
0.0
4.0
2388.5557
13.0
4.831736
0.0
0.0
4.0
2393.9846
13.0
4.8342447
0.0
0.0
4.0
2399.4163
13.0
4.8364778
0.0
0.0
4.0
2404.8506
13.0
4.838465
0.0
0.0
4.0
2410.287
13.0
0.0
0.0
0.0
4.0
2411.0
13.0
0.53400004
0.0
0.0
4.0
2411.6
13.0
0.0
0.0
0.0
4.0
2411.0
13.0
0.0
0.0
0.0
4.0
2411.0
13.0
0.0
0.0
0.0
4.0
2411.0
13.0
0.0
0.0
0.0
4.0
2411.0
13.0
0.0
0.0
0.0
4.0
2411.0
13.0
0.0
0.0
0.0
4.0
2411.0
13.0
0.53400004
0.0
0.0
4.0
2411.6
13.0
1.00926
0.0
0.0
4.0
2412.7341
13.0
1.4322414
0.0
0.0
4.0
2414.3435
13.0
1.8086947
0.0
0.0
4.0
2416.3757
13.0
2.1437383
0.0
0.0
4.0
2418.7844
13.0
2.441927
0.0
0.0
4.0
2421.528
13.0
2.707315
0.0
0.0
4.0
2424.57
13.0
2.9435103
0.0
0.0
4.0
2427.8774
13.0
3.1537242
0.0
0.0
4.0
2431.421
13.0
3.3408144
0.0
0.0
4.0
2435.1746
13.0
3.507325
0.0
0.0
4.0
2439.1155
13.0
3.6555192
0.0
0.0
4.0
2443.223
13.0
3.7874122
0.0
0.0
4.0
2447.4785
13.0
3.9047966
0.0
0.0
4.0
2451.866
13.0
4.0092688
0.0
0.0
4.0
2456.3708
13.0
4.102249
0.0
0.0
4.0
2460.9802
13.0
4.1850014
0.0
0.0
4.0
2465.6824
13.0
4.2586513
0.0
0.0
4.0
2470.4673
13.0
4.3241997
0.0
0.0
4.0
2475.326
13.0
4.3825374
0.0
0.0
4.0
2480.2502
13.0
4.4344583
0.0
0.0
4.0
2485.2327
13.0
4.4806676
0.0
0.0
4.0
2490.267
13.0
4.521794
0.0
0.0
4.0
2495.3477
13.0
4.5583963
0.0
0.0
4.0
2500.4695
13.0
4.5909724
0.0
0.0
4.0
2505.628
13.0
4.619965
0.0
0.0
4.0
2510.8188
13.0
4.6457686
0.0
0.0
4.0
2516.0388
13.0
4.668734
0.0
0.0
4.0
2521.2847
13.0
4.689173
0.0
0.0
4.0
2526.5535
13.0
4.707364
0.0
0.0
4.0
2531.8425
13.0
4.7235537
0.0
0.0
4.0
2537.15
13.0
4.7379627
0.0
0.0
4.0
2542.4734
13.0
4.750787
0.0
0.0
4.0
2547.8113
13.0
4.7622
0.0
0.0
4.0
2553.162
13.0
4.772358
0.0
0.0
4.0
2558.5244
13.0
4.7813983
0.0
0.0
4.0
2563.8967
13.0
4.7894444
0.0
0.0
4.0
2569.278
13.0
4.7966056
0.0
0.0
4.0
2574.6675
13.0
4.802979
0.0
0.0
4.0
2580.064
13.0
4.808651
0.0
0.0
4.0
2585.467
13.0
4.8136992
0.0
0.0
4.0
2590.8757
13.0
4.818192
0.0
0.0
4.0
2596.2896
13.0
4.8221908
0.0
0.0
4.0
2601.7078
13.0
4.8257494
0.0
0.0
4.0
2607.13
13.0
4.828917
0.0
0.0
4.0
2612.5557
13.0
4.831736
0.0
0.0
4.0
2617.9846
13.0
4.8342447
0.0
0.0
4.0
2623.4163
13.0
4.8364778
0.0
0.0
4.0
2628.8506
13.0
4.838465
0.0
0.0
4.0
2634.287
13.0
4.840234
0.0
0.0
4.0
2639.7256
13.0
4.841808
0.0
0.0
4.0
2645.1658
13.0
4.843209
0.0
0.0
4.0
2650.6077
13.0
4.8444557
0.0
0.0
4.0
2656.0508
13.0
4.8455653
0.0
0.0
4.0
2661.495
13.0
4.846553
0.0
0.0
4.0
2666.9407
13.0
4.8474317
0.0
0.0
4.0
2672.3872
13.0
4.848214
0.0
0.0
4.0
2677.8347
13.0
4.8489103
0.0
0.0
4.0
2683.283
13.0
4.84953
0.0
0.0
4.0
2688.732
13.0
4.850082
0.0
0.0
4.0
2694.1814
13.0
4.8505726
0.0
0.0
4.0
2699.6316
13.0
4.8510094
0.0
0.0
4.0
2705.0823
13.0
4.851398
0.0
0.0
4.0
2710.5332
13.0
4.851744
0.0
0.0
4.0
2715.9846
13.0
4.852052
0.0
0.0
4.0
2721.4363
13.0
4.8523264
0.0
0.0
4.0
2726.8884
13.0
4.8525705
0.0
0.0
4.0
2732.3408
13.0
4.8527875
0.0
0.0
4.0
2737.7935
13.0
4.8529806
0.0
0.0
4.0
2743.2463
13.0
3.7851527
0.0
0.0
4.0
2747.4993
13.0
2.8347857
0.0
0.0
4.0
2750.6843
13.0
1.9889591
0.0
0.0
4.0
2752.9192
13.0
1.2361735
0.0
0.0
4.0
2754.308
13.0
0.5661944
0.0
0.0
4.0
2754.9443
13.0
0.0
0.0
0.0
4.0
2754.9443
14.0
0.0
0.0
0.0
4.0
2754.9443
14.0
0.0
0.0
0.0
4.0
2754.9443
14.0
0.0
0.0
0.0
4.0
2754.9443
14.0
0.0
0.0
0.0
4.0
2754.9443
14.0
0.0
0.0
0.0
4.0
2754.9443
14.0
0.0
0.0
0.0
4.0
2754.9443
14.0
0.0
0.0
0.0
4.0
2754.9443
15.0
0.0
0.0
0.0
4.0
2754.9443
15.0
0.0
0.0
0.0
4.0
2754.9443
15.0
0.0
0.0
0.0
4.0
2754.9443
15.0
0.53400004
0.0
0.0
4.0
2755.5444
15.0
1.00926
0.0
0.0
4.0
2756.6785
15.0
1.4322414
0.0
0.0
4.0
2758.2878
15.0
1.8086947
0.0
0.0
4.0
2760.32
15.0
2.1437383
0.0
0.0
4.0
2762.7288
15.0
2.441927
0.0
0.0
4.0
2765.4724
15.0
2.707315
0.0
0.0
4.0
2768.5144
15.0
2.9435103
0.0
0.0
4.0
2771.8218
15.0
3.1537242
0.0
0.0
4.0
2775.3652
15.0
3.3408144
0.0
0.0
4.0
2779.119
15.0
3.507325
0.0
0.0
4.0
2783.0598
15.0
3.6555192
0.0
0.0
4.0
2787.1672
15.0
3.7874122
0.0
0.0
4.0
2791.4229
15.0
3.9047966
0.0
0.0
4.0
2795.8103
15.0
4.0092688
0.0
0.0
4.0
2800.3152
15.0
4.102249
0.0
0.0
4.0
2804.9246
15.0
4.1850014
0.0
0.0
4.0
2809.6267
15.0
4.2586513
0.0
0.0
4.0
2814.4116
15.0
4.3241997
0.0
0.0
4.0
2819.2703
15.0
4.3825374
0.0
0.0
4.0
2824.1946
15.0
4.4344583
0.0
0.0
4.0
2829.177
15.0
4.4806676
0.0
0.0
4.0
2834.2114
15.0
4.521794
0.0
0.0
4.0
2839.292
15.0
4.5583963
0.0
0.0
4.0
2844.4138
15.0
4.5909724
0.0
0.0
4.0
2849.5723
15.0
4.619965
0.0
0.0
4.0
2854.7632
15.0
4.6457686
0.0
0.0
4.0
2859.9832
15.0
4.668734
0.0
0.0
4.0
2865.229
15.0
4.689173
0.0
0.0
4.0
2870.4978
15.0
4.707364
0.0
0.0
4.0
2875.7869
15.0
4.7235537
0.0
0.0
4.0
2881.0942
15.0
4.7379627
0.0
0.0
4.0
2886.4177
15.0
4.750787
0.0
0.0
4.0
2891.7556
15.0
4.7622
0.0
0.0
4.0
2897.1064
15.0
4.772358
0.0
0.0
4.0
2902.4688
15.0
4.7813983
0.0
0.0
4.0
2907.841
15.0
4.7894444
0.0
0.0
4.0
2913.2224
15.0
4.7966056
0.0
0.0
4.0
2918.6118
15.0
4.802979
0.0
0.0
4.0
2924.0083
15.0
4.808651
0.0
0.0
4.0
2929.4114
15.0
4.8136992
0.0
0.0
4.0
2934.82
15.0
4.818192
0.0
0.0
4.0
2940.234
15.0
4.8221908
0.0
0.0
4.0
2945.652
15.0
4.8257494
0.0
0.0
4.0
2951.0742
15.0
4.828917
0.0
0.0
4.0
2956.5
15.0
4.831736
0.0
0.0
4.0
2961.929
15.0
4.8342447
0.0
0.0
4.0
2967.3606
15.0
0.0
0.0
0.0
4.0
2971.0
15.0
0.53400004
0.0
0.0
4.0
2971.6
15.0
0.0
0.0
0.0
4.0
2971.0
15.0
0.53400004
0.0
0.0
4.0
2971.6
15.0
1.00926
0.0
0.0
4.0
2972.7341
15.0
1.4322414
0.0
0.0
4.0
2974.3435
15.0
1.8086947
0.0
0.0
4.0
2976.3757
15.0
2.1437383
0.0
0.0
4.0
2978.7844
15.0
2.441927
0.0
0.0
4.0
2981.528
15.0
2.707315
0.0
0.0
4.0
2984.57
15.0
2.9435103
0.0
0.0
4.0
2987.8774
15.0
3.1537242
0.0
0.0
4.0
2991.421
15.0
3.3408144
0.0
0.0
4.0
2995.1746
15.0
3.507325
0.0
0.0
4.0
2999.1155
15.0
3.6555192
0.0
0.0
4.0
3003.223
15.0
0.0
0.0
0.0
4.0
3003.0
15.0
0.53400004
0.0
0.0
4.0
3003.6
15.0
0.0
0.0
0.0
4.0
3003.0
15.0
0.53400004
0.0
0.0
4.0
3003.6
15.0
1.00926
0.0
0.0
4.0
3004.7341
15.0
1.4322414
0.0
0.0
4.0
3006.3435
15.0
1.8086947
0.0
0.0
4.0
3008.3757
15.0
2.1437383
0.0
0.0
4.0
3010.7844
15.0
2.441927
0.0
0.0
4.0
3013.528
15.0
2.707315
0.0
0.0
4.0
3016.57
15.0
2.9435103
0.0
0.0
4.0
3019.8774
15.0
3.1537242
0.0
0.0
4.0
3023.421
15.0
3.3408144
0.0
0.0
4.0
3027.1746
15.0
3.507325
0.0
0.0
4.0
3031.1155
15.0
3.6555192
0.0
0.0
4.0
3035.223
15.0
3.7874122
0.0
0.0
4.0
3039.4785
15.0
3.9047966
0.0
0.0
4.0
3043.866
15.0
4.0092688
0.0
0.0
4.0
3048.3708
15.0
4.102249
0.0
0.0
4.0
3052.9802
15.0
4.1850014
0.0
0.0
4.0
3057.6824
15.0
4.2586513
0.0
0.0
4.0
3062.4673
15.0
4.3241997
0.0
0.0
4.0
3067.326
15.0
4.3825374
0.0
0.0
4.0
3072.2502
15.0
4.4344583
0.0
0.0
4.0
3077.2327
15.0
4.4806676
0.0
0.0
4.0
3082.267
15.0
4.521794
0.0
0.0
4.0
3087.3477
15.0
4.5583963
0.0
0.0
4.0
3092.4695
15.0
4.5909724
0.0
0.0
4.0
3097.628
15.0
4.619965
0.0
0.0
4.0
3102.8188
15.0
4.6457686
0.0
0.0
4.0
3108.0388
15.0
4.668734
0.0
0.0
4.0
3113.2847
15.0
4.689173
0.0
0.0
4.0
3118.5535
15.0
4.707364
0.0
0.0
4.0
3123.8425
15.0
4.7235537
0.0
0.0
4.0
3129.15
15.0
4.7379627
0.0
0.0
4.0
3134.4734
15.0
4.750787
0.0
0.0
4.0
3139.8113
15.0
4.7622
0.0
0.0
4.0
3145.162
15.0
4.772358
0.0
0.0
4.0
3150.5244
15.0
4.7813983
0.0
0.0
4.0
3155.8967
15.0
4.7894444
0.0
0.0
4.0
3161.278
15.0
4.7966056
0.0
0.0
4.0
3166.6675
15.0
0.0
0.0
0.0
4.0
3168.0
15.0
