976, 6
0.0
0.0
0.0
4.0
56.0
0.0
0.0
0.0
0.0
4.0
56.0
0.0
0.0
0.0
0.0
4.0
56.0
0.0
0.0
0.0
0.0
4.0
56.0
0.0
0.0
0.0
0.0
4.0
56.0
0.0
0.0
0.0
0.0
4.0
56.0
0.0
0.53400004
0.0
0.0
4.0
56.6
0.0
1.00926
0.0
0.0
4.0
57.733997
0.0
1.4322414
0.0
0.0
4.0
59.343258
0.0
1.8086947
0.0
0.0
4.0
61.3755
0.0
2.1437383
0.0
0.0
4.0
63.784195
0.0
2.441927
0.0
0.0
4.0
66.52793
0.0
2.707315
0.0
0.0
4.0
69.569855
0.0
2.9435103
0.0
0.0
4.0
72.87717
0.0
3.1537242
0.0
0.0
4.0
76.42068
0.0
3.3408144
0.0
0.0
4.0
80.1744
0.0
3.507325
0.0
0.0
4.0
84.11521
0.0
3.6555192
0.0
0.0
4.0
88.222534
0.0
3.7874122
0.0
0.0
4.0
92.47805
0.0
3.9047966
0.0
0.0
4.0
96.86546
0.0
4.0092688
0.0
0.0
4.0
101.37026
0.0
4.102249
0.0
0.0
4.0
105.97953
0.0
4.1850014
0.0
0.0
4.0
110.68178
0.0
4.2586513
0.0
0.0
4.0
115.46678
0.0
4.3241997
0.0
0.0
4.0
120.32543
0.0
4.3825374
0.0
0.0
4.0
125.24963
0.0
4.4344583
0.0
0.0
4.0
130.23218
0.0
4.4806676
0.0
0.0
4.0
135.26663
0.0
4.521794
0.0
0.0
4.0
140.3473
0.0
4.5583963
0.0
0.0
4.0
145.4691
0.0
4.5909724
0.0
0.0
4.0
150.6275
0.0
4.619965
0.0
0.0
4.0
155.81848
0.0
4.6457686
0.0
0.0
4.0
161.03845
0.0
4.668734
0.0
0.0
4.0
166.28423
0.0
4.689173
0.0
0.0
4.0
171.55296
0.0
4.707364
0.0
0.0
4.0
176.84213
0.0
4.7235537
0.0
0.0
4.0
182.14949
0.0
4.7379627
0.0
0.0
4.0
187.47304
0.0
4.750787
0.0
0.0
4.0
192.811
0.0
4.7622
0.0
0.0
4.0
198.16179
0.0
4.772358
0.0
0.0
4.0
203.52399
0.0
4.7813983
0.0
0.0
4.0
208.89635
0.0
4.7894444
0.0
0.0
4.0
214.27774
0.0
4.7966056
0.0
0.0
4.0
219.66719
0.0
4.802979
0.0
0.0
4.0
225.0638
0.0
4.808651
0.0
0.0
4.0
230.46678
0.0
4.8136992
0.0
0.0
4.0
235.87543
0.0
4.818192
0.0
0.0
4.0
241.28912
0.0
4.8221908
0.0
0.0
4.0
246.70732
0.0
4.8257494
0.0
0.0
4.0
252.12952
0.0
4.828917
0.0
0.0
4.0
257.55527
0.0
4.831736
0.0
0.0
4.0
262.9842
0.0
4.8342447
0.0
0.0
4.0
268.41592
0.0
4.8364778
0.0
0.0
4.0
273.85016
0.0
4.838465
0.0
0.0
4.0
279.28662
0.0
4.306234
0.0
0.0
4.0
284.1251
0.0
3.2985482
0.0
0.0
4.0
287.83133
0.0
2.401708
0.0
0.0
4.0
290.52988
0.0
1.6035199
0.0
0.0
4.0
292.33157
0.0
1.4271327
0.0
0.0
4.0
293.9351
0.0
1.2701482
0.0
0.0
4.0
295.3622
0.0
1.1304319
0.0
0.0
4.0
296.63235
0.0
1.0060843
0.0
0.0
4.0
297.7628
1.0
0.895415
0.0
0.0
4.0
298.76886
1.0
0.79691935
0.0
0.0
4.0
299.66428
1.0
0.7092582
0.0
0.0
4.0
300.46118
1.0
1.1652398
0.0
0.0
4.0
301.77045
1.0
1.5710634
0.0
0.0
4.0
303.53568
1.0
1.9322464
0.0
0.0
4.0
305.70673
1.0
2.2536995
0.0
0.0
4.0
308.23898
1.0
2.5397928
0.0
0.0
4.0
311.09268
1.0
2.7944157
0.0
0.0
4.0
314.23248
1.0
3.02103
0.0
0.0
4.0
317.6269
1.0
3.2227166
0.0
0.0
4.0
321.24792
1.0
3.4022179
0.0
0.0
4.0
325.07065
1.0
3.5619738
0.0
0.0
4.0
329.07288
1.0
3.7041569
0.0
0.0
4.0
333.23486
1.0
3.8306994
0.0
0.0
4.0
337.53903
1.0
3.9433224
0.0
0.0
4.0
341.96973
1.0
4.043557
0.0
0.0
4.0
346.51306
1.0
4.132766
0.0
0.0
4.0
351.15662
1.0
4.2121615
0.0
0.0
4.0
355.88937
1.0
4.2828236
0.0
0.0
4.0
360.70154
1.0
4.3457127
0.0
0.0
4.0
365.58435
1.0
4.4016843
0.0
0.0
4.0
370.53006
1.0
4.451499
0.0
0.0
4.0
375.53174
1.0
4.495834
0.0
0.0
4.0
380.58325
1.0
4.535292
0.0
0.0
4.0
385.67908
1.0
4.57041
0.0
0.0
4.0
390.81436
1.0
4.6016645
0.0
0.0
4.0
395.98477
1.0
4.6294813
0.0
0.0
4.0
401.18643
1.0
4.654238
0.0
0.0
4.0
406.41592
1.0
4.676272
0.0
0.0
4.0
411.67017
1.0
4.695882
0.0
0.0
4.0
416.94644
1.0
4.7133346
0.0
0.0
4.0
422.2423
1.0
4.7288675
0.0
0.0
4.0
427.55563
1.0
4.742692
0.0
0.0
4.0
432.8845
1.0
4.754996
0.0
0.0
4.0
438.22717
1.0
4.765946
0.0
0.0
4.0
443.58215
1.0
4.7756915
0.0
0.0
4.0
448.9481
1.0
4.784365
0.0
0.0
4.0
454.3238
1.0
4.7920847
0.0
0.0
4.0
459.70816
1.0
4.7989554
0.0
0.0
4.0
465.10025
1.0
4.8050704
0.0
0.0
4.0
470.4992
1.0
4.8105125
0.0
0.0
4.0
475.90427
1.0
4.815356
0.0
0.0
4.0
481.3148
1.0
4.8196664
0.0
0.0
4.0
486.73013
1.0
4.823503
0.0
0.0
4.0
492.1498
1.0
4.8269176
0.0
0.0
4.0
497.5733
1.0
4.8299565
0.0
0.0
4.0
503.0002
1.0
4.832661
0.0
0.0
4.0
508.43018
1.0
4.835068
0.0
0.0
4.0
513.86285
1.0
4.8372107
0.0
0.0
4.0
519.2979
1.0
4.8391175
0.0
0.0
4.0
524.7351
1.0
4.8408146
0.0
0.0
4.0
530.1742
1.0
4.8423247
0.0
0.0
4.0
535.615
1.0
4.843669
0.0
0.0
4.0
541.0573
1.0
4.8448653
0.0
0.0
4.0
546.501
1.0
4.84593
0.0
0.0
4.0
551.94586
1.0
4.8468776
0.0
0.0
4.0
557.3918
1.0
4.847721
0.0
0.0
4.0
562.8387
1.0
4.8484716
0.0
0.0
4.0
568.2864
1.0
4.8491397
0.0
0.0
4.0
573.73486
1.0
4.8497343
0.0
0.0
4.0
579.184
1.0
4.8502636
0.0
0.0
4.0
584.6337
1.0
4.850734
0.0
0.0
4.0
590.084
1.0
4.8511534
0.0
0.0
4.0
595.5347
1.0
4.8515263
0.0
0.0
4.0
600.9859
1.0
4.851858
0.0
0.0
4.0
606.43744
1.0
4.852154
0.0
0.0
4.0
611.8893
1.0
4.8524165
0.0
0.0
4.0
617.34143
1.0
4.8526506
0.0
0.0
4.0
622.7938
1.0
4.852859
0.0
0.0
4.0
628.24646
1.0
4.8530445
0.0
0.0
4.0
633.69934
1.0
4.8532095
0.0
0.0
4.0
639.1524
1.0
4.8533564
0.0
0.0
4.0
644.6056
1.0
4.853487
0.0
0.0
4.0
650.05896
1.0
4.8536034
0.0
0.0
4.0
655.51245
1.0
4.853707
0.0
0.0
4.0
660.96606
1.0
4.853799
0.0
0.0
4.0
666.4198
2.0
4.853881
0.0
0.0
4.0
671.8736
2.0
4.853954
0.0
0.0
4.0
677.32745
2.0
4.8540187
0.0
0.0
4.0
682.78143
2.0
4.8540764
0.0
0.0
4.0
688.2355
2.0
4.854128
0.0
0.0
4.0
693.6896
2.0
4.8541737
0.0
0.0
4.0
699.1437
2.0
4.854214
0.0
0.0
4.0
704.59784
2.0
4.8542504
0.0
0.0
4.0
710.05206
2.0
4.854283
0.0
0.0
4.0
715.5063
2.0
4.8543115
0.0
0.0
4.0
720.9606
2.0
4.854337
0.0
0.0
4.0
726.41486
2.0
4.85436
0.0
0.0
4.0
731.8692
2.0
0.0
0.0
0.0
4.0
731.0
2.0
0.53400004
0.0
0.0
4.0
731.6
2.0
0.0
0.0
0.0
4.0
731.0
2.0
0.53400004
0.0
0.0
4.0
731.6
2.0
0.0
0.0
0.0
4.0
731.0
2.0
0.53400004
0.0
0.0
4.0
731.6
2.0
0.0
0.0
0.0
4.0
731.0
2.0
0.53400004
0.0
0.0
4.0
731.6
2.0
1.00926
0.0
0.0
4.0
732.73395
2.0
1.4322414
0.0
0.0
4.0
734.3432
2.0
1.8086947
0.0
0.0
4.0
736.3754
2.0
2.1437383
0.0
0.0
4.0
738.7841
2.0
2.441927
0.0
0.0
4.0
741.52783
2.0
2.707315
0.0
0.0
4.0
744.56976
2.0
2.9435103
0.0
0.0
4.0
747.8771
2.0
3.1537242
0.0
0.0
4.0
751.4206
2.0
3.3408144
0.0
0.0
4.0
755.1743
2.0
3.507325
0.0
0.0
4.0
759.1151
2.0
3.6555192
0.0
0.0
4.0
763.2224
2.0
3.7874122
0.0
0.0
4.0
767.4779
2.0
3.9047966
0.0
0.0
4.0
771.8653
2.0
4.0092688
0.0
0.0
4.0
776.3701
2.0
4.102249
0.0
0.0
4.0
780.9794
2.0
4.1850014
0.0
0.0
4.0
785.68164
2.0
4.2586513
0.0
0.0
4.0
790.4666
2.0
3.7901995
0.0
0.0
4.0
794.7253
2.0
2.8392775
0.0
0.0
4.0
797.91547
2.0
1.9929569
0.0
0.0
4.0
800.1547
3.0
1.2397316
0.0
0.0
4.0
801.54767
3.0
0.56936103
0.0
0.0
4.0
802.1874
3.0
1.0407314
0.0
0.0
4.0
803.35675
3.0
1.460251
0.0
0.0
4.0
804.9975
3.0
1.8336234
0.0
0.0
4.0
807.05774
3.0
2.1659248
0.0
0.0
4.0
809.49133
3.0
2.4616733
0.0
0.0
4.0
812.25726
3.0
2.724889
0.0
0.0
4.0
815.3189
3.0
2.9591513
0.0
0.0
4.0
818.6438
3.0
3.1676445
0.0
0.0
4.0
822.20294
3.0
3.3532035
0.0
0.0
4.0
825.9706
3.0
2.450351
0.0
0.0
4.0
828.72375
3.0
1.6468123
0.0
0.0
4.0
830.5741
3.0
0.9316629
0.0
0.0
4.0
831.6209
3.0
0.0
0.0
0.0
4.0
831.6209
3.0
-0.53400004
0.0
0.0
4.0
831.02094
3.0
-1.00926
0.0
0.0
4.0
829.88696
3.0
-1.4322414
0.0
0.0
4.0
828.2777
3.0
-1.2746949
0.0
0.0
4.0
826.84546
3.0
-1.1344784
0.0
0.0
4.0
825.57074
3.0
-1.0096858
0.0
0.0
4.0
824.4363
4.0
-0.8986203
0.0
0.0
4.0
823.4266
4.0
0.0
0.0
0.0
4.0
823.4266
4.0
0.53400004
0.0
0.0
4.0
824.02655
4.0
1.00926
0.0
0.0
4.0
825.1605
4.0
1.4322414
0.0
0.0
4.0
826.7698
4.0
1.8086947
0.0
0.0
4.0
828.802
4.0
2.1437383
0.0
0.0
4.0
831.2107
4.0
2.441927
0.0
0.0
4.0
833.9544
4.0
2.707315
0.0
0.0
4.0
836.99634
4.0
2.9435103
0.0
0.0
4.0
840.30365
4.0
3.1537242
0.0
0.0
4.0
843.84717
4.0
3.3408144
0.0
0.0
4.0
847.6009
4.0
3.507325
0.0
0.0
4.0
851.5417
4.0
3.6555192
0.0
0.0
4.0
855.649
4.0
3.7874122
0.0
0.0
4.0
859.9045
4.0
3.9047966
0.0
0.0
4.0
864.2919
4.0
4.0092688
0.0
0.0
4.0
868.7967
4.0
4.102249
0.0
0.0
4.0
873.40594
4.0
4.1850014
0.0
0.0
4.0
878.1082
4.0
4.2586513
0.0
0.0
4.0
882.8932
4.0
4.3241997
0.0
0.0
4.0
887.75183
4.0
4.3825374
0.0
0.0
4.0
892.676
4.0
4.4344583
0.0
0.0
4.0
897.65857
4.0
4.4806676
0.0
0.0
4.0
902.69305
4.0
4.521794
0.0
0.0
4.0
907.77374
4.0
4.5583963
0.0
0.0
4.0
912.8955
4.0
4.5909724
0.0
0.0
4.0
918.0539
4.0
4.619965
0.0
0.0
4.0
923.2449
4.0
4.6457686
0.0
0.0
4.0
928.46484
4.0
4.668734
0.0
0.0
4.0
933.71063
4.0
4.689173
0.0
0.0
4.0
938.9794
4.0
4.707364
0.0
0.0
4.0
944.26855
4.0
4.7235537
0.0
0.0
4.0
949.5759
4.0
4.7379627
0.0
0.0
4.0
954.8995
4.0
4.750787
0.0
0.0
4.0
960.2374
4.0
4.7622
0.0
0.0
4.0
965.5882
4.0
4.772358
0.0
0.0
4.0
970.9504
4.0
4.7813983
0.0
0.0
4.0
976.32275
4.0
4.7894444
0.0
0.0
4.0
981.70416
4.0
4.7966056
0.0
0.0
4.0
987.0936
4.0
4.802979
0.0
0.0
4.0
992.49023
4.0
4.808651
0.0
0.0
4.0
997.8932
4.0
4.8136992
0.0
0.0
4.0
1003.3018
4.0
4.818192
0.0
0.0
4.0
1008.7155
4.0
4.8221908
0.0
0.0
4.0
1014.1337
4.0
4.8257494
0.0
0.0
4.0
1019.5559
4.0
4.828917
0.0
0.0
4.0
1024.9817
4.0
4.831736
0.0
0.0
4.0
1030.4106
4.0
4.8342447
0.0
0.0
4.0
1035.8424
4.0
4.8364778
0.0
0.0
4.0
1041.2766
4.0
4.838465
0.0
0.0
4.0
1046.7131
4.0
4.840234
0.0
0.0
4.0
1052.1516
4.0
4.841808
0.0
0.0
4.0
1057.5918
4.0
4.843209
0.0
0.0
4.0
1063.0336
4.0
4.8444557
0.0
0.0
4.0
1068.4768
4.0
4.8455653
0.0
0.0
4.0
1073.9213
4.0
4.846553
0.0
0.0
4.0
1079.3668
4.0
4.8474317
0.0
0.0
4.0
1084.8134
4.0
4.848214
0.0
0.0
4.0
1090.2607
4.0
4.8489103
0.0
0.0
4.0
1095.709
4.0
4.84953
0.0
0.0
4.0
1101.1578
4.0
4.850082
0.0
0.0
4.0
1106.6074
4.0
4.8505726
0.0
0.0
4.0
1112.0575
4.0
4.8510094
0.0
0.0
4.0
1117.508
4.0
4.851398
0.0
0.0
4.0
1122.9591
4.0
4.851744
0.0
0.0
4.0
1128.4105
4.0
4.852052
0.0
0.0
4.0
1133.8623
4.0
4.8523264
0.0
0.0
4.0
1139.3143
4.0
4.8525705
0.0
0.0
4.0
1144.7666
4.0
4.8527875
0.0
0.0
4.0
1150.2191
4.0
4.8529806
0.0
0.0
4.0
1155.6719
4.0
4.319153
0.0
0.0
4.0
1160.5249
4.0
3.8440459
0.0
0.0
4.0
1164.844
4.0
2.8872006
0.0
0.0
4.0
1168.088
4.0
2.0356083
0.0
0.0
4.0
1170.3752
4.0
1.2776914
0.0
0.0
4.0
1171.8109
4.0
0.6031453
0.0
0.0
4.0
1172.4886
4.0
0.0
0.0
0.0
4.0
1172.4886
4.0
-0.53400004
0.0
0.0
4.0
1171.8887
4.0
-1.00926
0.0
0.0
4.0
1170.7546
4.0
-1.4322414
0.0
0.0
4.0
1169.1454
4.0
-1.8086947
0.0
0.0
4.0
1167.1132
4.0
-2.1437383
0.0
0.0
4.0
1164.7045
4.0
-1.907927
0.0
0.0
4.0
1162.5607
4.0
-1.698055
0.0
0.0
4.0
1160.6527
4.0
-1.511269
0.0
0.0
4.0
1158.9547
4.0
-1.3450294
0.0
0.0
4.0
1157.4435
4.0
-1.1970761
0.0
0.0
4.0
1156.0985
4.0
-0.5313977
0.0
0.0
4.0
1155.5015
4.0
0.0
0.0
0.0
4.0
1155.5015
4.0
0.53400004
0.0
0.0
4.0
1156.1014
4.0
1.00926
0.0
0.0
4.0
1157.2355
4.0
1.4322414
0.0
0.0
4.0
1158.8447
4.0
1.8086947
0.0
0.0
4.0
1160.877
4.0
2.1437383
0.0
0.0
4.0
1163.2856
4.0
2.441927
0.0
0.0
4.0
1166.0294
4.0
2.707315
0.0
0.0
4.0
1169.0713
4.0
2.9435103
0.0
0.0
4.0
1172.3787
4.0
3.1537242
0.0
0.0
4.0
1175.9221
4.0
3.3408144
0.0
0.0
4.0
1179.6759
4.0
2.9733248
0.0
0.0
4.0
1183.0167
4.0
2.646259
0.0
0.0
4.0
1185.99
4.0
2.3551705
0.0
0.0
4.0
1188.6362
4.0
2.0961018
0.0
0.0
4.0
1190.9915
4.0
1.8655305
0.0
0.0
4.0
1193.0875
4.0
1.6603221
0.0
0.0
4.0
1194.953
4.0
1.4776866
0.0
0.0
4.0
1196.6133
5.0
0.7811411
0.0
0.0
4.0
1197.491
5.0
0.0
0.0
0.0
4.0
1197.491
5.0
-0.53400004
0.0
0.0
4.0
1196.891
5.0
-1.00926
0.0
0.0
4.0
1195.757
5.0
-1.4322414
0.0
0.0
4.0
1194.1477
5.0
-1.8086947
0.0
0.0
4.0
1192.1155
5.0
-2.1437383
0.0
0.0
4.0
1189.7068
5.0
-2.441927
0.0
0.0
4.0
1186.963
5.0
-2.707315
0.0
0.0
4.0
1183.9211
5.0
-2.4095104
0.0
0.0
4.0
1181.2139
5.0
-2.1444643
0.0
0.0
4.0
1178.8043
5.0
-1.9085732
0.0
0.0
4.0
1176.6599
5.0
-1.6986301
0.0
0.0
4.0
1174.7513
5.0
-1.5117807
0.0
0.0
4.0
1173.0527
5.0
-1.3454849
0.0
0.0
4.0
1171.5409
5.0
-1.1974815
0.0
0.0
4.0
1170.1954
5.0
-1.0657586
0.0
0.0
4.0
1168.9979
5.0
-0.94852513
0.0
0.0
4.0
1167.9321
5.0
-0.8441874
0.0
0.0
4.0
1166.9836
5.0
0.0
0.0
0.0
4.0
1166.9836
5.0
0.53400004
0.0
0.0
4.0
1167.5836
5.0
1.00926
0.0
0.0
4.0
1168.7177
5.0
1.4322414
0.0
0.0
4.0
1170.3269
5.0
1.8086947
0.0
0.0
4.0
1172.3591
5.0
2.1437383
0.0
0.0
4.0
1174.7678
5.0
2.441927
0.0
0.0
4.0
1177.5116
5.0
2.707315
0.0
0.0
4.0
1180.5535
5.0
2.9435103
0.0
0.0
4.0
1183.8608
5.0
2.619724
0.0
0.0
4.0
1186.8043
5.0
2.3315544
0.0
0.0
4.0
1189.4241
5.0
2.0750835
0.0
0.0
4.0
1191.7556
5.0
1.8468243
0.0
0.0
4.0
1193.8307
5.0
1.6436735
0.0
0.0
4.0
1195.6775
5.0
1.4628694
0.0
0.0
4.0
1197.3212
5.0
1.3019538
0.0
0.0
4.0
1198.784
5.0
1.1587389
0.0
0.0
4.0
1200.086
6.0
1.0312775
0.0
0.0
4.0
1201.2448
6.0
1.4518371
0.0
0.0
4.0
1202.876
6.0
1.8261349
0.0
0.0
4.0
1204.9279
6.0
2.1592603
0.0
0.0
4.0
1207.354
6.0
2.4557414
0.0
0.0
4.0
1210.1133
6.0
2.7196097
0.0
0.0
4.0
1213.1691
6.0
2.9544525
0.0
0.0
4.0
1216.4886
6.0
3.1634626
0.0
0.0
4.0
1220.0431
6.0
3.3494816
0.0
0.0
4.0
1223.8065
6.0
3.5150385
0.0
0.0
4.0
1227.756
6.0
3.662384
0.0
0.0
4.0
1231.871
6.0
3.7935216
0.0
0.0
4.0
1236.1333
6.0
3.9102342
0.0
0.0
4.0
1240.5269
6.0
4.0141087
0.0
0.0
4.0
1245.0371
6.0
4.1065564
0.0
0.0
4.0
1249.6512
6.0
4.188835
0.0
0.0
4.0
1254.3578
6.0
4.262063
0.0
0.0
4.0
1259.1466
6.0
4.327236
0.0
0.0
4.0
1264.0087
6.0
4.38524
0.0
0.0
4.0
1268.9359
6.0
4.4368634
0.0
0.0
4.0
1273.9211
6.0
4.482808
0.0
0.0
4.0
1278.958
6.0
4.5236993
0.0
0.0
4.0
1284.0408
6.0
4.560092
0.0
0.0
4.0
1289.1644
6.0
4.5924816
0.0
0.0
4.0
1294.3245
6.0
4.6213083
0.0
0.0
4.0
1299.517
6.0
4.646964
0.0
0.0
4.0
1304.7383
6.0
4.669798
0.0
0.0
4.0
1309.9852
6.0
4.6901197
0.0
0.0
4.0
1315.255
6.0
4.708206
0.0
0.0
4.0
1320.5452
6.0
4.7243032
0.0
0.0
4.0
1325.8534
6.0
4.73863
0.0
0.0
4.0
1331.1777
6.0
4.7513804
0.0
0.0
4.0
1336.5164
6.0
4.762728
0.0
0.0
4.0
1341.8678
6.0
4.772828
0.0
0.0
4.0
1347.2305
6.0
4.781817
0.0
0.0
4.0
1352.6033
6.0
4.789817
0.0
0.0
4.0
1357.9851
6.0
4.796937
0.0
0.0
4.0
1363.3749
6.0
4.8032737
0.0
0.0
4.0
1368.7719
6.0
4.808913
0.0
0.0
4.0
1374.1752
6.0
4.8139324
0.0
0.0
4.0
1379.5841
6.0
4.8184
0.0
0.0
4.0
1384.998
6.0
4.822376
0.0
0.0
4.0
1390.4165
6.0
4.8259144
0.0
0.0
4.0
1395.8389
6.0
4.8290634
0.0
0.0
4.0
1401.2648
6.0
4.8318663
0.0
0.0
4.0
1406.6938
6.0
4.8343606
0.0
0.0
4.0
1412.1257
6.0
4.8365808
0.0
0.0
4.0
1417.56
6.0
4.838557
0.0
0.0
4.0
1422.9966
6.0
4.8403153
0.0
0.0
4.0
1428.4352
6.0
4.8418803
0.0
0.0
4.0
1433.8755
6.0
3.7752736
0.0
0.0
4.0
1438.1173
6.0
2.8259933
0.0
0.0
4.0
1441.2926
6.0
1.9811338
0.0
0.0
4.0
1443.5186
6.0
1.7632091
0.0
0.0
4.0
1445.4996
6.0
1.5692561
0.0
0.0
4.0
1447.2628
6.0
1.3966379
0.0
0.0
4.0
1448.832
6.0
1.2430078
0.0
0.0
4.0
1450.2286
6.0
1.6402769
0.0
0.0
4.0
1452.0717
6.0
1.9938463
0.0
0.0
4.0
1454.3119
6.0
2.3085232
0.0
0.0
4.0
1456.9058
6.0
2.5885856
0.0
0.0
4.0
1459.8143
6.0
2.8378413
0.0
0.0
4.0
1463.0029
6.0
2.5256786
0.0
0.0
4.0
1465.8408
6.0
2.247854
0.0
0.0
4.0
1468.3665
6.0
1.46659
0.0
0.0
4.0
1470.0143
6.0
1.3052651
0.0
0.0
4.0
1471.4808
6.0
1.161686
0.0
0.0
4.0
1472.7861
6.0
1.0339005
0.0
0.0
4.0
1473.9479
6.0
0.92017144
0.0
0.0
4.0
1474.9818
6.0
0.81895256
0.0
0.0
4.0
1475.902
7.0
0.72886777
0.0
0.0
4.0
1476.721
7.0
0.6486923
0.0
0.0
4.0
1477.4498
7.0
0.0
0.0
0.0
4.0
1477.4498
7.0
-0.53400004
0.0
0.0
4.0
1476.8499
7.0
-1.00926
0.0
0.0
4.0
1475.7158
7.0
-1.4322414
0.0
0.0
4.0
1474.1066
7.0
-1.8086947
0.0
0.0
4.0
1472.0743
7.0
-2.1437383
0.0
0.0
4.0
1469.6656
7.0
-2.441927
0.0
0.0
4.0
1466.9219
7.0
-2.707315
0.0
0.0
4.0
1463.88
7.0
-2.4095104
0.0
0.0
4.0
1461.1727
7.0
-2.1444643
0.0
0.0
4.0
1458.7632
7.0
-1.3745731
0.0
0.0
4.0
1457.2188
7.0
-0.68937004
0.0
0.0
4.0
1456.4442
7.0
0.0
0.0
0.0
4.0
1456.4442
7.0
0.53400004
0.0
0.0
4.0
1457.0442
7.0
1.00926
0.0
0.0
4.0
1458.1782
7.0
1.4322414
0.0
0.0
4.0
1459.7875
7.0
1.8086947
0.0
0.0
4.0
1461.8197
7.0
2.1437383
0.0
0.0
4.0
1464.2284
7.0
1.907927
0.0
0.0
4.0
1466.3722
7.0
1.698055
0.0
0.0
4.0
1468.2802
7.0
1.511269
0.0
0.0
4.0
1469.9781
7.0
1.8790294
0.0
0.0
4.0
1472.0895
7.0
2.2063363
0.0
0.0
4.0
1474.5685
7.0
2.4976394
0.0
0.0
4.0
1477.3749
7.0
2.756899
0.0
0.0
4.0
1480.4725
8.0
2.9876404
0.0
0.0
4.0
1483.8295
8.0
3.1929998
0.0
0.0
4.0
1487.4171
8.0
3.3757696
0.0
0.0
4.0
1491.2101
8.0
3.5384347
0.0
0.0
4.0
1495.1859
8.0
3.683207
0.0
0.0
4.0
1499.3243
8.0
0.0
0.0
0.0
4.0
1499.0
8.0
0.53400004
0.0
0.0
4.0
1499.6
8.0
1.00926
0.0
0.0
4.0
1500.734
8.0
1.4322414
0.0
0.0
4.0
1502.3433
8.0
1.8086947
0.0
0.0
4.0
1504.3755
8.0
2.1437383
0.0
0.0
4.0
1506.7842
8.0
2.441927
0.0
0.0
4.0
1509.528
8.0
2.707315
0.0
0.0
4.0
1512.5698
8.0
2.9435103
0.0
0.0
4.0
1515.8772
8.0
3.1537242
0.0
0.0
4.0
1519.4207
8.0
3.3408144
0.0
0.0
4.0
1523.1744
8.0
3.507325
0.0
0.0
4.0
1527.1152
8.0
3.6555192
0.0
0.0
4.0
1531.2225
8.0
3.7874122
0.0
0.0
4.0
1535.478
8.0
3.9047966
0.0
0.0
4.0
1539.8655
8.0
4.0092688
0.0
0.0
4.0
1544.3702
8.0
4.102249
0.0
0.0
4.0
1548.9795
8.0
4.1850014
0.0
0.0
4.0
1553.6818
8.0
4.2586513
0.0
0.0
4.0
1558.4668
8.0
4.3241997
0.0
0.0
4.0
1563.3254
8.0
4.3825374
0.0
0.0
4.0
1568.2496
8.0
4.4344583
0.0
0.0
4.0
1573.2322
8.0
4.4806676
0.0
0.0
4.0
1578.2666
8.0
4.521794
0.0
0.0
4.0
1583.3473
8.0
4.5583963
0.0
0.0
4.0
1588.4691
8.0
4.5909724
0.0
0.0
4.0
1593.6276
8.0
4.619965
0.0
0.0
4.0
1598.8185
8.0
4.6457686
0.0
0.0
4.0
1604.0385
8.0
4.668734
0.0
0.0
4.0
1609.2842
8.0
4.689173
0.0
0.0
4.0
1614.5529
8.0
4.707364
0.0
0.0
4.0
1619.842
8.0
4.7235537
0.0
0.0
4.0
1625.1494
8.0
4.7379627
0.0
0.0
4.0
1630.473
8.0
4.750787
0.0
0.0
4.0
1635.811
8.0
3.6942003
0.0
0.0
4.0
1639.9618
8.0
2.753838
0.0
0.0
4.0
1643.056
8.0
2.4509158
0.0
0.0
4.0
1645.8098
8.0
2.181315
0.0
0.0
4.0
1648.2607
8.0
1.9413702
0.0
0.0
4.0
1650.442
8.0
1.7278194
0.0
0.0
4.0
1652.3834
8.0
1.5377593
0.0
0.0
4.0
1654.1112
9.0
1.3686057
0.0
0.0
4.0
1655.6489
9.0
1.2180591
0.0
0.0
4.0
1657.0176
9.0
1.0840726
0.0
0.0
4.0
1658.2356
9.0
0.9648246
0.0
0.0
4.0
1659.3197
9.0
0.8586939
0.0
0.0
4.0
1660.2845
9.0
0.7642376
0.0
0.0
4.0
1661.1432
9.0
0.68017143
0.0
0.0
4.0
1661.9075
9.0
0.6053526
0.0
0.0
4.0
1662.5876
9.0
0.0
0.0
0.0
4.0
1662.5876
9.0
-0.53400004
0.0
0.0
4.0
1661.9877
9.0
-1.00926
0.0
0.0
4.0
1660.8536
9.0
-0.89824146
0.0
0.0
4.0
1659.8444
9.0
-0.7994349
0.0
0.0
4.0
1658.9462
9.0
-0.71149707
0.0
0.0
4.0
1658.1467
9.0
0.0
0.0
0.0
4.0
1658.1467
9.0
0.53400004
0.0
0.0
4.0
1658.7467
9.0
1.00926
0.0
0.0
4.0
1659.8807
9.0
1.4322414
0.0
0.0
4.0
1661.49
9.0
1.8086947
0.0
0.0
4.0
1663.5222
9.0
2.1437383
0.0
0.0
4.0
1665.9309
9.0
2.441927
0.0
0.0
4.0
1668.6747
9.0
2.707315
0.0
0.0
4.0
1671.7166
9.0
2.9435103
0.0
0.0
4.0
1675.0239
9.0
3.1537242
0.0
0.0
4.0
1678.5674
9.0
3.3408144
0.0
0.0
4.0
1682.3212
9.0
3.507325
0.0
0.0
4.0
1686.262
9.0
3.6555192
0.0
0.0
4.0
1690.3693
9.0
3.7874122
0.0
0.0
4.0
1694.6248
9.0
3.9047966
0.0
0.0
4.0
1699.0122
9.0
4.0092688
0.0
0.0
4.0
1703.517
9.0
4.102249
0.0
0.0
4.0
1708.1262
9.0
4.1850014
0.0
0.0
4.0
1712.8285
9.0
4.2586513
0.0
0.0
4.0
1717.6135
9.0
4.3241997
0.0
0.0
4.0
1722.4722
9.0
4.3825374
0.0
0.0
4.0
1727.3964
9.0
4.4344583
0.0
0.0
4.0
1732.3789
9.0
4.4806676
0.0
0.0
4.0
1737.4133
9.0
4.521794
0.0
0.0
4.0
1742.494
9.0
4.5583963
0.0
0.0
4.0
1747.6158
9.0
4.5909724
0.0
0.0
4.0
1752.7743
9.0
4.619965
0.0
0.0
4.0
1757.9652
9.0
4.6457686
0.0
0.0
4.0
1763.1852
9.0
4.668734
0.0
0.0
4.0
1768.4309
9.0
4.689173
0.0
0.0
4.0
1773.6996
9.0
4.707364
0.0
0.0
4.0
1778.9888
9.0
4.7235537
0.0
0.0
4.0
1784.2961
9.0
4.7379627
0.0
0.0
4.0
1789.6198
9.0
4.750787
0.0
0.0
4.0
1794.9578
9.0
4.7622
0.0
0.0
4.0
1800.3086
9.0
4.772358
0.0
0.0
4.0
1805.6708
9.0
4.7813983
0.0
0.0
4.0
1811.0431
9.0
4.7894444
0.0
0.0
4.0
1816.4244
9.0
4.7966056
0.0
0.0
4.0
1821.8138
9.0
4.802979
0.0
0.0
4.0
1827.2104
9.0
4.808651
0.0
0.0
4.0
1832.6134
9.0
4.8136992
0.0
0.0
4.0
1838.0221
9.0
4.818192
0.0
0.0
4.0
1843.4358
9.0
4.8221908
0.0
0.0
4.0
1848.854
9.0
4.8257494
0.0
0.0
4.0
1854.2762
9.0
4.828917
0.0
0.0
4.0
1859.702
9.0
4.831736
0.0
0.0
4.0
1865.131
9.0
4.8342447
0.0
0.0
4.0
1870.5627
9.0
4.8364778
0.0
0.0
4.0
1875.997
9.0
4.838465
0.0
0.0
4.0
1881.4335
9.0
4.840234
0.0
0.0
4.0
1886.872
9.0
4.841808
0.0
0.0
4.0
1892.3121
9.0
4.843209
0.0
0.0
4.0
1897.7539
9.0
4.8444557
0.0
0.0
4.0
1903.1971
9.0
4.8455653
0.0
0.0
4.0
1908.6416
9.0
4.846553
0.0
0.0
4.0
1914.0872
9.0
4.8474317
0.0
0.0
4.0
1919.5337
9.0
4.848214
0.0
0.0
4.0
1924.9811
9.0
4.8489103
0.0
0.0
4.0
1930.4293
9.0
4.84953
0.0
0.0
4.0
1935.8782
9.0
4.316082
0.0
0.0
4.0
1940.7277
9.0
3.307313
0.0
0.0
4.0
1944.4437
9.0
2.9435084
0.0
0.0
4.0
1947.7511
9.0
2.6197224
0.0
0.0
4.0
1950.6946
9.0
2.331553
0.0
0.0
4.0
1953.3143
9.0
1.5410821
0.0
0.0
4.0
1955.0459
9.0
0.8375631
0.0
0.0
4.0
1955.9869
9.0
0.0
0.0
0.0
4.0
1955.9869
10.0
-0.53400004
0.0
0.0
4.0
1955.387
10.0
-0.47526002
0.0
0.0
4.0
1954.8529
10.0
0.0
0.0
0.0
4.0
1954.8529
10.0
0.0
0.0
0.0
4.0
1954.8529
10.0
0.0
0.0
0.0
4.0
1954.8529
10.0
0.53400004
0.0
0.0
4.0
1955.4529
10.0
0.47526002
0.0
0.0
4.0
1955.9869
10.0
0.0
0.0
0.0
4.0
1955.9869
10.0
0.0
0.0
0.0
4.0
1955.9869
11.0
-0.53400004
0.0
0.0
4.0
1955.387
11.0
-1.00926
0.0
0.0
4.0
1954.2529
11.0
-1.4322414
0.0
0.0
4.0
1952.6437
11.0
-1.8086947
0.0
0.0
4.0
1950.6115
11.0
-2.1437383
0.0
0.0
4.0
1948.2028
11.0
-2.441927
0.0
0.0
4.0
1945.459
11.0
-2.707315
0.0
0.0
4.0
1942.4171
11.0
-2.9435103
0.0
0.0
4.0
1939.1097
11.0
-2.619724
0.0
0.0
4.0
1936.1663
11.0
-2.3315544
0.0
0.0
4.0
1933.5465
11.0
-2.0750835
0.0
0.0
4.0
1931.215
11.0
-1.3128242
0.0
0.0
4.0
1929.7399
11.0
-0.63441354
0.0
0.0
4.0
1929.0271
11.0
0.0
0.0
0.0
4.0
1929.0271
11.0
0.53400004
0.0
0.0
4.0
1929.6271
11.0
1.00926
0.0
0.0
4.0
1930.7611
11.0
1.4322414
0.0
0.0
4.0
1932.3704
11.0
1.8086947
0.0
0.0
4.0
1934.4026
11.0
2.1437383
0.0
0.0
4.0
1936.8113
11.0
1.907927
0.0
0.0
4.0
1938.9551
11.0
1.698055
0.0
0.0
4.0
1940.863
11.0
1.511269
0.0
0.0
4.0
1942.561
11.0
1.3450294
0.0
0.0
4.0
1944.0723
11.0
1.1970761
0.0
0.0
4.0
1945.4172
11.0
1.0653977
0.0
0.0
4.0
1946.6143
11.0
0.948204
0.0
0.0
4.0
1947.6797
12.0
0.8439015
0.0
0.0
4.0
1948.6279
12.0
0.75107235
0.0
0.0
4.0
1949.4718
12.0
0.0
0.0
0.0
4.0
1949.4718
12.0
-0.53400004
0.0
0.0
4.0
1948.8718
12.0
-1.00926
0.0
0.0
4.0
1947.7378
12.0
-1.4322414
0.0
0.0
4.0
1946.1285
12.0
-1.8086947
0.0
0.0
4.0
1944.0963
12.0
-2.1437383
0.0
0.0
4.0
1941.6876
12.0
-2.441927
0.0
0.0
4.0
1938.9438
12.0
-2.173315
0.0
0.0
4.0
1936.502
12.0
-1.4002503
0.0
0.0
4.0
1934.9286
12.0
-0.71222275
0.0
0.0
4.0
1934.1283
12.0
0.0
0.0
0.0
4.0
1934.1283
12.0
0.53400004
0.0
0.0
4.0
1934.7283
12.0
1.00926
0.0
0.0
4.0
1935.8623
12.0
1.4322414
0.0
0.0
4.0
1937.4716
12.0
1.8086947
0.0
0.0
4.0
1939.5038
12.0
1.6097382
0.0
0.0
4.0
1941.3125
12.0
1.432667
0.0
0.0
4.0
1942.9222
12.0
1.2750736
0.0
0.0
4.0
1944.3549
12.0
1.1348156
0.0
0.0
4.0
1945.6299
12.0
1.0099858
0.0
0.0
4.0
1946.7646
12.0
0.89888734
0.0
0.0
4.0
1947.7747
12.0
0.8000097
0.0
0.0
4.0
1948.6736
13.0
0.71200866
0.0
0.0
4.0
1949.4736
13.0
0.6336877
0.0
0.0
4.0
1950.1857
13.0
1.0979819
0.0
0.0
4.0
1951.4193
13.0
1.5112039
0.0
0.0
4.0
1953.1173
13.0
1.8789715
0.0
0.0
4.0
1955.2285
13.0
2.2062845
0.0
0.0
4.0
1957.7075
13.0
2.4975932
0.0
0.0
4.0
1960.5138
13.0
2.756858
0.0
0.0
4.0
1963.6113
13.0
2.987604
0.0
0.0
4.0
1966.9681
13.0
3.1929677
0.0
0.0
4.0
1970.5558
13.0
3.3757412
0.0
0.0
4.0
1974.3488
13.0
3.5384097
0.0
0.0
4.0
1978.3245
13.0
3.6831844
0.0
0.0
4.0
1982.4629
13.0
3.8120341
0.0
0.0
4.0
1986.7461
13.0
3.9267101
0.0
0.0
4.0
1991.1581
13.0
4.028772
0.0
0.0
4.0
1995.6848
13.0
4.119607
0.0
0.0
4.0
2000.3136
13.0
4.20045
0.0
0.0
4.0
2005.0332
13.0
4.2724004
0.0
0.0
4.0
2009.8336
13.0
4.3364363
0.0
0.0
4.0
2014.706
13.0
4.3934283
0.0
0.0
4.0
2019.6425
13.0
4.444151
0.0
0.0
4.0
2024.6359
13.0
4.489294
0.0
0.0
4.0
2029.68
13.0
4.5294714
0.0
0.0
4.0
2034.7693
13.0
4.5652294
0.0
0.0
4.0
2039.8988
13.0
4.597054
0.0
0.0
4.0
2045.0641
13.0
4.625378
0.0
0.0
4.0
2050.2612
13.0
4.6505866
0.0
0.0
4.0
2055.4866
13.0
4.673022
0.0
0.0
4.0
2060.737
13.0
4.6929893
0.0
0.0
4.0
2066.01
13.0
4.7107606
0.0
0.0
4.0
2071.303
13.0
4.726577
0.0
0.0
4.0
2076.6138
13.0
4.740653
0.0
0.0
4.0
2081.9404
13.0
4.753181
0.0
0.0
4.0
2087.281
13.0
4.764331
0.0
0.0
4.0
2092.6343
13.0
4.7742543
0.0
0.0
4.0
2097.9985
13.0
4.7830863
0.0
0.0
4.0
2103.3728
13.0
4.7909465
0.0
0.0
4.0
2108.7559
13.0
4.797942
0.0
0.0
4.0
2114.1467
13.0
4.804168
0.0
0.0
4.0
2119.5447
13.0
4.8097095
0.0
0.0
4.0
2124.9487
13.0
4.8146415
0.0
0.0
4.0
2130.3584
13.0
4.819031
0.0
0.0
4.0
2135.773
13.0
4.822937
0.0
0.0
4.0
2141.192
13.0
4.8264136
0.0
0.0
4.0
2146.6147
13.0
4.829508
0.0
0.0
4.0
2152.0413
13.0
4.832262
0.0
0.0
4.0
2157.4707
13.0
4.834713
0.0
0.0
4.0
2162.903
13.0
4.8368945
0.0
0.0
4.0
2168.338
13.0
4.8388357
0.0
0.0
4.0
2173.775
13.0
4.840564
0.0
0.0
4.0
2179.2136
13.0
4.8421016
0.0
0.0
4.0
2184.6543
13.0
0.0
0.0
0.0
4.0
2187.0
13.0
0.53400004
0.0
0.0
4.0
2187.6
13.0
0.0
0.0
0.0
4.0
2187.0
13.0
0.0
0.0
0.0
4.0
2187.0
13.0
0.0
0.0
0.0
4.0
2187.0
13.0
0.0
0.0
0.0
4.0
2187.0
13.0
0.0
0.0
0.0
4.0
2187.0
13.0
0.0
0.0
0.0
4.0
2187.0
13.0
0.53400004
0.0
0.0
4.0
2187.6
13.0
1.00926
0.0
0.0
4.0
2188.7341
13.0
1.4322414
0.0
0.0
4.0
2190.3435
13.0
1.2746949
0.0
0.0
4.0
2191.7756
13.0
1.1344784
0.0
0.0
4.0
2193.0503
13.0
1.0096858
0.0
0.0
4.0
2194.1848
13.0
0.8986203
0.0
0.0
4.0
2195.1946
13.0
0.7997721
0.0
0.0
4.0
2196.0933
13.0
0.7117971
0.0
0.0
4.0
2196.893
13.0
1.1674994
0.0
0.0
4.0
2198.2048
13.0
1.5730745
0.0
0.0
4.0
2199.9724
13.0
1.9340363
0.0
0.0
4.0
2202.1455
13.0
2.2552922
0.0
0.0
4.0
2204.6794
13.0
2.5412102
0.0
0.0
4.0
2207.5347
13.0
2.795677
0.0
0.0
4.0
2210.6758
13.0
3.0221527
0.0
0.0
4.0
2214.0715
13.0
3.223716
0.0
0.0
4.0
2217.6936
13.0
3.4031074
0.0
0.0
4.0
2221.5173
13.0
3.5627656
0.0
0.0
4.0
2225.5205
13.0
3.7048612
0.0
0.0
4.0
2229.6833
13.0
3.8313262
0.0
0.0
4.0
2233.9883
13.0
3.9438803
0.0
0.0
4.0
2238.4197
13.0
4.0440536
0.0
0.0
4.0
2242.9636
13.0
4.1332073
0.0
0.0
4.0
2247.6077
13.0
4.2125545
0.0
0.0
4.0
2252.3408
13.0
4.283173
0.0
0.0
4.0
2257.1533
13.0
4.346024
0.0
0.0
4.0
2262.0364
13.0
4.4019613
0.0
0.0
4.0
2266.9824
13.0
4.4517455
0.0
0.0
4.0
2271.9844
13.0
4.496053
0.0
0.0
4.0
2277.0361
13.0
4.535487
0.0
0.0
4.0
2282.132
13.0
4.5705833
0.0
0.0
4.0
2287.2676
13.0
4.601819
0.0
0.0
4.0
2292.4382
13.0
4.6296186
0.0
0.0
4.0
2297.6401
13.0
4.6543603
0.0
0.0
4.0
2302.8699
13.0
4.6763806
0.0
0.0
4.0
2308.1243
13.0
4.6959786
0.0
0.0
4.0
2313.4006
13.0
4.713421
0.0
0.0
4.0
2318.6965
13.0
4.7289443
0.0
0.0
4.0
2324.01
13.0
4.74276
0.0
0.0
4.0
2329.3389
13.0
4.7550564
0.0
0.0
4.0
2334.6816
13.0
4.766
0.0
0.0
4.0
2340.0366
13.0
4.7757397
0.0
0.0
4.0
2345.4026
13.0
4.784408
0.0
0.0
4.0
2350.7783
13.0
4.792123
0.0
0.0
4.0
2356.1628
13.0
4.7989893
0.0
0.0
4.0
2361.555
13.0
4.8051004
0.0
0.0
4.0
2366.9539
13.0
4.8105392
0.0
0.0
4.0
2372.359
13.0
4.8153796
0.0
0.0
4.0
2377.7695
13.0
4.819688
0.0
0.0
4.0
2383.1848
13.0
4.823522
0.0
0.0
4.0
2388.6045
13.0
4.8269343
0.0
0.0
4.0
2394.028
13.0
4.8299713
0.0
0.0
4.0
2399.455
13.0
4.2986746
0.0
0.0
4.0
2404.2852
13.0
3.8258202
0.0
0.0
4.0
2408.5837
13.0
0.0
0.0
0.0
4.0
2411.0
13.0
0.0
0.0
0.0
4.0
2411.0
13.0
0.0
0.0
0.0
4.0
2411.0
13.0
0.0
0.0
0.0
4.0
2411.0
13.0
0.0
0.0
0.0
4.0
2411.0
13.0
0.0
0.0
0.0
4.0
2411.0
13.0
0.0
0.0
0.0
4.0
2411.0
13.0
0.0
0.0
0.0
4.0
2411.0
13.0
0.53400004
0.0
0.0
4.0
2411.6
13.0
1.00926
0.0
0.0
4.0
2412.7341
13.0
1.4322414
0.0
0.0
4.0
2414.3435
13.0
1.2746949
0.0
0.0
4.0
2415.7756
13.0
1.1344784
0.0
0.0
4.0
2417.0503
13.0
1.0096858
0.0
0.0
4.0
2418.1848
13.0
0.8986203
0.0
0.0
4.0
2419.1946
13.0
1.3337721
0.0
0.0
4.0
2420.693
13.0
1.7210572
0.0
0.0
4.0
2422.627
13.0
2.065741
0.0
0.0
4.0
2424.948
13.0
2.3725095
0.0
0.0
4.0
2427.6138
13.0
2.6455333
0.0
0.0
4.0
2430.5862
13.0
2.8885248
0.0
0.0
4.0
2433.8318
13.0
3.104787
0.0
0.0
4.0
2437.3203
13.0
3.2972605
0.0
0.0
4.0
2441.0251
13.0
3.468562
0.0
0.0
4.0
2444.9224
13.0
3.62102
0.0
0.0
4.0
2448.991
13.0
3.756708
0.0
0.0
4.0
2453.212
13.0
3.87747
0.0
0.0
4.0
2457.5686
13.0
3.9849482
0.0
0.0
4.0
2462.0461
13.0
4.0806036
0.0
0.0
4.0
2466.631
13.0
4.165737
0.0
0.0
4.0
2471.3118
13.0
4.241506
0.0
0.0
4.0
2476.0774
13.0
4.3089404
0.0
0.0
4.0
2480.919
13.0
4.368957
0.0
0.0
4.0
2485.828
13.0
4.4223714
0.0
0.0
4.0
2490.7969
13.0
4.46991
0.0
0.0
4.0
2495.8193
13.0
4.51222
0.0
0.0
4.0
2500.8892
13.0
4.5498757
0.0
0.0
4.0
2506.0015
13.0
4.5833893
0.0
0.0
4.0
2511.1514
13.0
4.6132164
0.0
0.0
4.0
2516.3347
13.0
4.6397624
0.0
0.0
4.0
2521.5479
13.0
4.6633883
0.0
0.0
4.0
2526.7876
13.0
4.6844153
0.0
0.0
4.0
2532.051
13.0
4.7031293
0.0
0.0
4.0
2537.3354
13.0
4.7197847
0.0
0.0
4.0
2542.6387
13.0
4.734608
0.0
0.0
4.0
2547.9585
13.0
4.7478013
0.0
0.0
4.0
2553.2932
13.0
4.759543
0.0
0.0
4.0
2558.641
13.0
4.769993
0.0
0.0
4.0
2564.0007
13.0
4.7792935
0.0
0.0
4.0
2569.3706
13.0
4.787571
0.0
0.0
4.0
2574.75
13.0
4.794938
0.0
0.0
4.0
2580.1375
13.0
4.8014946
0.0
0.0
4.0
2585.5325
13.0
4.80733
0.0
0.0
4.0
2590.934
13.0
4.812524
0.0
0.0
4.0
2596.3413
13.0
4.817146
0.0
0.0
4.0
2601.754
13.0
0.0
0.0
0.0
4.0
2603.0
13.0
0.53400004
0.0
0.0
4.0
2603.6
13.0
1.00926
0.0
0.0
4.0
2604.7341
13.0
1.4322414
0.0
0.0
4.0
2606.3435
13.0
1.8086947
0.0
0.0
4.0
2608.3757
13.0
2.1437383
0.0
0.0
4.0
2610.7844
13.0
1.907927
0.0
0.0
4.0
2612.9282
13.0
1.698055
0.0
0.0
4.0
2614.8362
13.0
2.045269
0.0
0.0
4.0
2617.1343
13.0
2.3542893
0.0
0.0
4.0
2619.7795
13.0
2.6293175
0.0
0.0
4.0
2622.734
13.0
2.8740926
0.0
0.0
4.0
2625.9631
13.0
3.0919423
0.0
0.0
4.0
2629.4373
13.0
3.2858286
0.0
0.0
4.0
2633.1292
13.0
3.4583874
0.0
0.0
4.0
2637.015
13.0
3.6119647
0.0
0.0
4.0
2641.0732
13.0
3.7486484
0.0
0.0
4.0
2645.2852
13.0
3.8702972
0.0
0.0
4.0
2649.6338
13.0
3.9785645
0.0
0.0
4.0
2654.104
13.0
4.0749226
0.0
0.0
4.0
2658.6826
13.0
4.160681
0.0
0.0
4.0
2663.3574
13.0
4.2370057
0.0
0.0
4.0
2668.1182
13.0
4.304935
0.0
0.0
4.0
2672.955
13.0
4.365392
0.0
0.0
4.0
2677.86
13.0
3.885199
0.0
0.0
4.0
2682.2256
13.0
2.9238272
0.0
0.0
4.0
2685.5107
13.0
2.0682063
0.0
0.0
4.0
2687.8345
13.0
1.3067036
0.0
0.0
4.0
2689.3027
13.0
0.62896615
0.0
0.0
4.0
2690.0095
13.0
0.5597799
0.0
0.0
4.0
2690.6384
13.0
0.49820408
0.0
0.0
4.0
2691.1982
13.0
0.0
0.0
0.0
4.0
2691.1982
13.0
0.0
0.0
0.0
4.0
2691.1982
13.0
0.0
0.0
0.0
4.0
2691.1982
13.0
0.53400004
0.0
0.0
4.0
2691.7983
13.0
1.00926
0.0
0.0
4.0
2692.9324
13.0
1.4322414
0.0
0.0
4.0
2694.5417
13.0
1.8086947
0.0
0.0
4.0
2696.574
13.0
2.1437383
0.0
0.0
4.0
2698.9827
13.0
2.441927
0.0
0.0
4.0
2701.7263
13.0
2.707315
0.0
0.0
4.0
2704.7683
13.0
2.9435103
0.0
0.0
4.0
2708.0757
13.0
3.1537242
0.0
0.0
4.0
2711.6191
13.0
3.3408144
0.0
0.0
4.0
2715.3728
13.0
3.507325
0.0
0.0
4.0
2719.3137
13.0
3.6555192
0.0
0.0
4.0
2723.4211
13.0
3.7874122
0.0
0.0
4.0
2727.6768
14.0
3.9047966
0.0
0.0
4.0
2732.0642
14.0
4.0092688
0.0
0.0
4.0
2736.569
14.0
4.102249
0.0
0.0
4.0
2741.1785
14.0
4.1850014
0.0
0.0
4.0
2745.8806
14.0
4.2586513
0.0
0.0
4.0
2750.6655
14.0
4.3241997
0.0
0.0
4.0
2755.5242
14.0
4.3825374
0.0
0.0
4.0
2760.4485
15.0
4.4344583
0.0
0.0
4.0
2765.431
15.0
4.4806676
0.0
0.0
4.0
2770.4653
15.0
4.521794
0.0
0.0
4.0
2775.546
15.0
4.5583963
0.0
0.0
4.0
2780.6677
15.0
4.5909724
0.0
0.0
4.0
2785.8262
15.0
4.619965
0.0
0.0
4.0
2791.017
15.0
4.6457686
0.0
0.0
4.0
2796.237
15.0
4.668734
0.0
0.0
4.0
2801.483
15.0
4.689173
0.0
0.0
4.0
2806.7517
15.0
4.707364
0.0
0.0
4.0
2812.0408
15.0
4.7235537
0.0
0.0
4.0
2817.3481
15.0
4.7379627
0.0
0.0
4.0
2822.6716
15.0
4.750787
0.0
0.0
4.0
2828.0095
15.0
4.7622
0.0
0.0
4.0
2833.3604
15.0
4.772358
0.0
0.0
4.0
2838.7227
15.0
4.7813983
0.0
0.0
4.0
2844.095
15.0
4.7894444
0.0
0.0
4.0
2849.4763
15.0
4.7966056
0.0
0.0
4.0
2854.8657
15.0
4.802979
0.0
0.0
4.0
2860.2622
15.0
4.808651
0.0
0.0
4.0
2865.6653
15.0
4.8136992
0.0
0.0
4.0
2871.074
15.0
4.818192
0.0
0.0
4.0
2876.4878
15.0
4.8221908
0.0
0.0
4.0
2881.906
15.0
4.8257494
0.0
0.0
4.0
2887.3281
15.0
4.828917
0.0
0.0
4.0
2892.754
15.0
4.831736
0.0
0.0
4.0
2898.1829
15.0
4.8342447
0.0
0.0
4.0
2903.6145
15.0
0.0
0.0
0.0
4.0
2907.0
15.0
0.53400004
0.0
0.0
4.0
2907.6
15.0
0.0
0.0
0.0
4.0
2907.0
15.0
0.53400004
0.0
0.0
4.0
2907.6
15.0
0.0
0.0
0.0
4.0
2907.0
15.0
0.53400004
0.0
0.0
4.0
2907.6
15.0
0.0
0.0
0.0
4.0
2907.0
15.0
0.53400004
0.0
0.0
4.0
2907.6
15.0
0.0
0.0
0.0
4.0
2907.0
15.0
0.53400004
0.0
0.0
4.0
2907.6
15.0
0.0
0.0
0.0
4.0
2907.0
15.0
0.53400004
0.0
0.0
4.0
2907.6
15.0
1.00926
0.0
0.0
4.0
2908.7341
15.0
1.4322414
0.0
0.0
4.0
2910.3435
15.0
1.8086947
0.0
0.0
4.0
2912.3757
15.0
2.1437383
0.0
0.0
4.0
2914.7844
15.0
2.441927
0.0
0.0
4.0
2917.528
15.0
2.707315
0.0
0.0
4.0
2920.57
15.0
2.9435103
0.0
0.0
4.0
2923.8774
15.0
3.1537242
0.0
0.0
4.0
2927.421
15.0
3.3408144
0.0
0.0
4.0
2931.1746
15.0
3.507325
0.0
0.0
4.0
2935.1155
15.0
3.6555192
0.0
0.0
4.0
2939.223
15.0
0.0
0.0
0.0
4.0
2939.0
15.0
0.53400004
0.0
0.0
4.0
2939.6
15.0
0.0
0.0
0.0
4.0
2939.0
15.0
0.53400004
0.0
0.0
4.0
2939.6
15.0
1.00926
0.0
0.0
4.0
2940.7341
15.0
1.4322414
0.0
0.0
4.0
2942.3435
15.0
1.8086947
0.0
0.0
4.0
2944.3757
15.0
2.1437383
0.0
0.0
4.0
2946.7844
15.0
2.441927
0.0
0.0
4.0
2949.528
15.0
2.707315
0.0
0.0
4.0
2952.57
15.0
2.9435103
0.0
0.0
4.0
2955.8774
15.0
3.1537242
0.0
0.0
4.0
2959.421
15.0
3.3408144
0.0
0.0
4.0
2963.1746
15.0
3.507325
0.0
0.0
4.0
2967.1155
15.0
3.6555192
0.0
0.0
4.0
2971.223
15.0
0.0
0.0
0.0
4.0
2971.0
15.0
0.53400004
0.0
0.0
4.0
2971.6
15.0
0.0
0.0
0.0
4.0
2971.0
15.0
0.53400004
0.0
0.0
4.0
2971.6
15.0
0.0
0.0
0.0
4.0
2971.0
15.0
0.53400004
0.0
0.0
4.0
2971.6
15.0
1.00926
0.0
0.0
4.0
2972.7341
15.0
1.4322414
0.0
0.0
4.0
2974.3435
15.0
1.8086947
0.0
0.0
4.0
2976.3757
15.0
2.1437383
0.0
0.0
4.0
2978.7844
15.0
2.441927
0.0
0.0
4.0
2981.528
15.0
2.707315
0.0
0.0
4.0
2984.57
15.0
2.9435103
0.0
0.0
4.0
2987.8774
15.0
3.1537242
0.0
0.0
4.0
2991.421
15.0
3.3408144
0.0
0.0
4.0
2995.1746
15.0
3.507325
0.0
0.0
4.0
2999.1155
15.0
3.6555192
0.0
0.0
4.0
3003.223
15.0
0.0
0.0
0.0
4.0
3003.0
15.0
0.53400004
0.0
0.0
4.0
3003.6
15.0
0.0
0.0
0.0
4.0
3003.0
15.0
0.53400004
0.0
0.0
4.0
3003.6
15.0
1.00926
0.0
0.0
4.0
3004.7341
15.0
1.4322414
0.0
0.0
4.0
3006.3435
15.0
1.8086947
0.0
0.0
4.0
3008.3757
15.0
2.1437383
0.0
0.0
4.0
3010.7844
15.0
2.441927
0.0
0.0
4.0
3013.528
15.0
2.707315
0.0
0.0
4.0
3016.57
15.0
2.9435103
0.0
0.0
4.0
3019.8774
15.0
3.1537242
0.0
0.0
4.0
3023.421
15.0
3.3408144
0.0
0.0
4.0
3027.1746
15.0
3.507325
0.0
0.0
4.0
3031.1155
15.0
3.6555192
0.0
0.0
4.0
3035.223
15.0
3.7874122
0.0
0.0
4.0
3039.4785
15.0
3.9047966
0.0
0.0
4.0
3043.866
15.0
4.0092688
0.0
0.0
4.0
3048.3708
15.0
4.102249
0.0
0.0
4.0
3052.9802
15.0
4.1850014
0.0
0.0
4.0
3057.6824
15.0
4.2586513
0.0
0.0
4.0
3062.4673
15.0
4.3241997
0.0
0.0
4.0
3067.326
15.0
4.3825374
0.0
0.0
4.0
3072.2502
15.0
4.4344583
0.0
0.0
4.0
3077.2327
15.0
4.4806676
0.0
0.0
4.0
3082.267
15.0
4.521794
0.0
0.0
4.0
3087.3477
15.0
4.5583963
0.0
0.0
4.0
3092.4695
15.0
4.5909724
0.0
0.0
4.0
3097.628
15.0
4.619965
0.0
0.0
4.0
3102.8188
15.0
4.6457686
0.0
0.0
4.0
3108.0388
15.0
4.668734
0.0
0.0
4.0
3113.2847
15.0
4.689173
0.0
0.0
4.0
3118.5535
15.0
4.707364
0.0
0.0
4.0
3123.8425
15.0
4.7235537
0.0
0.0
4.0
3129.15
15.0
4.7379627
0.0
0.0
4.0
3134.4734
15.0
4.750787
0.0
0.0
4.0
3139.8113
15.0
4.7622
0.0
0.0
4.0
3145.162
15.0
4.772358
0.0
0.0
4.0
3150.5244
15.0
4.7813983
0.0
0.0
4.0
3155.8967
15.0
4.7894444
0.0
0.0
4.0
3161.278
15.0
4.7966056
0.0
0.0
4.0
3166.6675
15.0
0.0
0.0
0.0
4.0
3168.0
15.0
