946, 6
0.0
0.0
0.0
4.0
56.0
0.0
0.0
0.0
0.0
4.0
56.0
0.0
0.0
0.0
0.0
4.0
56.0
0.0
0.0
0.0
0.0
4.0
56.0
0.0
0.0
0.0
0.0
4.0
56.0
0.0
0.0
0.0
0.0
4.0
56.0
0.0
0.0
0.0
0.0
4.0
56.0
0.0
0.0
0.0
0.0
4.0
56.0
0.0
0.53400004
0.0
0.0
4.0
56.6
0.0
1.00926
0.0
0.0
4.0
57.733997
0.0
1.4322414
0.0
0.0
4.0
59.343258
0.0
1.8086947
0.0
0.0
4.0
61.3755
0.0
2.1437383
0.0
0.0
4.0
63.784195
0.0
2.441927
0.0
0.0
4.0
66.52793
0.0
2.707315
0.0
0.0
4.0
69.569855
0.0
2.9435103
0.0
0.0
4.0
72.87717
0.0
3.1537242
0.0
0.0
4.0
76.42068
0.0
3.3408144
0.0
0.0
4.0
80.1744
0.0
3.507325
0.0
0.0
4.0
84.11521
0.0
3.6555192
0.0
0.0
4.0
88.222534
0.0
3.7874122
0.0
0.0
4.0
92.47805
0.0
3.9047966
0.0
0.0
4.0
96.86546
0.0
4.0092688
0.0
0.0
4.0
101.37026
0.0
4.102249
0.0
0.0
4.0
105.97953
0.0
4.1850014
0.0
0.0
4.0
110.68178
0.0
4.2586513
0.0
0.0
4.0
115.46678
0.0
4.3241997
0.0
0.0
4.0
120.32543
0.0
4.3825374
0.0
0.0
4.0
125.24963
0.0
4.4344583
0.0
0.0
4.0
130.23218
0.0
4.4806676
0.0
0.0
4.0
135.26663
0.0
4.521794
0.0
0.0
4.0
140.3473
0.0
4.5583963
0.0
0.0
4.0
145.4691
0.0
4.5909724
0.0
0.0
4.0
150.6275
0.0
4.619965
0.0
0.0
4.0
155.81848
0.0
4.6457686
0.0
0.0
4.0
161.03845
0.0
4.668734
0.0
0.0
4.0
166.28423
0.0
4.689173
0.0
0.0
4.0
171.55296
0.0
4.707364
0.0
0.0
4.0
176.84213
0.0
4.7235537
0.0
0.0
4.0
182.14949
0.0
4.7379627
0.0
0.0
4.0
187.47304
0.0
4.750787
0.0
0.0
4.0
192.811
0.0
4.7622
0.0
0.0
4.0
198.16179
0.0
4.772358
0.0
0.0
4.0
203.52399
0.0
4.7813983
0.0
0.0
4.0
208.89635
0.0
4.7894444
0.0
0.0
4.0
214.27774
0.0
4.7966056
0.0
0.0
4.0
219.66719
0.0
4.802979
0.0
0.0
4.0
225.0638
0.0
4.808651
0.0
0.0
4.0
230.46678
0.0
4.8136992
0.0
0.0
4.0
235.87543
0.0
4.818192
0.0
0.0
4.0
241.28912
0.0
4.8221908
0.0
0.0
4.0
246.70732
0.0
4.8257494
0.0
0.0
4.0
252.12952
0.0
4.828917
0.0
0.0
4.0
257.55527
0.0
4.831736
0.0
0.0
4.0
262.9842
0.0
4.8342447
0.0
0.0
4.0
268.41592
0.0
4.8364778
0.0
0.0
4.0
273.85016
0.0
4.838465
0.0
0.0
4.0
279.28662
0.0
4.306234
0.0
0.0
4.0
284.1251
0.0
3.8325481
0.0
0.0
4.0
288.43134
0.0
2.876968
0.0
0.0
4.0
291.66388
0.0
2.0265014
0.0
0.0
4.0
293.94086
0.0
1.8035862
0.0
0.0
4.0
295.96735
0.0
1.6051917
0.0
0.0
4.0
297.77094
0.0
1.4286206
0.0
0.0
4.0
299.37613
0.0
1.2714723
0.0
0.0
4.0
300.80475
1.0
1.1316104
0.0
0.0
4.0
302.07623
1.0
1.0071332
0.0
0.0
4.0
303.20786
1.0
0.8963486
0.0
0.0
4.0
304.215
1.0
1.3317503
0.0
0.0
4.0
305.71133
1.0
1.7192577
0.0
0.0
4.0
307.6431
1.0
2.0641394
0.0
0.0
4.0
309.96234
1.0
2.371084
0.0
0.0
4.0
312.6265
1.0
2.644265
0.0
0.0
4.0
315.59756
1.0
2.8873959
0.0
0.0
4.0
318.84183
1.0
3.1037822
0.0
0.0
4.0
322.32922
1.0
3.296366
0.0
0.0
4.0
326.03302
1.0
3.4677658
0.0
0.0
4.0
329.92938
1.0
3.6203115
0.0
0.0
4.0
333.99716
1.0
3.7560773
0.0
0.0
4.0
338.21747
1.0
3.8769085
0.0
0.0
4.0
342.57355
1.0
3.9844487
0.0
0.0
4.0
347.05045
1.0
4.080159
0.0
0.0
4.0
351.6349
1.0
4.1653414
0.0
0.0
4.0
356.31503
1.0
4.2411537
0.0
0.0
4.0
361.08038
1.0
4.3086267
0.0
0.0
4.0
365.92154
1.0
4.3686776
0.0
0.0
4.0
370.83017
1.0
4.422123
0.0
0.0
4.0
375.79886
1.0
4.4696894
0.0
0.0
4.0
380.82098
1.0
4.5120234
0.0
0.0
4.0
385.8907
1.0
4.5497007
0.0
0.0
4.0
391.00272
1.0
4.5832334
0.0
0.0
4.0
396.1524
1.0
4.6130776
0.0
0.0
4.0
401.33563
1.0
4.639639
0.0
0.0
4.0
406.5487
1.0
4.6632786
0.0
0.0
4.0
411.78833
1.0
4.6843176
0.0
0.0
4.0
417.0516
1.0
4.7030425
0.0
0.0
4.0
422.33594
1.0
4.7197075
0.0
0.0
4.0
427.63898
1.0
4.7345395
0.0
0.0
4.0
432.95868
1.0
4.74774
0.0
0.0
4.0
438.2932
1.0
4.759488
0.0
0.0
4.0
443.64096
1.0
4.769944
0.0
0.0
4.0
449.00046
1.0
4.77925
0.0
0.0
4.0
454.3704
1.0
4.7875323
0.0
0.0
4.0
459.74963
1.0
4.7949038
0.0
0.0
4.0
465.13718
1.0
4.801464
0.0
0.0
4.0
470.53207
1.0
4.807303
0.0
0.0
4.0
475.93353
1.0
4.8124995
0.0
0.0
4.0
481.34082
1.0
4.8171244
0.0
0.0
4.0
486.75333
1.0
4.8212404
0.0
0.0
4.0
492.17044
1.0
4.824904
0.0
0.0
4.0
497.59167
1.0
4.8281646
0.0
0.0
4.0
503.01657
1.0
4.831066
0.0
0.0
4.0
508.44473
1.0
4.8336487
0.0
0.0
4.0
513.8758
1.0
4.835947
0.0
0.0
4.0
519.30945
1.0
4.8379927
0.0
0.0
4.0
524.7454
1.0
4.839813
0.0
0.0
4.0
530.1834
1.0
4.8414335
0.0
0.0
4.0
535.6232
1.0
4.8428755
0.0
0.0
4.0
541.06464
1.0
4.844159
0.0
0.0
4.0
546.5075
1.0
4.8453016
0.0
0.0
4.0
551.95166
1.0
4.8463182
0.0
0.0
4.0
557.397
1.0
4.8472233
0.0
0.0
4.0
562.84326
1.0
4.8480287
0.0
0.0
4.0
568.29047
1.0
4.8487453
0.0
0.0
4.0
573.7385
1.0
4.8493834
0.0
0.0
4.0
579.18726
1.0
4.849951
0.0
0.0
4.0
584.63666
1.0
4.850456
0.0
0.0
4.0
590.0866
1.0
4.850906
0.0
0.0
4.0
595.53705
1.0
4.851306
0.0
0.0
4.0
600.988
1.0
4.851662
0.0
0.0
4.0
606.4393
1.0
4.8519793
0.0
0.0
4.0
611.8909
1.0
4.8522615
0.0
0.0
4.0
617.3429
1.0
4.852513
0.0
0.0
4.0
622.79517
1.0
4.8527365
0.0
0.0
4.0
628.2477
1.0
4.8529353
0.0
0.0
4.0
633.70044
1.0
4.853112
0.0
0.0
4.0
639.1534
1.0
4.8532696
0.0
0.0
4.0
644.6065
1.0
4.85341
0.0
0.0
4.0
650.05975
1.0
4.8535347
0.0
0.0
4.0
655.5132
1.0
4.853646
0.0
0.0
4.0
660.96674
2.0
4.8537445
0.0
0.0
4.0
666.4204
2.0
4.8538322
0.0
0.0
4.0
671.87415
2.0
4.8539104
0.0
0.0
4.0
677.328
2.0
4.85398
0.0
0.0
4.0
682.7819
2.0
4.854042
0.0
0.0
4.0
688.2359
2.0
4.8540974
0.0
0.0
4.0
693.68994
2.0
4.8541465
0.0
0.0
4.0
699.14404
2.0
4.8541903
0.0
0.0
4.0
704.5982
2.0
4.8542295
0.0
0.0
4.0
710.05237
2.0
3.7862642
0.0
0.0
4.0
714.3066
2.0
2.835775
0.0
0.0
4.0
717.49286
2.0
1.9898397
0.0
0.0
4.0
719.72864
2.0
2.3049574
0.0
0.0
4.0
722.3185
2.0
2.585412
0.0
0.0
4.0
725.22345
2.0
2.8350165
0.0
0.0
4.0
728.4089
2.0
3.0571647
0.0
0.0
4.0
731.8439
2.0
0.0
0.0
0.0
4.0
731.0
2.0
0.53400004
0.0
0.0
4.0
731.6
2.0
0.0
0.0
0.0
4.0
731.0
2.0
0.53400004
0.0
0.0
4.0
731.6
2.0
0.0
0.0
0.0
4.0
731.0
2.0
0.53400004
0.0
0.0
4.0
731.6
2.0
1.00926
0.0
0.0
4.0
732.73395
2.0
1.4322414
0.0
0.0
4.0
734.3432
2.0
1.8086947
0.0
0.0
4.0
736.3754
2.0
2.1437383
0.0
0.0
4.0
738.7841
2.0
2.441927
0.0
0.0
4.0
741.52783
2.0
2.707315
0.0
0.0
4.0
744.56976
2.0
2.9435103
0.0
0.0
4.0
747.8771
2.0
3.1537242
0.0
0.0
4.0
751.4206
2.0
3.3408144
0.0
0.0
4.0
755.1743
2.0
3.507325
0.0
0.0
4.0
759.1151
2.0
3.6555192
0.0
0.0
4.0
763.2224
2.0
3.7874122
0.0
0.0
4.0
767.4779
2.0
3.9047966
0.0
0.0
4.0
771.8653
2.0
4.0092688
0.0
0.0
4.0
776.3701
2.0
4.102249
0.0
0.0
4.0
780.9794
2.0
4.1850014
0.0
0.0
4.0
785.68164
2.0
4.2586513
0.0
0.0
4.0
790.4666
2.0
4.3241997
0.0
0.0
4.0
795.32526
2.0
4.3825374
0.0
0.0
4.0
800.24945
2.0
4.4344583
0.0
0.0
4.0
805.232
3.0
4.4806676
0.0
0.0
4.0
810.2665
3.0
4.521794
0.0
0.0
4.0
815.34717
3.0
4.5583963
0.0
0.0
4.0
820.46893
3.0
4.5909724
0.0
0.0
4.0
825.6273
3.0
4.619965
0.0
0.0
4.0
830.8183
3.0
4.6457686
0.0
0.0
4.0
836.03827
3.0
4.668734
0.0
0.0
4.0
841.28406
3.0
4.689173
0.0
0.0
4.0
846.5528
3.0
4.707364
0.0
0.0
4.0
851.842
4.0
4.7235537
0.0
0.0
4.0
857.14935
4.0
4.7379627
0.0
0.0
4.0
862.4729
4.0
4.750787
0.0
0.0
4.0
867.81085
4.0
4.7622
0.0
0.0
4.0
873.1616
4.0
4.772358
0.0
0.0
4.0
878.5238
4.0
3.7133987
0.0
0.0
4.0
882.69617
4.0
2.7709246
0.0
0.0
4.0
885.8096
4.0
1.932123
0.0
0.0
4.0
887.98047
4.0
1.1855894
0.0
0.0
4.0
889.3126
4.0
0.52117455
0.0
0.0
4.0
889.8982
4.0
0.99784535
0.0
0.0
4.0
891.01935
4.0
1.4220823
0.0
0.0
4.0
892.6172
4.0
1.7996533
0.0
0.0
4.0
894.6393
4.0
2.1356914
0.0
0.0
4.0
897.03894
4.0
2.4347653
0.0
0.0
4.0
899.77466
4.0
2.700941
0.0
0.0
4.0
902.80945
4.0
2.9378374
0.0
0.0
4.0
906.1104
4.0
0.0
0.0
0.0
4.0
907.0
4.0
0.53400004
0.0
0.0
4.0
907.6
4.0
0.0
0.0
0.0
4.0
907.0
4.0
0.53400004
0.0
0.0
4.0
907.6
4.0
1.00926
0.0
0.0
4.0
908.73395
4.0
1.4322414
0.0
0.0
4.0
910.3432
4.0
1.8086947
0.0
0.0
4.0
912.3754
4.0
2.1437383
0.0
0.0
4.0
914.7841
4.0
2.441927
0.0
0.0
4.0
917.52783
4.0
2.707315
0.0
0.0
4.0
920.56976
4.0
2.9435103
0.0
0.0
4.0
923.8771
4.0
3.1537242
0.0
0.0
4.0
927.4206
4.0
3.3408144
0.0
0.0
4.0
931.1743
4.0
3.507325
0.0
0.0
4.0
935.1151
4.0
3.6555192
0.0
0.0
4.0
939.2224
4.0
3.7874122
0.0
0.0
4.0
943.4779
4.0
3.9047966
0.0
0.0
4.0
947.8653
4.0
4.0092688
0.0
0.0
4.0
952.3701
4.0
4.102249
0.0
0.0
4.0
956.9794
4.0
4.1850014
0.0
0.0
4.0
961.68164
4.0
4.2586513
0.0
0.0
4.0
966.4666
4.0
4.3241997
0.0
0.0
4.0
971.32526
4.0
4.3825374
0.0
0.0
4.0
976.24945
4.0
4.4344583
0.0
0.0
4.0
981.232
4.0
4.4806676
0.0
0.0
4.0
986.2665
4.0
4.521794
0.0
0.0
4.0
991.34717
4.0
4.5583963
0.0
0.0
4.0
996.46893
4.0
4.5909724
0.0
0.0
4.0
1001.6273
4.0
4.619965
0.0
0.0
4.0
1006.8183
4.0
4.6457686
0.0
0.0
4.0
1012.03827
4.0
4.668734
0.0
0.0
4.0
1017.28406
4.0
4.689173
0.0
0.0
4.0
1022.5528
4.0
4.707364
0.0
0.0
4.0
1027.8419
4.0
4.7235537
0.0
0.0
4.0
1033.1493
4.0
4.7379627
0.0
0.0
4.0
1038.4729
4.0
4.750787
0.0
0.0
4.0
1043.8109
4.0
4.7622
0.0
0.0
4.0
1049.1617
4.0
4.772358
0.0
0.0
4.0
1054.5239
4.0
4.7813983
0.0
0.0
4.0
1059.8962
4.0
4.7894444
0.0
0.0
4.0
1065.2776
4.0
4.7966056
0.0
0.0
4.0
1070.667
4.0
4.802979
0.0
0.0
4.0
1076.0636
4.0
4.808651
0.0
0.0
4.0
1081.4666
4.0
4.8136992
0.0
0.0
4.0
1086.8752
4.0
4.818192
0.0
0.0
4.0
1092.289
4.0
4.8221908
0.0
0.0
4.0
1097.7072
4.0
4.8257494
0.0
0.0
4.0
1103.1294
4.0
4.828917
0.0
0.0
4.0
1108.5552
4.0
4.831736
0.0
0.0
4.0
1113.9841
4.0
4.8342447
0.0
0.0
4.0
1119.4159
4.0
4.8364778
0.0
0.0
4.0
1124.8501
4.0
4.838465
0.0
0.0
4.0
1130.2866
4.0
4.840234
0.0
0.0
4.0
1135.7251
4.0
4.841808
0.0
0.0
4.0
1141.1653
4.0
4.843209
0.0
0.0
4.0
1146.607
4.0
4.310456
0.0
0.0
4.0
1151.4503
4.0
3.8363056
0.0
0.0
4.0
1155.7607
4.0
3.414312
0.0
0.0
4.0
1159.597
4.0
3.0387375
0.0
0.0
4.0
1163.0114
4.0
2.7044764
0.0
0.0
4.0
1166.05
4.0
2.4069839
0.0
0.0
4.0
1168.7545
4.0
1.6082156
0.0
0.0
4.0
1170.5615
4.0
0.8973118
0.0
0.0
4.0
1171.5697
4.0
0.0
0.0
0.0
4.0
1171.5697
4.0
-0.53400004
0.0
0.0
4.0
1170.9697
4.0
-1.00926
0.0
0.0
4.0
1169.8357
4.0
-1.4322414
0.0
0.0
4.0
1168.2264
4.0
-1.2746949
0.0
0.0
4.0
1166.7942
4.0
-1.1344784
0.0
0.0
4.0
1165.5195
4.0
-1.0096858
0.0
0.0
4.0
1164.385
4.0
-0.8986203
0.0
0.0
4.0
1163.3754
4.0
-0.7997721
0.0
0.0
4.0
1162.4768
4.0
-0.7117971
0.0
0.0
4.0
1161.677
4.0
0.0
0.0
0.0
4.0
1161.677
4.0
0.53400004
0.0
0.0
4.0
1162.277
4.0
1.00926
0.0
0.0
4.0
1163.411
4.0
1.4322414
0.0
0.0
4.0
1165.0203
4.0
1.8086947
0.0
0.0
4.0
1167.0525
4.0
2.1437383
0.0
0.0
4.0
1169.4612
4.0
2.441927
0.0
0.0
4.0
1172.205
4.0
2.707315
0.0
0.0
4.0
1175.2468
4.0
2.9435103
0.0
0.0
4.0
1178.5542
4.0
3.1537242
0.0
0.0
4.0
1182.0977
4.0
2.8068144
0.0
0.0
4.0
1185.2513
4.0
2.4980648
0.0
0.0
4.0
1188.0581
4.0
2.2232776
0.0
0.0
4.0
1190.5562
4.0
1.978717
0.0
0.0
4.0
1192.7794
4.0
1.7610581
0.0
0.0
4.0
1194.7582
4.0
1.5673417
0.0
0.0
4.0
1196.5193
4.0
1.394934
0.0
0.0
4.0
1198.0867
5.0
0.7074913
0.0
0.0
4.0
1198.8816
5.0
0.0
0.0
0.0
4.0
1198.8816
5.0
-0.53400004
0.0
0.0
4.0
1198.2816
5.0
-1.00926
0.0
0.0
4.0
1197.1476
5.0
-1.4322414
0.0
0.0
4.0
1195.5383
5.0
-1.8086947
0.0
0.0
4.0
1193.5061
5.0
-2.1437383
0.0
0.0
4.0
1191.0974
5.0
-2.441927
0.0
0.0
4.0
1188.3536
5.0
-2.707315
0.0
0.0
4.0
1185.3118
5.0
-2.4095104
0.0
0.0
4.0
1182.6045
5.0
-2.1444643
0.0
0.0
4.0
1180.195
5.0
-1.9085732
0.0
0.0
4.0
1178.0505
5.0
-1.6986301
0.0
0.0
4.0
1176.142
5.0
-1.5117807
0.0
0.0
4.0
1174.4434
5.0
-1.3454849
0.0
0.0
4.0
1172.9315
5.0
-1.1974815
0.0
0.0
4.0
1171.586
5.0
-1.0657586
0.0
0.0
4.0
1170.3885
5.0
-0.94852513
0.0
0.0
4.0
1169.3228
5.0
-0.8441874
0.0
0.0
4.0
1168.3743
5.0
-0.75132674
0.0
0.0
4.0
1167.53
5.0
-0.6686808
0.0
0.0
4.0
1166.7787
5.0
-0.5951259
0.0
0.0
4.0
1166.11
5.0
-0.5296621
0.0
0.0
4.0
1165.5149
5.0
-0.47139925
0.0
0.0
4.0
1164.9852
5.0
0.0
0.0
0.0
4.0
1164.9852
5.0
0.53400004
0.0
0.0
4.0
1165.5852
5.0
1.00926
0.0
0.0
4.0
1166.7192
5.0
1.4322414
0.0
0.0
4.0
1168.3285
5.0
1.8086947
0.0
0.0
4.0
1170.3607
5.0
2.1437383
0.0
0.0
4.0
1172.7694
5.0
2.441927
0.0
0.0
4.0
1175.5132
5.0
2.707315
0.0
0.0
4.0
1178.555
5.0
2.9435103
0.0
0.0
4.0
1181.8624
5.0
3.1537242
0.0
0.0
4.0
1185.4059
5.0
3.3408144
0.0
0.0
4.0
1189.1597
5.0
3.507325
0.0
0.0
4.0
1193.1005
5.0
3.6555192
0.0
0.0
4.0
1197.2078
5.0
3.7874122
0.0
0.0
4.0
1201.4633
5.0
3.9047966
0.0
0.0
4.0
1205.8507
5.0
4.0092688
0.0
0.0
4.0
1210.3555
6.0
4.102249
0.0
0.0
4.0
1214.9647
6.0
4.1850014
0.0
0.0
4.0
1219.667
6.0
4.2586513
0.0
0.0
4.0
1224.452
6.0
0.0
0.0
0.0
4.0
1227.0
6.0
0.53400004
0.0
0.0
4.0
1227.6
6.0
0.0
0.0
0.0
4.0
1227.0
6.0
0.53400004
0.0
0.0
4.0
1227.6
6.0
1.00926
0.0
0.0
4.0
1228.734
6.0
1.4322414
0.0
0.0
4.0
1230.3433
6.0
1.8086947
0.0
0.0
4.0
1232.3755
6.0
2.1437383
0.0
0.0
4.0
1234.7842
6.0
2.441927
0.0
0.0
4.0
1237.528
6.0
2.707315
0.0
0.0
4.0
1240.5698
6.0
2.9435103
0.0
0.0
4.0
1243.8772
6.0
3.1537242
0.0
0.0
4.0
1247.4207
6.0
3.3408144
0.0
0.0
4.0
1251.1744
6.0
3.507325
0.0
0.0
4.0
1255.1152
6.0
3.6555192
0.0
0.0
4.0
1259.2225
6.0
3.7874122
0.0
0.0
4.0
1263.478
6.0
3.9047966
0.0
0.0
4.0
1267.8655
6.0
4.0092688
0.0
0.0
4.0
1272.3702
6.0
4.102249
0.0
0.0
4.0
1276.9795
6.0
4.1850014
0.0
0.0
4.0
1281.6818
6.0
4.2586513
0.0
0.0
4.0
1286.4668
6.0
4.3241997
0.0
0.0
4.0
1291.3254
6.0
4.3825374
0.0
0.0
4.0
1296.2496
6.0
4.4344583
0.0
0.0
4.0
1301.2322
6.0
4.4806676
0.0
0.0
4.0
1306.2666
6.0
4.521794
0.0
0.0
4.0
1311.3473
6.0
4.5583963
0.0
0.0
4.0
1316.4691
6.0
4.5909724
0.0
0.0
4.0
1321.6276
6.0
4.619965
0.0
0.0
4.0
1326.8185
6.0
4.6457686
0.0
0.0
4.0
1332.0385
6.0
4.668734
0.0
0.0
4.0
1337.2842
6.0
4.689173
0.0
0.0
4.0
1342.5529
6.0
4.707364
0.0
0.0
4.0
1347.842
6.0
4.7235537
0.0
0.0
4.0
1353.1494
6.0
4.7379627
0.0
0.0
4.0
1358.473
6.0
4.750787
0.0
0.0
4.0
1363.811
6.0
4.7622
0.0
0.0
4.0
1369.1619
6.0
4.772358
0.0
0.0
4.0
1374.524
6.0
4.7813983
0.0
0.0
4.0
1379.8964
6.0
4.7894444
0.0
0.0
4.0
1385.2777
6.0
4.7966056
0.0
0.0
4.0
1390.6671
6.0
4.802979
0.0
0.0
4.0
1396.0637
6.0
4.808651
0.0
0.0
4.0
1401.4667
6.0
4.8136992
0.0
0.0
4.0
1406.8754
6.0
4.818192
0.0
0.0
4.0
1412.2891
6.0
4.8221908
0.0
0.0
4.0
1417.7073
6.0
4.8257494
0.0
0.0
4.0
1423.1295
6.0
4.828917
0.0
0.0
4.0
1428.5553
6.0
4.831736
0.0
0.0
4.0
1433.9843
6.0
4.3002453
0.0
0.0
4.0
1438.816
6.0
3.8272183
0.0
0.0
4.0
1443.1163
6.0
3.4062243
0.0
0.0
4.0
1446.9436
6.0
3.0315394
0.0
0.0
4.0
1450.3499
6.0
2.1640701
0.0
0.0
4.0
1452.7814
6.0
1.3920224
0.0
0.0
4.0
1454.3455
6.0
1.7728999
0.0
0.0
4.0
1456.3375
6.0
2.111881
0.0
0.0
4.0
1458.7104
6.0
2.4135742
0.0
0.0
4.0
1461.4224
6.0
2.682081
0.0
0.0
4.0
1464.4359
6.0
2.9210522
0.0
0.0
4.0
1467.718
6.0
3.1337366
0.0
0.0
4.0
1471.239
6.0
2.7890255
0.0
0.0
4.0
1474.3728
6.0
2.4822328
0.0
0.0
4.0
1477.1619
6.0
1.6751871
0.0
0.0
4.0
1479.0441
6.0
0.9569165
0.0
0.0
4.0
1480.1193
6.0
0.0
0.0
0.0
4.0
1480.1193
6.0
-0.53400004
0.0
0.0
4.0
1479.5193
6.0
-1.00926
0.0
0.0
4.0
1478.3853
6.0
-1.4322414
0.0
0.0
4.0
1476.776
7.0
-1.8086947
0.0
0.0
4.0
1474.7438
7.0
-2.1437383
0.0
0.0
4.0
1472.3351
7.0
-2.441927
0.0
0.0
4.0
1469.5913
7.0
-2.173315
0.0
0.0
4.0
1467.1494
7.0
-1.9342504
0.0
0.0
4.0
1464.9761
7.0
-1.7214828
0.0
0.0
4.0
1463.0419
7.0
-1.5321196
0.0
0.0
4.0
1461.3204
7.0
-1.3635864
0.0
0.0
4.0
1459.7883
7.0
-1.2135919
0.0
0.0
4.0
1458.4248
7.0
-1.0800968
0.0
0.0
4.0
1457.2112
7.0
0.0
0.0
0.0
4.0
1457.2112
7.0
0.53400004
0.0
0.0
4.0
1457.8112
7.0
1.00926
0.0
0.0
4.0
1458.9452
7.0
1.4322414
0.0
0.0
4.0
1460.5544
7.0
1.8086947
0.0
0.0
4.0
1462.5867
7.0
2.1437383
0.0
0.0
4.0
1464.9954
7.0
2.441927
0.0
0.0
4.0
1467.7391
7.0
2.173315
0.0
0.0
4.0
1470.181
7.0
1.9342504
0.0
0.0
4.0
1472.3544
7.0
1.7214828
0.0
0.0
4.0
1474.2886
7.0
1.5321196
0.0
0.0
4.0
1476.01
7.0
1.3635864
0.0
0.0
4.0
1477.5421
7.0
1.2135919
0.0
0.0
4.0
1478.9058
7.0
0.5460968
0.0
0.0
4.0
1479.5194
7.0
0.0
0.0
0.0
4.0
1479.5194
8.0
-0.53400004
0.0
0.0
4.0
1478.9194
8.0
-0.47526002
0.0
0.0
4.0
1478.3854
8.0
0.0
0.0
0.0
4.0
1478.3854
8.0
0.0
0.0
0.0
4.0
1478.3854
8.0
0.53400004
0.0
0.0
4.0
1478.9854
8.0
1.00926
0.0
0.0
4.0
1480.1194
8.0
1.4322414
0.0
0.0
4.0
1481.7286
8.0
1.8086947
0.0
0.0
4.0
1483.7609
8.0
2.1437383
0.0
0.0
4.0
1486.1696
8.0
2.441927
0.0
0.0
4.0
1488.9133
8.0
2.707315
0.0
0.0
4.0
1491.9552
8.0
2.9435103
0.0
0.0
4.0
1495.2626
8.0
3.1537242
0.0
0.0
4.0
1498.806
8.0
3.3408144
0.0
0.0
4.0
1502.5598
8.0
3.507325
0.0
0.0
4.0
1506.5006
8.0
3.6555192
0.0
0.0
4.0
1510.6079
8.0
3.7874122
0.0
0.0
4.0
1514.8634
8.0
3.9047966
0.0
0.0
4.0
1519.2509
8.0
4.0092688
0.0
0.0
4.0
1523.7556
8.0
4.102249
0.0
0.0
4.0
1528.3649
8.0
4.1850014
0.0
0.0
4.0
1533.0671
8.0
4.2586513
0.0
0.0
4.0
1537.8522
8.0
4.3241997
0.0
0.0
4.0
1542.7108
8.0
4.3825374
0.0
0.0
4.0
1547.635
8.0
4.4344583
0.0
0.0
4.0
1552.6176
8.0
4.4806676
0.0
0.0
4.0
1557.652
8.0
4.521794
0.0
0.0
4.0
1562.7327
8.0
4.5583963
0.0
0.0
4.0
1567.8545
8.0
4.5909724
0.0
0.0
4.0
1573.013
8.0
4.619965
0.0
0.0
4.0
1578.2039
8.0
4.6457686
0.0
0.0
4.0
1583.4238
8.0
4.668734
0.0
0.0
4.0
1588.6696
8.0
4.689173
0.0
0.0
4.0
1593.9382
8.0
4.707364
0.0
0.0
4.0
1599.2274
8.0
4.7235537
0.0
0.0
4.0
1604.5348
8.0
4.7379627
0.0
0.0
4.0
1609.8584
8.0
4.750787
0.0
0.0
4.0
1615.1964
8.0
4.7622
0.0
0.0
4.0
1620.5472
8.0
4.772358
0.0
0.0
4.0
1625.9094
8.0
4.7813983
0.0
0.0
4.0
1631.2817
8.0
4.7894444
0.0
0.0
4.0
1636.6631
8.0
4.7966056
0.0
0.0
4.0
1642.0525
8.0
4.268979
0.0
0.0
4.0
1646.8491
8.0
3.7993913
0.0
0.0
4.0
1651.118
8.0
3.3814583
0.0
0.0
4.0
1654.9175
8.0
2.475498
0.0
0.0
4.0
1657.699
8.0
1.6691931
0.0
0.0
4.0
1659.5745
8.0
0.9515819
0.0
0.0
4.0
1660.6437
9.0
0.0
0.0
0.0
4.0
1660.6437
9.0
0.0
0.0
0.0
4.0
1660.6437
9.0
0.0
0.0
0.0
4.0
1660.6437
9.0
0.0
0.0
0.0
4.0
1660.6437
9.0
0.0
0.0
0.0
4.0
1660.6437
9.0
0.0
0.0
0.0
4.0
1660.6437
9.0
0.0
0.0
0.0
4.0
1660.6437
9.0
0.0
0.0
0.0
4.0
1660.6437
9.0
0.0
0.0
0.0
4.0
1660.6437
9.0
0.0
0.0
0.0
4.0
1660.6437
9.0
0.0
0.0
0.0
4.0
1660.6437
9.0
0.0
0.0
0.0
4.0
1660.6437
9.0
0.0
0.0
0.0
4.0
1660.6437
9.0
0.0
0.0
0.0
4.0
1660.6437
9.0
0.53400004
0.0
0.0
4.0
1661.2437
9.0
1.00926
0.0
0.0
4.0
1662.3777
9.0
1.4322414
0.0
0.0
4.0
1663.9869
9.0
1.8086947
0.0
0.0
4.0
1666.0192
9.0
2.1437383
0.0
0.0
4.0
1668.4279
9.0
2.441927
0.0
0.0
4.0
1671.1716
9.0
2.707315
0.0
0.0
4.0
1674.2135
9.0
2.9435103
0.0
0.0
4.0
1677.5209
9.0
3.1537242
0.0
0.0
4.0
1681.0643
9.0
3.3408144
0.0
0.0
4.0
1684.8181
9.0
3.507325
0.0
0.0
4.0
1688.7589
9.0
3.6555192
0.0
0.0
4.0
1692.8662
9.0
3.7874122
0.0
0.0
4.0
1697.1217
9.0
3.9047966
0.0
0.0
4.0
1701.5092
9.0
4.0092688
0.0
0.0
4.0
1706.0139
9.0
4.102249
0.0
0.0
4.0
1710.6232
9.0
4.1850014
0.0
0.0
4.0
1715.3254
9.0
4.2586513
0.0
0.0
4.0
1720.1105
9.0
4.3241997
0.0
0.0
4.0
1724.9691
9.0
4.3825374
0.0
0.0
4.0
1729.8933
9.0
4.4344583
0.0
0.0
4.0
1734.8759
9.0
4.4806676
0.0
0.0
4.0
1739.9103
9.0
4.521794
0.0
0.0
4.0
1744.991
9.0
4.5583963
0.0
0.0
4.0
1750.1128
9.0
4.5909724
0.0
0.0
4.0
1755.2712
9.0
4.619965
0.0
0.0
4.0
1760.4622
9.0
4.6457686
0.0
0.0
4.0
1765.6821
9.0
4.668734
0.0
0.0
4.0
1770.9279
9.0
4.689173
0.0
0.0
4.0
1776.1965
9.0
4.707364
0.0
0.0
4.0
1781.4857
9.0
4.7235537
0.0
0.0
4.0
1786.7931
9.0
4.7379627
0.0
0.0
4.0
1792.1167
9.0
4.750787
0.0
0.0
4.0
1797.4547
9.0
4.7622
0.0
0.0
4.0
1802.8055
9.0
4.772358
0.0
0.0
4.0
1808.1677
9.0
4.7813983
0.0
0.0
4.0
1813.54
9.0
4.7894444
0.0
0.0
4.0
1818.9214
9.0
4.7966056
0.0
0.0
4.0
1824.3108
9.0
4.802979
0.0
0.0
4.0
1829.7074
9.0
4.808651
0.0
0.0
4.0
1835.1104
9.0
4.8136992
0.0
0.0
4.0
1840.519
9.0
4.818192
0.0
0.0
4.0
1845.9327
9.0
4.8221908
0.0
0.0
4.0
1851.351
9.0
4.8257494
0.0
0.0
4.0
1856.7732
9.0
4.828917
0.0
0.0
4.0
1862.199
9.0
4.831736
0.0
0.0
4.0
1867.6279
9.0
4.8342447
0.0
0.0
4.0
1873.0597
9.0
4.8364778
0.0
0.0
4.0
1878.4939
9.0
4.838465
0.0
0.0
4.0
1883.9304
9.0
4.840234
0.0
0.0
4.0
1889.3689
9.0
4.841808
0.0
0.0
4.0
1894.8091
9.0
4.843209
0.0
0.0
4.0
1900.2509
9.0
4.8444557
0.0
0.0
4.0
1905.6941
9.0
4.8455653
0.0
0.0
4.0
1911.1385
9.0
4.846553
0.0
0.0
4.0
1916.5841
9.0
4.8474317
0.0
0.0
4.0
1922.0306
9.0
4.848214
0.0
0.0
4.0
1927.478
9.0
4.8489103
0.0
0.0
4.0
1932.9263
9.0
4.84953
0.0
0.0
4.0
1938.3751
9.0
4.316082
0.0
0.0
4.0
1943.2246
9.0
3.841313
0.0
0.0
4.0
1947.5406
9.0
3.4187684
0.0
0.0
4.0
1951.382
9.0
2.508704
0.0
0.0
4.0
1954.2007
9.0
1.6987464
0.0
0.0
4.0
1956.1094
9.0
0.9778843
0.0
0.0
4.0
1957.2081
10.0
0.0
0.0
0.0
4.0
1957.2081
10.0
-0.53400004
0.0
0.0
4.0
1956.6082
10.0
-1.00926
0.0
0.0
4.0
1955.4741
10.0
-0.89824146
0.0
0.0
4.0
1954.4648
10.0
-0.7994349
0.0
0.0
4.0
1953.5667
10.0
0.0
0.0
0.0
4.0
1953.5667
10.0
0.53400004
0.0
0.0
4.0
1954.1666
10.0
0.47526002
0.0
0.0
4.0
1954.7007
10.0
0.0
0.0
0.0
4.0
1954.7007
11.0
0.0
0.0
0.0
4.0
1954.7007
11.0
0.0
0.0
0.0
4.0
1954.7007
11.0
0.0
0.0
0.0
4.0
1954.7007
11.0
-0.53400004
0.0
0.0
4.0
1954.1007
11.0
-1.00926
0.0
0.0
4.0
1952.9667
11.0
-1.4322414
0.0
0.0
4.0
1951.3574
11.0
-1.8086947
0.0
0.0
4.0
1949.3252
11.0
-2.1437383
0.0
0.0
4.0
1946.9165
11.0
-2.441927
0.0
0.0
4.0
1944.1727
11.0
-2.707315
0.0
0.0
4.0
1941.1309
11.0
-2.9435103
0.0
0.0
4.0
1937.8235
11.0
-2.619724
0.0
0.0
4.0
1934.88
11.0
-2.3315544
0.0
0.0
4.0
1932.2603
11.0
-2.0750835
0.0
0.0
4.0
1929.9287
11.0
-1.3128242
0.0
0.0
4.0
1928.4536
11.0
-0.63441354
0.0
0.0
4.0
1927.7408
11.0
0.0
0.0
0.0
4.0
1927.7408
11.0
0.53400004
0.0
0.0
4.0
1928.3408
11.0
1.00926
0.0
0.0
4.0
1929.4749
11.0
1.4322414
0.0
0.0
4.0
1931.0841
11.0
1.8086947
0.0
0.0
4.0
1933.1163
11.0
2.1437383
0.0
0.0
4.0
1935.525
11.0
2.441927
0.0
0.0
4.0
1938.2688
11.0
2.173315
0.0
0.0
4.0
1940.7107
11.0
1.9342504
0.0
0.0
4.0
1942.884
11.0
1.7214828
0.0
0.0
4.0
1944.8182
11.0
0.9981196
0.0
0.0
4.0
1945.9397
11.0
0.0
0.0
0.0
4.0
1945.9397
11.0
-0.53400004
0.0
0.0
4.0
1945.3397
11.0
-1.00926
0.0
0.0
4.0
1944.2057
12.0
-1.4322414
0.0
0.0
4.0
1942.5964
12.0
-1.8086947
0.0
0.0
4.0
1940.5642
12.0
-1.6097382
0.0
0.0
4.0
1938.7555
12.0
-1.432667
0.0
0.0
4.0
1937.1458
12.0
-1.2750736
0.0
0.0
4.0
1935.7131
12.0
-1.1348156
0.0
0.0
4.0
1934.4381
12.0
-1.0099858
0.0
0.0
4.0
1933.3033
12.0
-0.89888734
0.0
0.0
4.0
1932.2933
12.0
-0.8000097
0.0
0.0
4.0
1931.3944
12.0
-0.71200866
0.0
0.0
4.0
1930.5944
12.0
-0.6336877
0.0
0.0
4.0
1929.8823
12.0
-0.563982
0.0
0.0
4.0
1929.2487
12.0
0.0
0.0
0.0
4.0
1929.2487
12.0
0.53400004
0.0
0.0
4.0
1929.8486
12.0
1.00926
0.0
0.0
4.0
1930.9827
12.0
1.4322414
0.0
0.0
4.0
1932.5919
12.0
1.8086947
0.0
0.0
4.0
1934.6241
12.0
2.1437383
0.0
0.0
4.0
1937.0328
12.0
1.907927
0.0
0.0
4.0
1939.1766
12.0
1.698055
0.0
0.0
4.0
1941.0846
12.0
1.511269
0.0
0.0
4.0
1942.7826
12.0
1.3450294
0.0
0.0
4.0
1944.2938
12.0
1.1970761
0.0
0.0
4.0
1945.6388
12.0
0.5313977
0.0
0.0
4.0
1946.2358
12.0
0.0
0.0
0.0
4.0
1946.2358
12.0
-0.53400004
0.0
0.0
4.0
1945.6359
13.0
-1.00926
0.0
0.0
4.0
1944.5018
13.0
-0.89824146
0.0
0.0
4.0
1943.4926
13.0
-0.7994349
0.0
0.0
4.0
1942.5944
13.0
0.0
0.0
0.0
4.0
1942.5944
13.0
0.53400004
0.0
0.0
4.0
1943.1943
13.0
1.00926
0.0
0.0
4.0
1944.3284
13.0
1.4322414
0.0
0.0
4.0
1945.9376
13.0
1.8086947
0.0
0.0
4.0
1947.9698
13.0
2.1437383
0.0
0.0
4.0
1950.3785
13.0
2.441927
0.0
0.0
4.0
1953.1223
13.0
2.707315
0.0
0.0
4.0
1956.1642
13.0
2.9435103
0.0
0.0
4.0
1959.4716
13.0
3.1537242
0.0
0.0
4.0
1963.015
13.0
3.3408144
0.0
0.0
4.0
1966.7688
13.0
3.507325
0.0
0.0
4.0
1970.7096
13.0
3.6555192
0.0
0.0
4.0
1974.8169
13.0
3.7874122
0.0
0.0
4.0
1979.0724
13.0
3.9047966
0.0
0.0
4.0
1983.4598
13.0
4.0092688
0.0
0.0
4.0
1987.9646
13.0
4.102249
0.0
0.0
4.0
1992.5739
13.0
4.1850014
0.0
0.0
4.0
1997.2761
13.0
4.2586513
0.0
0.0
4.0
2002.0612
13.0
4.3241997
0.0
0.0
4.0
2006.9198
13.0
4.3825374
0.0
0.0
4.0
2011.844
13.0
4.4344583
0.0
0.0
4.0
2016.8265
13.0
4.4806676
0.0
0.0
4.0
2021.861
13.0
4.521794
0.0
0.0
4.0
2026.9417
13.0
4.5583963
0.0
0.0
4.0
2032.0635
13.0
4.5909724
0.0
0.0
4.0
2037.2219
13.0
4.619965
0.0
0.0
4.0
2042.4128
13.0
4.6457686
0.0
0.0
4.0
2047.6328
13.0
4.668734
0.0
0.0
4.0
2052.8787
13.0
4.689173
0.0
0.0
4.0
2058.1475
13.0
4.707364
0.0
0.0
4.0
2063.4365
13.0
4.7235537
0.0
0.0
4.0
2068.744
13.0
4.7379627
0.0
0.0
4.0
2074.0674
13.0
4.750787
0.0
0.0
4.0
2079.4053
13.0
4.7622
0.0
0.0
4.0
2084.756
13.0
4.772358
0.0
0.0
4.0
2090.1184
13.0
4.7813983
0.0
0.0
4.0
2095.4907
13.0
4.7894444
0.0
0.0
4.0
2100.872
13.0
4.7966056
0.0
0.0
4.0
2106.2615
13.0
4.802979
0.0
0.0
4.0
2111.658
13.0
4.808651
0.0
0.0
4.0
2117.061
13.0
4.8136992
0.0
0.0
4.0
2122.4697
13.0
4.818192
0.0
0.0
4.0
2127.8835
13.0
4.8221908
0.0
0.0
4.0
2133.3018
13.0
4.8257494
0.0
0.0
4.0
2138.7239
13.0
4.828917
0.0
0.0
4.0
2144.1497
13.0
4.831736
0.0
0.0
4.0
2149.5786
13.0
4.8342447
0.0
0.0
4.0
2155.0103
13.0
4.8364778
0.0
0.0
4.0
2160.4446
13.0
4.838465
0.0
0.0
4.0
2165.881
13.0
4.840234
0.0
0.0
4.0
2171.3196
13.0
0.0
0.0
0.0
4.0
2171.0
13.0
0.53400004
0.0
0.0
4.0
2171.6
13.0
0.0
0.0
0.0
4.0
2171.0
13.0
0.53400004
0.0
0.0
4.0
2171.6
13.0
0.0
0.0
0.0
4.0
2171.0
13.0
0.53400004
0.0
0.0
4.0
2171.6
13.0
1.00926
0.0
0.0
4.0
2172.7341
13.0
1.4322414
0.0
0.0
4.0
2174.3435
13.0
1.8086947
0.0
0.0
4.0
2176.3757
13.0
2.1437383
0.0
0.0
4.0
2178.7844
13.0
2.441927
0.0
0.0
4.0
2181.528
13.0
2.707315
0.0
0.0
4.0
2184.57
13.0
2.9435103
0.0
0.0
4.0
2187.8774
13.0
3.1537242
0.0
0.0
4.0
2191.421
13.0
3.3408144
0.0
0.0
4.0
2195.1746
13.0
3.507325
0.0
0.0
4.0
2199.1155
13.0
3.6555192
0.0
0.0
4.0
2203.223
13.0
3.7874122
0.0
0.0
4.0
2207.4785
13.0
3.9047966
0.0
0.0
4.0
2211.866
13.0
4.0092688
0.0
0.0
4.0
2216.3708
13.0
4.102249
0.0
0.0
4.0
2220.9802
13.0
4.1850014
0.0
0.0
4.0
2225.6824
13.0
4.2586513
0.0
0.0
4.0
2230.4673
13.0
4.3241997
0.0
0.0
4.0
2235.326
13.0
4.3825374
0.0
0.0
4.0
2240.2502
13.0
4.4344583
0.0
0.0
4.0
2245.2327
13.0
4.4806676
0.0
0.0
4.0
2250.267
13.0
4.521794
0.0
0.0
4.0
2255.3477
13.0
4.5583963
0.0
0.0
4.0
2260.4695
13.0
4.5909724
0.0
0.0
4.0
2265.628
13.0
4.619965
0.0
0.0
4.0
2270.8188
13.0
4.6457686
0.0
0.0
4.0
2276.0388
13.0
4.668734
0.0
0.0
4.0
2281.2847
13.0
4.689173
0.0
0.0
4.0
2286.5535
13.0
4.707364
0.0
0.0
4.0
2291.8425
13.0
4.7235537
0.0
0.0
4.0
2297.15
13.0
4.7379627
0.0
0.0
4.0
2302.4734
13.0
4.750787
0.0
0.0
4.0
2307.8113
13.0
4.7622
0.0
0.0
4.0
2313.162
13.0
4.772358
0.0
0.0
4.0
2318.5244
13.0
4.7813983
0.0
0.0
4.0
2323.8967
13.0
4.7894444
0.0
0.0
4.0
2329.278
13.0
4.7966056
0.0
0.0
4.0
2334.6675
13.0
4.802979
0.0
0.0
4.0
2340.064
13.0
4.808651
0.0
0.0
4.0
2345.467
13.0
4.8136992
0.0
0.0
4.0
2350.8757
13.0
4.818192
0.0
0.0
4.0
2356.2896
13.0
4.8221908
0.0
0.0
4.0
2361.7078
13.0
0.0
0.0
0.0
4.0
2363.0
13.0
0.53400004
0.0
0.0
4.0
2363.6
13.0
1.00926
0.0
0.0
4.0
2364.7341
13.0
1.4322414
0.0
0.0
4.0
2366.3435
13.0
1.8086947
0.0
0.0
4.0
2368.3757
13.0
2.1437383
0.0
0.0
4.0
2370.7844
13.0
2.441927
0.0
0.0
4.0
2373.528
13.0
2.707315
0.0
0.0
4.0
2376.57
13.0
2.9435103
0.0
0.0
4.0
2379.8774
13.0
3.1537242
0.0
0.0
4.0
2383.421
13.0
3.3408144
0.0
0.0
4.0
2387.1746
13.0
3.507325
0.0
0.0
4.0
2391.1155
13.0
3.6555192
0.0
0.0
4.0
2395.223
13.0
0.0
0.0
0.0
4.0
2395.0
13.0
0.53400004
0.0
0.0
4.0
2395.6
13.0
0.0
0.0
0.0
4.0
2395.0
13.0
0.53400004
0.0
0.0
4.0
2395.6
13.0
0.0
0.0
0.0
4.0
2395.0
13.0
0.53400004
0.0
0.0
4.0
2395.6
13.0
0.0
0.0
0.0
4.0
2395.0
13.0
0.53400004
0.0
0.0
4.0
2395.6
13.0
1.00926
0.0
0.0
4.0
2396.7341
13.0
1.4322414
0.0
0.0
4.0
2398.3435
13.0
1.8086947
0.0
0.0
4.0
2400.3757
13.0
2.1437383
0.0
0.0
4.0
2402.7844
13.0
2.441927
0.0
0.0
4.0
2405.528
13.0
2.707315
0.0
0.0
4.0
2408.57
13.0
2.9435103
0.0
0.0
4.0
2411.8774
13.0
3.1537242
0.0
0.0
4.0
2415.421
13.0
3.3408144
0.0
0.0
4.0
2419.1746
13.0
3.507325
0.0
0.0
4.0
2423.1155
13.0
3.6555192
0.0
0.0
4.0
2427.223
13.0
3.7874122
0.0
0.0
4.0
2431.4785
13.0
3.9047966
0.0
0.0
4.0
2435.866
13.0
4.0092688
0.0
0.0
4.0
2440.3708
13.0
4.102249
0.0
0.0
4.0
2444.9802
13.0
4.1850014
0.0
0.0
4.0
2449.6824
13.0
4.2586513
0.0
0.0
4.0
2454.4673
13.0
4.3241997
0.0
0.0
4.0
2459.326
13.0
4.3825374
0.0
0.0
4.0
2464.2502
13.0
4.4344583
0.0
0.0
4.0
2469.2327
13.0
4.4806676
0.0
0.0
4.0
2474.267
13.0
4.521794
0.0
0.0
4.0
2479.3477
13.0
4.5583963
0.0
0.0
4.0
2484.4695
13.0
4.5909724
0.0
0.0
4.0
2489.628
13.0
4.619965
0.0
0.0
4.0
2494.8188
13.0
4.6457686
0.0
0.0
4.0
2500.0388
13.0
4.668734
0.0
0.0
4.0
2505.2847
13.0
4.689173
0.0
0.0
4.0
2510.5535
13.0
4.707364
0.0
0.0
4.0
2515.8425
13.0
4.7235537
0.0
0.0
4.0
2521.15
13.0
4.7379627
0.0
0.0
4.0
2526.4734
13.0
4.750787
0.0
0.0
4.0
2531.8113
13.0
4.7622
0.0
0.0
4.0
2537.162
13.0
4.772358
0.0
0.0
4.0
2542.5244
13.0
4.7813983
0.0
0.0
4.0
2547.8967
13.0
4.7894444
0.0
0.0
4.0
2553.278
13.0
4.7966056
0.0
0.0
4.0
2558.6675
13.0
4.802979
0.0
0.0
4.0
2564.064
13.0
4.808651
0.0
0.0
4.0
2569.467
13.0
4.8136992
0.0
0.0
4.0
2574.8757
13.0
4.818192
0.0
0.0
4.0
2580.2896
13.0
4.8221908
0.0
0.0
4.0
2585.7078
13.0
4.8257494
0.0
0.0
4.0
2591.13
13.0
4.828917
0.0
0.0
4.0
2596.5557
13.0
4.831736
0.0
0.0
4.0
2601.9846
13.0
4.8342447
0.0
0.0
4.0
2607.4163
13.0
4.8364778
0.0
0.0
4.0
2612.8506
13.0
4.838465
0.0
0.0
4.0
2618.287
13.0
4.840234
0.0
0.0
4.0
2623.7256
13.0
4.841808
0.0
0.0
4.0
2629.1658
13.0
4.843209
0.0
0.0
4.0
2634.6077
13.0
4.8444557
0.0
0.0
4.0
2640.0508
13.0
4.8455653
0.0
0.0
4.0
2645.495
13.0
4.846553
0.0
0.0
4.0
2650.9407
13.0
4.8474317
0.0
0.0
4.0
2656.3872
13.0
4.848214
0.0
0.0
4.0
2661.8347
13.0
4.8489103
0.0
0.0
4.0
2667.283
13.0
4.84953
0.0
0.0
4.0
2672.732
13.0
4.850082
0.0
0.0
4.0
2678.1814
13.0
4.8505726
0.0
0.0
4.0
2683.6316
13.0
4.8510094
0.0
0.0
4.0
2689.0823
13.0
4.851398
0.0
0.0
4.0
2694.5332
13.0
4.851744
0.0
0.0
4.0
2699.9846
13.0
4.852052
0.0
0.0
4.0
2705.4363
13.0
4.8523264
0.0
0.0
4.0
2710.8884
13.0
4.8525705
0.0
0.0
4.0
2716.3408
13.0
4.8527875
0.0
0.0
4.0
2721.7935
13.0
4.8529806
0.0
0.0
4.0
2727.2463
13.0
4.8531528
0.0
0.0
4.0
2732.6992
13.0
4.853306
0.0
0.0
4.0
2738.1523
13.0
4.853442
0.0
0.0
4.0
2743.6057
13.0
4.3195634
0.0
0.0
4.0
2748.4592
13.0
3.3104115
0.0
0.0
4.0
2752.1787
14.0
2.4122663
0.0
0.0
4.0
2754.8892
14.0
1.612917
0.0
0.0
4.0
2756.7014
14.0
1.4354961
0.0
0.0
4.0
2758.3145
14.0
1.2775915
0.0
0.0
4.0
2759.75
14.0
1.6710564
0.0
0.0
4.0
2761.6277
14.0
2.0212402
0.0
0.0
4.0
2763.8987
14.0
2.3329036
0.0
0.0
4.0
2766.52
14.0
2.0762842
0.0
0.0
4.0
2768.853
14.0
1.8478929
0.0
0.0
4.0
2770.9292
15.0
1.6446246
0.0
0.0
4.0
2772.777
15.0
1.4637159
0.0
0.0
4.0
2774.4216
15.0
1.3027072
0.0
0.0
4.0
2775.8853
15.0
1.1594094
0.0
0.0
4.0
2777.188
15.0
1.0318743
0.0
0.0
4.0
2778.3474
15.0
0.9183681
0.0
0.0
4.0
2779.3794
15.0
1.3513476
0.0
0.0
4.0
2780.8977
15.0
1.7366993
0.0
0.0
4.0
2782.849
15.0
2.0796626
0.0
0.0
4.0
2785.1858
15.0
2.3848999
0.0
0.0
4.0
2787.8655
15.0
2.656561
0.0
0.0
4.0
2790.8503
15.0
2.898339
0.0
0.0
4.0
2794.107
15.0
3.1135218
0.0
0.0
4.0
2797.6052
15.0
3.3050344
0.0
0.0
4.0
2801.3188
15.0
3.4754808
0.0
0.0
4.0
2805.2239
15.0
3.627178
0.0
0.0
4.0
2809.2993
15.0
3.7621884
0.0
0.0
4.0
2813.5266
15.0
3.8823476
0.0
0.0
4.0
2817.889
15.0
3.9892893
0.0
0.0
4.0
2822.3713
15.0
4.0844674
0.0
0.0
4.0
2826.9607
15.0
4.1691756
0.0
0.0
4.0
2831.6453
15.0
4.244566
0.0
0.0
4.0
2836.4146
15.0
4.3116636
0.0
0.0
4.0
2841.259
15.0
4.3713803
0.0
0.0
4.0
2846.1707
15.0
4.424528
0.0
0.0
4.0
2851.142
15.0
4.47183
0.0
0.0
4.0
2856.1665
15.0
4.5139284
0.0
0.0
4.0
2861.2383
15.0
4.551396
0.0
0.0
4.0
2866.3523
15.0
4.584742
0.0
0.0
4.0
2871.5037
15.0
4.6144204
0.0
0.0
4.0
2876.6885
15.0
4.640834
0.0
0.0
4.0
2881.9028
15.0
4.664342
0.0
0.0
4.0
2887.1436
15.0
4.685264
0.0
0.0
4.0
2892.408
15.0
4.703885
0.0
0.0
4.0
2897.693
15.0
4.7204576
0.0
0.0
4.0
2902.997
15.0
4.735207
0.0
0.0
4.0
2908.3176
15.0
4.748334
0.0
0.0
4.0
2913.6528
15.0
4.760017
0.0
0.0
4.0
2919.0012
15.0
4.770415
0.0
0.0
4.0
2924.3613
15.0
4.779669
0.0
0.0
4.0
2929.7317
15.0
4.787905
0.0
0.0
4.0
2935.1113
15.0
4.7952356
0.0
0.0
4.0
2940.4993
15.0
4.8017597
0.0
0.0
4.0
2945.8945
15.0
4.807566
0.0
0.0
4.0
2951.2964
15.0
0.0
0.0
0.0
4.0
2955.0
15.0
0.53400004
0.0
0.0
4.0
2955.6
15.0
0.0
0.0
0.0
4.0
2955.0
15.0
0.53400004
0.0
0.0
4.0
2955.6
15.0
0.0
0.0
0.0
4.0
2955.0
15.0
0.53400004
0.0
0.0
4.0
2955.6
15.0
0.0
0.0
0.0
4.0
2955.0
15.0
0.53400004
0.0
0.0
4.0
2955.6
15.0
0.0
0.0
0.0
4.0
2955.0
15.0
0.53400004
0.0
0.0
4.0
2955.6
15.0
0.0
0.0
0.0
4.0
2955.0
15.0
0.53400004
0.0
0.0
4.0
2955.6
15.0
0.0
0.0
0.0
4.0
2955.0
15.0
0.53400004
0.0
0.0
4.0
2955.6
15.0
1.00926
0.0
0.0
4.0
2956.7341
15.0
1.4322414
0.0
0.0
4.0
2958.3435
15.0
1.8086947
0.0
0.0
4.0
2960.3757
15.0
2.1437383
0.0
0.0
4.0
2962.7844
15.0
2.441927
0.0
0.0
4.0
2965.528
15.0
2.707315
0.0
0.0
4.0
2968.57
15.0
2.9435103
0.0
0.0
4.0
2971.8774
15.0
3.1537242
0.0
0.0
4.0
2975.421
15.0
3.3408144
0.0
0.0
4.0
2979.1746
15.0
3.507325
0.0
0.0
4.0
2983.1155
15.0
3.6555192
0.0
0.0
4.0
2987.223
15.0
0.0
0.0
0.0
4.0
2987.0
15.0
0.53400004
0.0
0.0
4.0
2987.6
15.0
0.0
0.0
0.0
4.0
2987.0
15.0
0.53400004
0.0
0.0
4.0
2987.6
15.0
1.00926
0.0
0.0
4.0
2988.7341
15.0
1.4322414
0.0
0.0
4.0
2990.3435
15.0
1.8086947
0.0
0.0
4.0
2992.3757
15.0
2.1437383
0.0
0.0
4.0
2994.7844
15.0
2.441927
0.0
0.0
4.0
2997.528
15.0
2.707315
0.0
0.0
4.0
3000.57
15.0
2.9435103
0.0
0.0
4.0
3003.8774
15.0
3.1537242
0.0
0.0
4.0
3007.421
15.0
3.3408144
0.0
0.0
4.0
3011.1746
15.0
3.507325
0.0
0.0
4.0
3015.1155
15.0
3.6555192
0.0
0.0
4.0
3019.223
15.0
3.7874122
0.0
0.0
4.0
3023.4785
15.0
3.9047966
0.0
0.0
4.0
3027.866
15.0
4.0092688
0.0
0.0
4.0
3032.3708
15.0
4.102249
0.0
0.0
4.0
3036.9802
15.0
4.1850014
0.0
0.0
4.0
3041.6824
15.0
4.2586513
0.0
0.0
4.0
3046.4673
15.0
4.3241997
0.0
0.0
4.0
3051.326
15.0
4.3825374
0.0
0.0
4.0
3056.2502
15.0
4.4344583
0.0
0.0
4.0
3061.2327
15.0
4.4806676
0.0
0.0
4.0
3066.267
15.0
4.521794
0.0
0.0
4.0
3071.3477
15.0
4.5583963
0.0
0.0
4.0
3076.4695
15.0
4.5909724
0.0
0.0
4.0
3081.628
15.0
4.619965
0.0
0.0
4.0
3086.8188
15.0
4.6457686
0.0
0.0
4.0
3092.0388
15.0
4.668734
0.0
0.0
4.0
3097.2847
15.0
4.689173
0.0
0.0
4.0
3102.5535
15.0
4.707364
0.0
0.0
4.0
3107.8425
15.0
4.7235537
0.0
0.0
4.0
3113.15
15.0
4.7379627
0.0
0.0
4.0
3118.4734
15.0
4.750787
0.0
0.0
4.0
3123.8113
15.0
4.7622
0.0
0.0
4.0
3129.162
15.0
4.772358
0.0
0.0
4.0
3134.5244
15.0
4.7813983
0.0
0.0
4.0
3139.8967
15.0
4.7894444
0.0
0.0
4.0
3145.278
15.0
4.7966056
0.0
0.0
4.0
3150.6675
15.0
4.802979
0.0
0.0
4.0
3156.064
15.0
4.808651
0.0
0.0
4.0
3161.467
15.0
4.8136992
0.0
0.0
4.0
3166.8757
15.0
0.0
0.0
0.0
4.0
3168.0
15.0
