929, 6
0.0
0.0
0.0
4.0
56.0
0.0
0.0
0.0
0.0
4.0
56.0
0.0
0.0
0.0
0.0
4.0
56.0
0.0
0.0
0.0
0.0
4.0
56.0
0.0
0.0
0.0
0.0
4.0
56.0
0.0
0.0
0.0
0.0
4.0
56.0
0.0
0.0
0.0
0.0
4.0
56.0
0.0
0.53400004
0.0
0.0
4.0
56.6
0.0
1.00926
0.0
0.0
4.0
57.733997
0.0
1.4322414
0.0
0.0
4.0
59.343258
0.0
1.8086947
0.0
0.0
4.0
61.3755
0.0
2.1437383
0.0
0.0
4.0
63.784195
0.0
2.441927
0.0
0.0
4.0
66.52793
0.0
2.707315
0.0
0.0
4.0
69.569855
0.0
2.9435103
0.0
0.0
4.0
72.87717
0.0
3.1537242
0.0
0.0
4.0
76.42068
0.0
3.3408144
0.0
0.0
4.0
80.1744
0.0
3.507325
0.0
0.0
4.0
84.11521
0.0
3.6555192
0.0
0.0
4.0
88.222534
0.0
3.7874122
0.0
0.0
4.0
92.47805
0.0
3.9047966
0.0
0.0
4.0
96.86546
0.0
4.0092688
0.0
0.0
4.0
101.37026
0.0
4.102249
0.0
0.0
4.0
105.97953
0.0
4.1850014
0.0
0.0
4.0
110.68178
0.0
4.2586513
0.0
0.0
4.0
115.46678
0.0
4.3241997
0.0
0.0
4.0
120.32543
0.0
4.3825374
0.0
0.0
4.0
125.24963
0.0
4.4344583
0.0
0.0
4.0
130.23218
0.0
4.4806676
0.0
0.0
4.0
135.26663
0.0
4.521794
0.0
0.0
4.0
140.3473
0.0
4.5583963
0.0
0.0
4.0
145.4691
0.0
4.5909724
0.0
0.0
4.0
150.6275
0.0
4.619965
0.0
0.0
4.0
155.81848
0.0
4.6457686
0.0
0.0
4.0
161.03845
0.0
4.668734
0.0
0.0
4.0
166.28423
0.0
4.689173
0.0
0.0
4.0
171.55296
0.0
4.707364
0.0
0.0
4.0
176.84213
0.0
4.7235537
0.0
0.0
4.0
182.14949
0.0
4.7379627
0.0
0.0
4.0
187.47304
0.0
4.750787
0.0
0.0
4.0
192.811
0.0
4.7622
0.0
0.0
4.0
198.16179
0.0
4.772358
0.0
0.0
4.0
203.52399
0.0
4.7813983
0.0
0.0
4.0
208.89635
0.0
4.7894444
0.0
0.0
4.0
214.27774
0.0
4.7966056
0.0
0.0
4.0
219.66719
0.0
4.802979
0.0
0.0
4.0
225.0638
0.0
4.808651
0.0
0.0
4.0
230.46678
0.0
4.8136992
0.0
0.0
4.0
235.87543
0.0
4.818192
0.0
0.0
4.0
241.28912
0.0
4.8221908
0.0
0.0
4.0
246.70732
0.0
4.8257494
0.0
0.0
4.0
252.12952
0.0
4.828917
0.0
0.0
4.0
257.55527
0.0
4.831736
0.0
0.0
4.0
262.9842
0.0
4.8342447
0.0
0.0
4.0
268.41592
0.0
4.8364778
0.0
0.0
4.0
273.85016
0.0
4.838465
0.0
0.0
4.0
279.28662
0.0
4.840234
0.0
0.0
4.0
284.7251
0.0
4.841808
0.0
0.0
4.0
290.16534
0.0
4.309209
0.0
0.0
4.0
295.00714
0.0
3.3011959
0.0
0.0
4.0
298.71634
0.0
2.4040642
0.0
0.0
4.0
301.41754
0.0
1.605617
0.0
0.0
4.0
303.22162
0.0
0.89499915
0.0
0.0
4.0
304.22723
0.0
0.7965492
0.0
0.0
4.0
305.12222
0.0
0.70892876
0.0
0.0
4.0
305.91876
1.0
0.6309466
0.0
0.0
4.0
306.6277
1.0
1.0955424
0.0
0.0
4.0
307.85864
1.0
1.5090327
0.0
0.0
4.0
309.5542
1.0
1.877039
0.0
0.0
4.0
311.66324
1.0
2.2045646
0.0
0.0
4.0
314.1403
1.0
0.0
0.0
0.0
4.0
315.0
1.0
0.53400004
0.0
0.0
4.0
315.6
1.0
1.00926
0.0
0.0
4.0
316.734
1.0
1.4322414
0.0
0.0
4.0
318.34326
1.0
1.8086947
0.0
0.0
4.0
320.3755
1.0
2.1437383
0.0
0.0
4.0
322.78418
1.0
2.441927
0.0
0.0
4.0
325.52792
1.0
2.707315
0.0
0.0
4.0
328.56985
1.0
2.9435103
0.0
0.0
4.0
331.87717
1.0
3.1537242
0.0
0.0
4.0
335.4207
1.0
3.3408144
0.0
0.0
4.0
339.1744
1.0
3.507325
0.0
0.0
4.0
343.11523
1.0
3.6555192
0.0
0.0
4.0
347.22256
1.0
3.7874122
0.0
0.0
4.0
351.4781
1.0
3.9047966
0.0
0.0
4.0
355.8655
1.0
4.0092688
0.0
0.0
4.0
360.3703
1.0
4.102249
0.0
0.0
4.0
364.97958
1.0
4.1850014
0.0
0.0
4.0
369.68182
1.0
4.2586513
0.0
0.0
4.0
374.46683
1.0
4.3241997
0.0
0.0
4.0
379.32547
1.0
4.3825374
0.0
0.0
4.0
384.24966
1.0
4.4344583
0.0
0.0
4.0
389.2322
1.0
4.4806676
0.0
0.0
4.0
394.26666
1.0
4.521794
0.0
0.0
4.0
399.34732
1.0
4.5583963
0.0
0.0
4.0
404.46912
1.0
4.5909724
0.0
0.0
4.0
409.6275
1.0
4.619965
0.0
0.0
4.0
414.81848
1.0
4.6457686
0.0
0.0
4.0
420.03845
1.0
4.668734
0.0
0.0
4.0
425.2842
1.0
4.689173
0.0
0.0
4.0
430.55295
1.0
4.707364
0.0
0.0
4.0
435.84213
1.0
4.7235537
0.0
0.0
4.0
441.1495
1.0
4.7379627
0.0
0.0
4.0
446.47305
1.0
4.750787
0.0
0.0
4.0
451.811
1.0
4.7622
0.0
0.0
4.0
457.1618
1.0
4.772358
0.0
0.0
4.0
462.52402
1.0
4.7813983
0.0
0.0
4.0
467.89636
1.0
4.7894444
0.0
0.0
4.0
473.27777
1.0
4.7966056
0.0
0.0
4.0
478.6672
1.0
4.802979
0.0
0.0
4.0
484.0638
1.0
4.808651
0.0
0.0
4.0
489.4668
1.0
4.8136992
0.0
0.0
4.0
494.87546
1.0
4.818192
0.0
0.0
4.0
500.28915
1.0
4.8221908
0.0
0.0
4.0
505.70734
1.0
4.8257494
0.0
0.0
4.0
511.12952
1.0
4.828917
0.0
0.0
4.0
516.55524
1.0
4.831736
0.0
0.0
4.0
521.98413
1.0
4.8342447
0.0
0.0
4.0
527.4159
1.0
4.8364778
0.0
0.0
4.0
532.85016
1.0
4.838465
0.0
0.0
4.0
538.2866
1.0
4.840234
0.0
0.0
4.0
543.7251
1.0
4.841808
0.0
0.0
4.0
549.16534
1.0
4.843209
0.0
0.0
4.0
554.6072
1.0
4.8444557
0.0
0.0
4.0
560.0504
1.0
4.8455653
0.0
0.0
4.0
565.4949
1.0
4.846553
0.0
0.0
4.0
570.9404
1.0
4.8474317
0.0
0.0
4.0
576.38696
1.0
4.848214
0.0
0.0
4.0
581.8344
1.0
4.8489103
0.0
0.0
4.0
587.28265
1.0
4.84953
0.0
0.0
4.0
592.73157
1.0
4.850082
0.0
0.0
4.0
598.1811
1.0
4.8505726
0.0
0.0
4.0
603.63116
1.0
4.8510094
0.0
0.0
4.0
609.0817
1.0
4.851398
0.0
0.0
4.0
614.5327
1.0
4.851744
0.0
0.0
4.0
619.98413
1.0
4.852052
0.0
0.0
4.0
625.43585
1.0
4.8523264
0.0
0.0
4.0
630.8879
1.0
4.8525705
0.0
0.0
4.0
636.3402
1.0
4.8527875
0.0
0.0
4.0
641.7928
1.0
4.8529806
0.0
0.0
4.0
647.24554
1.0
4.8531528
0.0
0.0
4.0
652.69855
1.0
4.853306
0.0
0.0
4.0
658.1517
1.0
4.853442
0.0
0.0
4.0
663.605
1.0
4.8535633
0.0
0.0
4.0
669.0584
2.0
4.853671
0.0
0.0
4.0
674.51196
2.0
4.853767
0.0
0.0
4.0
679.96564
2.0
4.8538523
0.0
0.0
4.0
685.41943
2.0
4.8539286
0.0
0.0
4.0
690.8733
2.0
4.8539963
0.0
0.0
4.0
696.3272
2.0
4.8540564
0.0
0.0
4.0
701.7812
2.0
4.85411
0.0
0.0
4.0
707.2352
2.0
4.8541574
0.0
0.0
4.0
712.68933
2.0
4.8542
0.0
0.0
4.0
718.1435
2.0
4.8542376
0.0
0.0
4.0
723.5977
2.0
4.8542714
0.0
0.0
4.0
729.05194
2.0
0.0
0.0
0.0
4.0
731.0
2.0
0.53400004
0.0
0.0
4.0
731.6
2.0
0.0
0.0
0.0
4.0
731.0
2.0
0.53400004
0.0
0.0
4.0
731.6
2.0
0.0
0.0
0.0
4.0
731.0
2.0
0.53400004
0.0
0.0
4.0
731.6
2.0
0.0
0.0
0.0
4.0
731.0
2.0
0.53400004
0.0
0.0
4.0
731.6
2.0
1.00926
0.0
0.0
4.0
732.73395
2.0
1.4322414
0.0
0.0
4.0
734.3432
2.0
1.8086947
0.0
0.0
4.0
736.3754
2.0
2.1437383
0.0
0.0
4.0
738.7841
2.0
2.441927
0.0
0.0
4.0
741.52783
2.0
2.707315
0.0
0.0
4.0
744.56976
2.0
2.9435103
0.0
0.0
4.0
747.8771
2.0
3.1537242
0.0
0.0
4.0
751.4206
2.0
3.3408144
0.0
0.0
4.0
755.1743
2.0
3.507325
0.0
0.0
4.0
759.1151
2.0
3.6555192
0.0
0.0
4.0
763.2224
2.0
3.7874122
0.0
0.0
4.0
767.4779
2.0
3.9047966
0.0
0.0
4.0
771.8653
2.0
4.0092688
0.0
0.0
4.0
776.3701
2.0
4.102249
0.0
0.0
4.0
780.9794
2.0
4.1850014
0.0
0.0
4.0
785.68164
2.0
4.2586513
0.0
0.0
4.0
790.4666
2.0
4.3241997
0.0
0.0
4.0
795.32526
2.0
4.3825374
0.0
0.0
4.0
800.24945
2.0
4.4344583
0.0
0.0
4.0
805.232
3.0
4.4806676
0.0
0.0
4.0
810.2665
3.0
4.521794
0.0
0.0
4.0
815.34717
3.0
4.5583963
0.0
0.0
4.0
820.46893
3.0
4.5909724
0.0
0.0
4.0
825.6273
3.0
4.619965
0.0
0.0
4.0
830.8183
3.0
4.6457686
0.0
0.0
4.0
836.03827
3.0
4.668734
0.0
0.0
4.0
841.28406
3.0
4.689173
0.0
0.0
4.0
846.5528
3.0
4.707364
0.0
0.0
4.0
851.842
4.0
4.7235537
0.0
0.0
4.0
857.14935
4.0
4.7379627
0.0
0.0
4.0
862.4729
4.0
4.750787
0.0
0.0
4.0
867.81085
4.0
4.7622
0.0
0.0
4.0
873.1616
4.0
4.772358
0.0
0.0
4.0
878.5238
4.0
4.2473984
0.0
0.0
4.0
883.29614
4.0
3.2461846
0.0
0.0
4.0
886.94354
4.0
2.3551042
0.0
0.0
4.0
889.5897
4.0
1.5620427
0.0
0.0
4.0
891.34485
4.0
0.856218
0.0
0.0
4.0
892.3069
4.0
1.296034
0.0
0.0
4.0
893.7631
4.0
1.6874702
0.0
0.0
4.0
895.6592
4.0
2.0358486
0.0
0.0
4.0
897.94666
4.0
2.345905
0.0
0.0
4.0
900.5825
4.0
2.6218555
0.0
0.0
4.0
903.52844
4.0
2.8674514
0.0
0.0
4.0
906.7503
4.0
0.0
0.0
0.0
4.0
907.0
4.0
0.53400004
0.0
0.0
4.0
907.6
4.0
0.0
0.0
0.0
4.0
907.0
4.0
0.53400004
0.0
0.0
4.0
907.6
4.0
1.00926
0.0
0.0
4.0
908.73395
4.0
1.4322414
0.0
0.0
4.0
910.3432
4.0
1.8086947
0.0
0.0
4.0
912.3754
4.0
2.1437383
0.0
0.0
4.0
914.7841
4.0
2.441927
0.0
0.0
4.0
917.52783
4.0
2.707315
0.0
0.0
4.0
920.56976
4.0
2.9435103
0.0
0.0
4.0
923.8771
4.0
3.1537242
0.0
0.0
4.0
927.4206
4.0
3.3408144
0.0
0.0
4.0
931.1743
4.0
3.507325
0.0
0.0
4.0
935.1151
4.0
3.6555192
0.0
0.0
4.0
939.2224
4.0
3.7874122
0.0
0.0
4.0
943.4779
4.0
3.9047966
0.0
0.0
4.0
947.8653
4.0
4.0092688
0.0
0.0
4.0
952.3701
4.0
4.102249
0.0
0.0
4.0
956.9794
4.0
4.1850014
0.0
0.0
4.0
961.68164
4.0
4.2586513
0.0
0.0
4.0
966.4666
4.0
4.3241997
0.0
0.0
4.0
971.32526
4.0
4.3825374
0.0
0.0
4.0
976.24945
4.0
4.4344583
0.0
0.0
4.0
981.232
4.0
4.4806676
0.0
0.0
4.0
986.2665
4.0
4.521794
0.0
0.0
4.0
991.34717
4.0
4.5583963
0.0
0.0
4.0
996.46893
4.0
4.5909724
0.0
0.0
4.0
1001.6273
4.0
4.619965
0.0
0.0
4.0
1006.8183
4.0
4.6457686
0.0
0.0
4.0
1012.03827
4.0
4.668734
0.0
0.0
4.0
1017.28406
4.0
4.689173
0.0
0.0
4.0
1022.5528
4.0
4.707364
0.0
0.0
4.0
1027.8419
4.0
4.7235537
0.0
0.0
4.0
1033.1493
4.0
4.7379627
0.0
0.0
4.0
1038.4729
4.0
4.750787
0.0
0.0
4.0
1043.8109
4.0
4.7622
0.0
0.0
4.0
1049.1617
4.0
4.772358
0.0
0.0
4.0
1054.5239
4.0
4.7813983
0.0
0.0
4.0
1059.8962
4.0
4.7894444
0.0
0.0
4.0
1065.2776
4.0
4.7966056
0.0
0.0
4.0
1070.667
4.0
4.802979
0.0
0.0
4.0
1076.0636
4.0
4.808651
0.0
0.0
4.0
1081.4666
4.0
4.8136992
0.0
0.0
4.0
1086.8752
4.0
4.818192
0.0
0.0
4.0
1092.289
4.0
4.8221908
0.0
0.0
4.0
1097.7072
4.0
4.8257494
0.0
0.0
4.0
1103.1294
4.0
4.828917
0.0
0.0
4.0
1108.5552
4.0
4.831736
0.0
0.0
4.0
1113.9841
4.0
4.8342447
0.0
0.0
4.0
1119.4159
4.0
4.8364778
0.0
0.0
4.0
1124.8501
4.0
4.838465
0.0
0.0
4.0
1130.2866
4.0
4.840234
0.0
0.0
4.0
1135.7251
4.0
4.841808
0.0
0.0
4.0
1141.1653
4.0
4.843209
0.0
0.0
4.0
1146.607
4.0
4.8444557
0.0
0.0
4.0
1152.0503
4.0
4.8455653
0.0
0.0
4.0
1157.4948
4.0
4.846553
0.0
0.0
4.0
1162.9403
4.0
4.8474317
0.0
0.0
4.0
1168.3868
4.0
4.314214
0.0
0.0
4.0
1173.2343
4.0
3.8396506
0.0
0.0
4.0
1177.5485
4.0
2.883289
0.0
0.0
4.0
1180.7881
4.0
2.0321271
0.0
0.0
4.0
1183.0714
4.0
1.2745931
0.0
0.0
4.0
1184.5035
4.0
0.6003878
0.0
0.0
4.0
1185.1781
4.0
0.0
0.0
0.0
4.0
1185.1781
4.0
-0.53400004
0.0
0.0
4.0
1184.5781
4.0
-1.00926
0.0
0.0
4.0
1183.4441
4.0
-1.4322414
0.0
0.0
4.0
1181.8348
4.0
-1.2746949
0.0
0.0
4.0
1180.4026
4.0
-1.1344784
0.0
0.0
4.0
1179.1279
4.0
-1.0096858
0.0
0.0
4.0
1177.9934
4.0
-0.8986203
0.0
0.0
4.0
1176.9838
4.0
-0.7997721
0.0
0.0
4.0
1176.0852
4.0
-0.7117971
0.0
0.0
4.0
1175.2854
4.0
-0.63349944
0.0
0.0
4.0
1174.5736
4.0
-0.5638145
0.0
0.0
4.0
1173.9401
4.0
-0.50179493
0.0
0.0
4.0
1173.3762
4.0
-0.4465975
0.0
0.0
4.0
1172.8744
4.0
0.0
0.0
0.0
4.0
1172.8744
4.0
0.0
0.0
0.0
4.0
1172.8744
4.0
0.53400004
0.0
0.0
4.0
1173.4744
4.0
1.00926
0.0
0.0
4.0
1174.6084
4.0
1.4322414
0.0
0.0
4.0
1176.2177
4.0
1.8086947
0.0
0.0
4.0
1178.2499
4.0
2.1437383
0.0
0.0
4.0
1180.6586
4.0
2.441927
0.0
0.0
4.0
1183.4023
4.0
2.707315
0.0
0.0
4.0
1186.4442
4.0
2.4095104
0.0
0.0
4.0
1189.1515
4.0
2.1444643
0.0
0.0
4.0
1191.561
4.0
1.9085732
0.0
0.0
4.0
1193.7054
4.0
1.6986301
0.0
0.0
4.0
1195.614
4.0
1.5117807
0.0
0.0
4.0
1197.3126
4.0
1.3454849
0.0
0.0
4.0
1198.8245
5.0
1.1974815
0.0
0.0
4.0
1200.1699
5.0
0.5317585
0.0
0.0
4.0
1200.7675
5.0
0.0
0.0
0.0
4.0
1200.7675
5.0
-0.53400004
0.0
0.0
4.0
1200.1675
5.0
-1.00926
0.0
0.0
4.0
1199.0334
5.0
-1.4322414
0.0
0.0
4.0
1197.4242
5.0
-1.8086947
0.0
0.0
4.0
1195.392
5.0
-2.1437383
0.0
0.0
4.0
1192.9833
5.0
-2.441927
0.0
0.0
4.0
1190.2395
5.0
-2.173315
0.0
0.0
4.0
1187.7976
5.0
-1.9342504
0.0
0.0
4.0
1185.6243
5.0
-1.7214828
0.0
0.0
4.0
1183.6901
5.0
-1.5321196
0.0
0.0
4.0
1181.9686
5.0
-1.3635864
0.0
0.0
4.0
1180.4365
5.0
-1.2135919
0.0
0.0
4.0
1179.073
5.0
-1.0800968
0.0
0.0
4.0
1177.8594
5.0
-0.9612862
0.0
0.0
4.0
1176.7793
5.0
-0.8555447
0.0
0.0
4.0
1175.818
5.0
-0.76143473
0.0
0.0
4.0
1174.9624
5.0
-0.6776769
0.0
0.0
4.0
1174.2009
5.0
-0.6031324
0.0
0.0
4.0
1173.5232
5.0
-0.53678787
0.0
0.0
4.0
1172.92
5.0
-0.47774118
0.0
0.0
4.0
1172.3833
5.0
0.0
0.0
0.0
4.0
1172.3833
5.0
0.53400004
0.0
0.0
4.0
1172.9833
5.0
1.00926
0.0
0.0
4.0
1174.1173
5.0
1.4322414
0.0
0.0
4.0
1175.7266
5.0
1.8086947
0.0
0.0
4.0
1177.7588
5.0
2.1437383
0.0
0.0
4.0
1180.1675
5.0
2.441927
0.0
0.0
4.0
1182.9113
5.0
2.707315
0.0
0.0
4.0
1185.9531
5.0
2.9435103
0.0
0.0
4.0
1189.2605
5.0
3.1537242
0.0
0.0
4.0
1192.804
5.0
2.8068144
0.0
0.0
4.0
1195.9576
5.0
2.4980648
0.0
0.0
4.0
1198.7644
5.0
2.2232776
0.0
0.0
4.0
1201.2625
6.0
1.978717
0.0
0.0
4.0
1203.4857
6.0
1.7610581
0.0
0.0
4.0
1205.4645
6.0
2.1013417
0.0
0.0
4.0
1207.8256
6.0
2.404194
0.0
0.0
4.0
1210.5269
6.0
2.6737328
0.0
0.0
4.0
1213.531
6.0
2.9136221
0.0
0.0
4.0
1216.8047
6.0
3.1271238
0.0
0.0
4.0
1220.3184
6.0
3.31714
0.0
0.0
4.0
1224.0455
6.0
3.4862545
0.0
0.0
4.0
1227.9626
6.0
3.6367664
0.0
0.0
4.0
1232.049
6.0
3.770722
0.0
0.0
4.0
1236.2858
6.0
3.8899424
0.0
0.0
4.0
1240.6565
6.0
3.9960487
0.0
0.0
4.0
1245.1465
6.0
4.090483
0.0
0.0
4.0
1249.7426
6.0
4.17453
0.0
0.0
4.0
1254.433
6.0
4.2493315
0.0
0.0
4.0
1259.2075
6.0
4.315905
0.0
0.0
4.0
1264.0569
6.0
4.3751554
0.0
0.0
4.0
1268.9728
6.0
4.4278884
0.0
0.0
4.0
1273.9479
6.0
4.4748206
0.0
0.0
4.0
1278.9757
6.0
4.51659
0.0
0.0
4.0
1284.0505
6.0
4.553765
0.0
0.0
4.0
1289.1671
6.0
4.5868506
0.0
0.0
4.0
1294.3209
6.0
4.616297
0.0
0.0
4.0
1299.5078
6.0
4.6425037
0.0
0.0
4.0
1304.7241
6.0
4.665828
0.0
0.0
4.0
1309.9667
6.0
4.686587
0.0
0.0
4.0
1315.2325
6.0
4.705062
0.0
0.0
4.0
1320.5192
6.0
4.721505
0.0
0.0
4.0
1325.8242
6.0
4.7361393
0.0
0.0
4.0
1331.1458
6.0
4.7491636
0.0
0.0
4.0
1336.4819
6.0
4.7607555
0.0
0.0
4.0
1341.831
6.0
4.7710724
0.0
0.0
4.0
1347.1918
6.0
4.7802544
0.0
0.0
4.0
1352.5629
6.0
4.7884264
0.0
0.0
4.0
1357.9431
6.0
4.795699
0.0
0.0
4.0
1363.3315
6.0
4.802172
0.0
0.0
4.0
1368.7273
6.0
4.807933
0.0
0.0
4.0
1374.1295
6.0
4.8130603
0.0
0.0
4.0
1379.5375
6.0
4.8176236
0.0
0.0
4.0
1384.9506
6.0
4.821685
0.0
0.0
4.0
1390.3682
6.0
4.8252993
0.0
0.0
4.0
1395.7898
6.0
4.828516
0.0
0.0
4.0
1401.2151
6.0
4.831379
0.0
0.0
4.0
1406.6436
6.0
4.833927
0.0
0.0
4.0
1412.075
6.0
4.836195
0.0
0.0
4.0
1417.5089
6.0
4.8382134
0.0
0.0
4.0
1422.9451
6.0
4.8400097
0.0
0.0
4.0
1428.3833
6.0
4.3076086
0.0
0.0
4.0
1433.2233
6.0
3.8337717
0.0
0.0
4.0
1437.5309
6.0
2.8780568
0.0
0.0
4.0
1440.7646
6.0
2.0274704
0.0
0.0
4.0
1443.0427
6.0
1.2704486
0.0
0.0
4.0
1444.4702
6.0
1.1306992
0.0
0.0
4.0
1445.7407
6.0
1.0063223
0.0
0.0
4.0
1446.8715
6.0
0.8956268
0.0
0.0
4.0
1447.8778
6.0
0.7971078
0.0
0.0
4.0
1448.7734
6.0
1.243426
0.0
0.0
4.0
1450.1705
6.0
1.6406491
0.0
0.0
4.0
1452.0139
6.0
1.9941778
0.0
0.0
4.0
1454.2545
6.0
2.308818
0.0
0.0
4.0
1456.8488
6.0
2.588848
0.0
0.0
4.0
1459.7576
6.0
2.8380747
0.0
0.0
4.0
1462.9464
6.0
2.5258865
0.0
0.0
4.0
1465.7845
6.0
2.248039
0.0
0.0
4.0
1468.3104
6.0
2.0007546
0.0
0.0
4.0
1470.5585
6.0
1.7806716
0.0
0.0
4.0
1472.5592
6.0
1.5847977
0.0
0.0
4.0
1474.3398
6.0
0.87646997
0.0
0.0
4.0
1475.3246
6.0
0.0
0.0
0.0
4.0
1475.3246
6.0
-0.53400004
0.0
0.0
4.0
1474.7246
7.0
-1.00926
0.0
0.0
4.0
1473.5906
7.0
-1.4322414
0.0
0.0
4.0
1471.9813
7.0
-1.8086947
0.0
0.0
4.0
1469.9491
7.0
-2.1437383
0.0
0.0
4.0
1467.5404
7.0
-2.441927
0.0
0.0
4.0
1464.7966
7.0
-2.173315
0.0
0.0
4.0
1462.3547
7.0
-1.9342504
0.0
0.0
4.0
1460.1814
7.0
-1.7214828
0.0
0.0
4.0
1458.2472
7.0
-1.5321196
0.0
0.0
4.0
1456.5258
7.0
-1.3635864
0.0
0.0
4.0
1454.9937
7.0
-1.2135919
0.0
0.0
4.0
1453.6301
7.0
-0.5460968
0.0
0.0
4.0
1453.0165
7.0
0.0
0.0
0.0
4.0
1453.0165
7.0
0.53400004
0.0
0.0
4.0
1453.6165
7.0
1.00926
0.0
0.0
4.0
1454.7505
7.0
1.4322414
0.0
0.0
4.0
1456.3597
7.0
1.8086947
0.0
0.0
4.0
1458.392
7.0
2.1437383
0.0
0.0
4.0
1460.8007
7.0
1.907927
0.0
0.0
4.0
1462.9445
7.0
1.698055
0.0
0.0
4.0
1464.8524
7.0
1.511269
0.0
0.0
4.0
1466.5504
7.0
1.3450294
0.0
0.0
4.0
1468.0616
7.0
1.1970761
0.0
0.0
4.0
1469.4066
7.0
1.0653977
0.0
0.0
4.0
1470.6036
7.0
0.948204
0.0
0.0
4.0
1471.6691
7.0
0.8439015
0.0
0.0
4.0
1472.6173
8.0
0.75107235
0.0
0.0
4.0
1473.4612
8.0
1.2024543
0.0
0.0
4.0
1474.8123
8.0
1.6041844
0.0
0.0
4.0
1476.6147
8.0
1.9617242
0.0
0.0
4.0
1478.819
8.0
2.2799344
0.0
0.0
4.0
1481.3807
8.0
2.5631416
0.0
0.0
4.0
1484.2606
8.0
2.815196
0.0
0.0
4.0
1487.4237
8.0
3.0395243
0.0
0.0
4.0
1490.8389
8.0
3.2391768
0.0
0.0
4.0
1494.4784
8.0
3.4168673
0.0
0.0
4.0
1498.3176
8.0
3.5750117
0.0
0.0
4.0
1502.3345
8.0
3.7157602
0.0
0.0
4.0
1506.5095
8.0
3.8410265
0.0
0.0
4.0
1510.8253
8.0
3.9525137
0.0
0.0
4.0
1515.2664
8.0
4.051737
0.0
0.0
4.0
1519.8188
8.0
4.1400456
0.0
0.0
4.0
1524.4706
8.0
4.2186403
0.0
0.0
4.0
1529.2106
8.0
4.28859
0.0
0.0
4.0
1534.0292
8.0
4.350845
0.0
0.0
4.0
1538.9177
8.0
4.406252
0.0
0.0
4.0
1543.8685
8.0
4.455564
0.0
0.0
4.0
1548.8748
8.0
4.4994516
0.0
0.0
4.0
1553.9303
8.0
4.5385118
0.0
0.0
4.0
1559.0298
8.0
4.573275
0.0
0.0
4.0
1564.1683
8.0
4.6042147
0.0
0.0
4.0
1569.3416
8.0
4.631751
0.0
0.0
4.0
1574.5458
8.0
4.656258
0.0
0.0
4.0
1579.7776
8.0
4.6780696
0.0
0.0
4.0
1585.0338
8.0
4.6974816
0.0
0.0
4.0
1590.3119
8.0
4.7147584
0.0
0.0
4.0
1595.6094
8.0
4.730135
0.0
0.0
4.0
1600.9241
8.0
4.74382
0.0
0.0
4.0
1606.2542
8.0
4.756
0.0
0.0
4.0
1611.598
8.0
4.76684
0.0
0.0
4.0
1616.954
8.0
4.7764874
0.0
0.0
4.0
1622.3208
8.0
4.7850738
0.0
0.0
4.0
1627.6973
8.0
4.7927155
0.0
0.0
4.0
1633.0824
8.0
4.7995167
0.0
0.0
4.0
1638.4751
8.0
4.8055696
0.0
0.0
4.0
1643.8746
8.0
4.810957
0.0
0.0
4.0
1649.2802
8.0
4.2817516
0.0
0.0
4.0
1654.0911
8.0
3.276759
0.0
0.0
4.0
1657.7728
8.0
2.3823152
0.0
0.0
4.0
1660.4496
8.0
1.5862604
0.0
0.0
4.0
1662.2319
8.0
0.87777174
0.0
0.0
4.0
1663.2181
8.0
0.0
0.0
0.0
4.0
1663.2181
8.0
-0.53400004
0.0
0.0
4.0
1662.6182
9.0
-1.00926
0.0
0.0
4.0
1661.4841
9.0
-0.89824146
0.0
0.0
4.0
1660.4749
9.0
-0.7994349
0.0
0.0
4.0
1659.5767
9.0
-0.71149707
0.0
0.0
4.0
1658.7772
9.0
-0.63323236
0.0
0.0
4.0
1658.0657
9.0
-0.56357676
0.0
0.0
4.0
1657.4325
9.0
-0.5015833
0.0
0.0
4.0
1656.8689
9.0
-0.4464091
0.0
0.0
4.0
1656.3673
9.0
0.0
0.0
0.0
4.0
1656.3673
9.0
0.0
0.0
0.0
4.0
1656.3673
9.0
0.0
0.0
0.0
4.0
1656.3673
9.0
0.0
0.0
0.0
4.0
1656.3673
9.0
0.0
0.0
0.0
4.0
1656.3673
9.0
0.0
0.0
0.0
4.0
1656.3673
9.0
0.0
0.0
0.0
4.0
1656.3673
9.0
0.53400004
0.0
0.0
4.0
1656.9673
9.0
1.00926
0.0
0.0
4.0
1658.1013
9.0
1.4322414
0.0
0.0
4.0
1659.7106
9.0
1.8086947
0.0
0.0
4.0
1661.7428
9.0
2.1437383
0.0
0.0
4.0
1664.1515
9.0
2.441927
0.0
0.0
4.0
1666.8953
9.0
2.707315
0.0
0.0
4.0
1669.9371
9.0
2.9435103
0.0
0.0
4.0
1673.2445
9.0
3.1537242
0.0
0.0
4.0
1676.788
9.0
3.3408144
0.0
0.0
4.0
1680.5417
9.0
3.507325
0.0
0.0
4.0
1684.4825
9.0
3.6555192
0.0
0.0
4.0
1688.5898
9.0
3.7874122
0.0
0.0
4.0
1692.8453
9.0
3.9047966
0.0
0.0
4.0
1697.2328
9.0
4.0092688
0.0
0.0
4.0
1701.7375
9.0
4.102249
0.0
0.0
4.0
1706.3468
9.0
4.1850014
0.0
0.0
4.0
1711.0491
9.0
4.2586513
0.0
0.0
4.0
1715.8341
9.0
4.3241997
0.0
0.0
4.0
1720.6927
9.0
4.3825374
0.0
0.0
4.0
1725.617
9.0
4.4344583
0.0
0.0
4.0
1730.5995
9.0
4.4806676
0.0
0.0
4.0
1735.6339
9.0
4.521794
0.0
0.0
4.0
1740.7146
9.0
4.5583963
0.0
0.0
4.0
1745.8364
9.0
4.5909724
0.0
0.0
4.0
1750.9949
9.0
4.619965
0.0
0.0
4.0
1756.1858
9.0
4.6457686
0.0
0.0
4.0
1761.4058
9.0
4.668734
0.0
0.0
4.0
1766.6515
9.0
4.689173
0.0
0.0
4.0
1771.9202
9.0
4.707364
0.0
0.0
4.0
1777.2094
9.0
4.7235537
0.0
0.0
4.0
1782.5167
9.0
4.7379627
0.0
0.0
4.0
1787.8403
9.0
4.750787
0.0
0.0
4.0
1793.1783
9.0
4.7622
0.0
0.0
4.0
1798.5292
9.0
4.772358
0.0
0.0
4.0
1803.8914
9.0
4.7813983
0.0
0.0
4.0
1809.2637
9.0
4.7894444
0.0
0.0
4.0
1814.645
9.0
4.7966056
0.0
0.0
4.0
1820.0344
9.0
4.802979
0.0
0.0
4.0
1825.431
9.0
4.808651
0.0
0.0
4.0
1830.834
9.0
4.8136992
0.0
0.0
4.0
1836.2427
9.0
4.818192
0.0
0.0
4.0
1841.6564
9.0
4.8221908
0.0
0.0
4.0
1847.0746
9.0
4.8257494
0.0
0.0
4.0
1852.4968
9.0
4.828917
0.0
0.0
4.0
1857.9226
9.0
4.831736
0.0
0.0
4.0
1863.3516
9.0
4.8342447
0.0
0.0
4.0
1868.7833
9.0
4.8364778
0.0
0.0
4.0
1874.2175
9.0
4.838465
0.0
0.0
4.0
1879.654
9.0
4.840234
0.0
0.0
4.0
1885.0925
9.0
4.841808
0.0
0.0
4.0
1890.5327
9.0
4.843209
0.0
0.0
4.0
1895.9745
9.0
4.8444557
0.0
0.0
4.0
1901.4177
9.0
4.8455653
0.0
0.0
4.0
1906.8622
9.0
4.846553
0.0
0.0
4.0
1912.3077
9.0
4.8474317
0.0
0.0
4.0
1917.7543
9.0
4.848214
0.0
0.0
4.0
1923.2017
9.0
4.8489103
0.0
0.0
4.0
1928.6499
9.0
3.7815301
0.0
0.0
4.0
1932.8988
9.0
2.8315616
0.0
0.0
4.0
1936.0803
9.0
1.9860898
0.0
0.0
4.0
1938.3119
9.0
1.2336199
0.0
0.0
4.0
1939.698
9.0
1.0979217
0.0
0.0
4.0
1940.9316
9.0
0.9771503
0.0
0.0
4.0
1942.0295
9.0
0.8696638
0.0
0.0
4.0
1943.0067
10.0
0.77400076
0.0
0.0
4.0
1943.8763
10.0
0.68886065
0.0
0.0
4.0
1944.6504
10.0
0.613086
0.0
0.0
4.0
1945.3392
10.0
0.5456465
0.0
0.0
4.0
1945.9523
10.0
1.0196254
0.0
0.0
4.0
1947.0979
10.0
1.4414666
0.0
0.0
4.0
1948.7175
10.0
1.8169054
0.0
0.0
4.0
1950.759
10.0
2.1510458
0.0
0.0
4.0
1953.1759
10.0
1.9144307
0.0
0.0
4.0
1955.3269
11.0
1.7038434
0.0
0.0
4.0
1957.2413
11.0
0.98242056
0.0
0.0
4.0
1958.3452
11.0
0.0
0.0
0.0
4.0
1958.3452
11.0
-0.53400004
0.0
0.0
4.0
1957.7452
11.0
-1.00926
0.0
0.0
4.0
1956.6112
11.0
-1.4322414
0.0
0.0
4.0
1955.002
11.0
-1.8086947
0.0
0.0
4.0
1952.9697
11.0
-2.1437383
0.0
0.0
4.0
1950.561
11.0
-1.907927
0.0
0.0
4.0
1948.4172
11.0
-1.698055
0.0
0.0
4.0
1946.5093
11.0
-1.511269
0.0
0.0
4.0
1944.8113
11.0
-0.8110294
0.0
0.0
4.0
1943.9
11.0
0.0
0.0
0.0
4.0
1943.9
11.0
0.53400004
0.0
0.0
4.0
1944.5
11.0
1.00926
0.0
0.0
4.0
1945.634
11.0
1.4322414
0.0
0.0
4.0
1947.2433
11.0
1.8086947
0.0
0.0
4.0
1949.2755
11.0
1.6097382
0.0
0.0
4.0
1951.0842
11.0
1.432667
0.0
0.0
4.0
1952.694
11.0
1.2750736
0.0
0.0
4.0
1954.1266
11.0
1.1348156
0.0
0.0
4.0
1955.4016
11.0
1.0099858
0.0
0.0
4.0
1956.5364
11.0
0.89888734
0.0
0.0
4.0
1957.5464
11.0
0.8000097
0.0
0.0
4.0
1958.4453
12.0
0.0
0.0
0.0
4.0
1958.4453
12.0
-0.53400004
0.0
0.0
4.0
1957.8453
12.0
-1.00926
0.0
0.0
4.0
1956.7113
12.0
-1.4322414
0.0
0.0
4.0
1955.102
12.0
-1.8086947
0.0
0.0
4.0
1953.0698
12.0
-2.1437383
0.0
0.0
4.0
1950.6611
12.0
-2.441927
0.0
0.0
4.0
1947.9174
12.0
-2.173315
0.0
0.0
4.0
1945.4755
12.0
-1.9342504
0.0
0.0
4.0
1943.3021
12.0
-1.7214828
0.0
0.0
4.0
1941.3679
12.0
-0.9981196
0.0
0.0
4.0
1940.2465
12.0
0.0
0.0
0.0
4.0
1940.2465
12.0
0.53400004
0.0
0.0
4.0
1940.8464
12.0
1.00926
0.0
0.0
4.0
1941.9805
12.0
1.4322414
0.0
0.0
4.0
1943.5897
12.0
1.8086947
0.0
0.0
4.0
1945.622
12.0
2.1437383
0.0
0.0
4.0
1948.0306
12.0
1.907927
0.0
0.0
4.0
1950.1744
12.0
1.698055
0.0
0.0
4.0
1952.0824
12.0
1.511269
0.0
0.0
4.0
1953.7804
12.0
1.3450294
0.0
0.0
4.0
1955.2916
12.0
1.1970761
0.0
0.0
4.0
1956.6366
12.0
0.5313977
0.0
0.0
4.0
1957.2336
12.0
0.0
0.0
0.0
4.0
1957.2336
13.0
0.0
0.0
0.0
4.0
1957.2336
13.0
0.53400004
0.0
0.0
4.0
1957.8336
13.0
1.00926
0.0
0.0
4.0
1958.9677
13.0
1.4322414
0.0
0.0
4.0
1960.5769
13.0
1.8086947
0.0
0.0
4.0
1962.6091
13.0
2.1437383
0.0
0.0
4.0
1965.0178
13.0
2.441927
0.0
0.0
4.0
1967.7616
13.0
2.707315
0.0
0.0
4.0
1970.8035
13.0
2.9435103
0.0
0.0
4.0
1974.1108
13.0
3.1537242
0.0
0.0
4.0
1977.6543
13.0
3.3408144
0.0
0.0
4.0
1981.4081
13.0
3.507325
0.0
0.0
4.0
1985.3489
13.0
3.6555192
0.0
0.0
4.0
1989.4562
13.0
3.7874122
0.0
0.0
4.0
1993.7117
13.0
3.9047966
0.0
0.0
4.0
1998.0991
13.0
4.0092688
0.0
0.0
4.0
2002.6039
13.0
4.102249
0.0
0.0
4.0
2007.2131
13.0
4.1850014
0.0
0.0
4.0
2011.9154
13.0
4.2586513
0.0
0.0
4.0
2016.7004
13.0
4.3241997
0.0
0.0
4.0
2021.5591
13.0
4.3825374
0.0
0.0
4.0
2026.4833
13.0
4.4344583
0.0
0.0
4.0
2031.4658
13.0
4.4806676
0.0
0.0
4.0
2036.5002
13.0
4.521794
0.0
0.0
4.0
2041.5809
13.0
4.5583963
0.0
0.0
4.0
2046.7028
13.0
4.5909724
0.0
0.0
4.0
2051.861
13.0
4.619965
0.0
0.0
4.0
2057.052
13.0
4.6457686
0.0
0.0
4.0
2062.272
13.0
4.668734
0.0
0.0
4.0
2067.5178
13.0
4.689173
0.0
0.0
4.0
2072.7866
13.0
4.707364
0.0
0.0
4.0
2078.0757
13.0
4.7235537
0.0
0.0
4.0
2083.383
13.0
4.7379627
0.0
0.0
4.0
2088.7065
13.0
4.750787
0.0
0.0
4.0
2094.0444
13.0
4.7622
0.0
0.0
4.0
2099.3953
13.0
4.772358
0.0
0.0
4.0
2104.7576
13.0
4.7813983
0.0
0.0
4.0
2110.13
13.0
4.7894444
0.0
0.0
4.0
2115.5112
13.0
4.7966056
0.0
0.0
4.0
2120.9006
13.0
4.802979
0.0
0.0
4.0
2126.297
13.0
4.808651
0.0
0.0
4.0
2131.7002
13.0
4.8136992
0.0
0.0
4.0
2137.109
13.0
4.818192
0.0
0.0
4.0
2142.5227
13.0
4.8221908
0.0
0.0
4.0
2147.941
13.0
4.8257494
0.0
0.0
4.0
2153.363
13.0
4.828917
0.0
0.0
4.0
2158.7888
13.0
4.831736
0.0
0.0
4.0
2164.2178
13.0
4.8342447
0.0
0.0
4.0
2169.6494
13.0
4.8364778
0.0
0.0
4.0
2175.0837
13.0
4.838465
0.0
0.0
4.0
2180.5203
13.0
4.840234
0.0
0.0
4.0
2185.9587
13.0
0.0
0.0
0.0
4.0
2187.0
13.0
0.53400004
0.0
0.0
4.0
2187.6
13.0
0.0
0.0
0.0
4.0
2187.0
13.0
0.53400004
0.0
0.0
4.0
2187.6
13.0
0.0
0.0
0.0
4.0
2187.0
13.0
0.0
0.0
0.0
4.0
2187.0
13.0
0.0
0.0
0.0
4.0
2187.0
13.0
0.0
0.0
0.0
4.0
2187.0
13.0
0.53400004
0.0
0.0
4.0
2187.6
13.0
1.00926
0.0
0.0
4.0
2188.7341
13.0
1.4322414
0.0
0.0
4.0
2190.3435
13.0
1.8086947
0.0
0.0
4.0
2192.3757
13.0
2.1437383
0.0
0.0
4.0
2194.7844
13.0
2.441927
0.0
0.0
4.0
2197.528
13.0
2.707315
0.0
0.0
4.0
2200.57
13.0
2.9435103
0.0
0.0
4.0
2203.8774
13.0
3.1537242
0.0
0.0
4.0
2207.421
13.0
3.3408144
0.0
0.0
4.0
2211.1746
13.0
3.507325
0.0
0.0
4.0
2215.1155
13.0
3.6555192
0.0
0.0
4.0
2219.223
13.0
3.7874122
0.0
0.0
4.0
2223.4785
13.0
3.9047966
0.0
0.0
4.0
2227.866
13.0
4.0092688
0.0
0.0
4.0
2232.3708
13.0
4.102249
0.0
0.0
4.0
2236.9802
13.0
4.1850014
0.0
0.0
4.0
2241.6824
13.0
4.2586513
0.0
0.0
4.0
2246.4673
13.0
4.3241997
0.0
0.0
4.0
2251.326
13.0
4.3825374
0.0
0.0
4.0
2256.2502
13.0
4.4344583
0.0
0.0
4.0
2261.2327
13.0
4.4806676
0.0
0.0
4.0
2266.267
13.0
4.521794
0.0
0.0
4.0
2271.3477
13.0
4.5583963
0.0
0.0
4.0
2276.4695
13.0
4.5909724
0.0
0.0
4.0
2281.628
13.0
4.619965
0.0
0.0
4.0
2286.8188
13.0
4.6457686
0.0
0.0
4.0
2292.0388
13.0
4.668734
0.0
0.0
4.0
2297.2847
13.0
4.689173
0.0
0.0
4.0
2302.5535
13.0
4.707364
0.0
0.0
4.0
2307.8425
13.0
4.7235537
0.0
0.0
4.0
2313.15
13.0
4.7379627
0.0
0.0
4.0
2318.4734
13.0
4.750787
0.0
0.0
4.0
2323.8113
13.0
4.7622
0.0
0.0
4.0
2329.162
13.0
4.772358
0.0
0.0
4.0
2334.5244
13.0
4.7813983
0.0
0.0
4.0
2339.8967
13.0
4.7894444
0.0
0.0
4.0
2345.278
13.0
4.7966056
0.0
0.0
4.0
2350.6675
13.0
4.802979
0.0
0.0
4.0
2356.064
13.0
4.808651
0.0
0.0
4.0
2361.467
13.0
0.0
0.0
0.0
4.0
2363.0
13.0
0.53400004
0.0
0.0
4.0
2363.6
13.0
1.00926
0.0
0.0
4.0
2364.7341
13.0
1.4322414
0.0
0.0
4.0
2366.3435
13.0
1.8086947
0.0
0.0
4.0
2368.3757
13.0
2.1437383
0.0
0.0
4.0
2370.7844
13.0
2.441927
0.0
0.0
4.0
2373.528
13.0
2.707315
0.0
0.0
4.0
2376.57
13.0
2.9435103
0.0
0.0
4.0
2379.8774
13.0
3.1537242
0.0
0.0
4.0
2383.421
13.0
3.3408144
0.0
0.0
4.0
2387.1746
13.0
3.507325
0.0
0.0
4.0
2391.1155
13.0
3.6555192
0.0
0.0
4.0
2395.223
13.0
0.0
0.0
0.0
4.0
2395.0
13.0
0.53400004
0.0
0.0
4.0
2395.6
13.0
0.0
0.0
0.0
4.0
2395.0
13.0
0.53400004
0.0
0.0
4.0
2395.6
13.0
1.00926
0.0
0.0
4.0
2396.7341
13.0
1.4322414
0.0
0.0
4.0
2398.3435
13.0
1.8086947
0.0
0.0
4.0
2400.3757
13.0
2.1437383
0.0
0.0
4.0
2402.7844
13.0
2.441927
0.0
0.0
4.0
2405.528
13.0
2.707315
0.0
0.0
4.0
2408.57
13.0
2.9435103
0.0
0.0
4.0
2411.8774
13.0
3.1537242
0.0
0.0
4.0
2415.421
13.0
3.3408144
0.0
0.0
4.0
2419.1746
13.0
3.507325
0.0
0.0
4.0
2423.1155
13.0
3.6555192
0.0
0.0
4.0
2427.223
13.0
3.7874122
0.0
0.0
4.0
2431.4785
13.0
3.9047966
0.0
0.0
4.0
2435.866
13.0
4.0092688
0.0
0.0
4.0
2440.3708
13.0
4.102249
0.0
0.0
4.0
2444.9802
13.0
4.1850014
0.0
0.0
4.0
2449.6824
13.0
4.2586513
0.0
0.0
4.0
2454.4673
13.0
4.3241997
0.0
0.0
4.0
2459.326
13.0
4.3825374
0.0
0.0
4.0
2464.2502
13.0
4.4344583
0.0
0.0
4.0
2469.2327
13.0
4.4806676
0.0
0.0
4.0
2474.267
13.0
4.521794
0.0
0.0
4.0
2479.3477
13.0
4.5583963
0.0
0.0
4.0
2484.4695
13.0
4.5909724
0.0
0.0
4.0
2489.628
13.0
4.619965
0.0
0.0
4.0
2494.8188
13.0
4.6457686
0.0
0.0
4.0
2500.0388
13.0
4.668734
0.0
0.0
4.0
2505.2847
13.0
4.689173
0.0
0.0
4.0
2510.5535
13.0
4.707364
0.0
0.0
4.0
2515.8425
13.0
4.7235537
0.0
0.0
4.0
2521.15
13.0
4.7379627
0.0
0.0
4.0
2526.4734
13.0
4.750787
0.0
0.0
4.0
2531.8113
13.0
4.7622
0.0
0.0
4.0
2537.162
13.0
4.772358
0.0
0.0
4.0
2542.5244
13.0
4.7813983
0.0
0.0
4.0
2547.8967
13.0
4.7894444
0.0
0.0
4.0
2553.278
13.0
4.7966056
0.0
0.0
4.0
2558.6675
13.0
4.802979
0.0
0.0
4.0
2564.064
13.0
4.808651
0.0
0.0
4.0
2569.467
13.0
4.8136992
0.0
0.0
4.0
2574.8757
13.0
4.818192
0.0
0.0
4.0
2580.2896
13.0
4.8221908
0.0
0.0
4.0
2585.7078
13.0
4.8257494
0.0
0.0
4.0
2591.13
13.0
4.828917
0.0
0.0
4.0
2596.5557
13.0
4.831736
0.0
0.0
4.0
2601.9846
13.0
4.8342447
0.0
0.0
4.0
2607.4163
13.0
4.8364778
0.0
0.0
4.0
2612.8506
13.0
4.838465
0.0
0.0
4.0
2618.287
13.0
4.840234
0.0
0.0
4.0
2623.7256
13.0
4.841808
0.0
0.0
4.0
2629.1658
13.0
4.843209
0.0
0.0
4.0
2634.6077
13.0
4.8444557
0.0
0.0
4.0
2640.0508
13.0
4.8455653
0.0
0.0
4.0
2645.495
13.0
4.846553
0.0
0.0
4.0
2650.9407
13.0
4.8474317
0.0
0.0
4.0
2656.3872
13.0
4.314214
0.0
0.0
4.0
2661.2346
13.0
3.8396506
0.0
0.0
4.0
2665.5488
13.0
3.417289
0.0
0.0
4.0
2669.3884
13.0
3.041387
0.0
0.0
4.0
2672.8057
13.0
2.7068346
0.0
0.0
4.0
2675.8472
13.0
2.9430828
0.0
0.0
4.0
2679.154
13.0
3.1533437
0.0
0.0
4.0
2682.697
13.0
3.3404758
0.0
0.0
4.0
2686.4504
13.0
2.9730234
0.0
0.0
4.0
2689.791
13.0
2.6459908
0.0
0.0
4.0
2692.7642
13.0
2.3549318
0.0
0.0
4.0
2695.4102
13.0
2.0958893
0.0
0.0
4.0
2697.7651
13.0
1.8653414
0.0
0.0
4.0
2699.861
13.0
1.6601539
0.0
0.0
4.0
2701.7263
13.0
1.4775369
0.0
0.0
4.0
2703.3865
13.0
1.3150078
0.0
0.0
4.0
2704.864
13.0
1.1703569
0.0
0.0
4.0
2706.179
13.0
1.5756176
0.0
0.0
4.0
2707.9492
13.0
1.9362997
0.0
0.0
4.0
2710.1248
13.0
2.2573068
0.0
0.0
4.0
2712.6611
13.0
2.543003
0.0
0.0
4.0
2715.5186
13.0
2.7972727
0.0
0.0
4.0
2718.6616
13.0
3.0235724
0.0
0.0
4.0
2722.0588
13.0
3.2249794
0.0
0.0
4.0
2725.6824
13.0
3.4042315
0.0
0.0
4.0
2729.5073
13.0
3.563766
0.0
0.0
4.0
2733.5115
13.0
3.7057517
0.0
0.0
4.0
2737.6753
14.0
3.832119
0.0
0.0
4.0
2741.981
14.0
3.9445858
0.0
0.0
4.0
2746.413
14.0
4.044681
0.0
0.0
4.0
2750.9578
14.0
3.599766
0.0
0.0
4.0
2755.0024
14.0
2.6697917
0.0
0.0
4.0
2758.0022
14.0
1.8421147
0.0
0.0
4.0
2760.072
14.0
1.639482
0.0
0.0
4.0
2761.914
14.0
1.459139
0.0
0.0
4.0
2763.5535
14.0
1.2986337
0.0
0.0
4.0
2765.0127
14.0
1.155784
0.0
0.0
4.0
2766.3113
14.0
1.0286478
0.0
0.0
4.0
2767.467
14.0
0.9154965
0.0
0.0
4.0
2768.4956
14.0
1.3487918
0.0
0.0
4.0
2770.011
14.0
1.7344247
0.0
0.0
4.0
2771.9597
14.0
2.077638
0.0
0.0
4.0
2774.2942
14.0
2.383098
0.0
0.0
4.0
2776.972
14.0
2.6549573
0.0
0.0
4.0
2779.955
14.0
2.8969119
0.0
0.0
4.0
2783.21
14.0
3.1122515
0.0
0.0
4.0
2786.7068
14.0
3.3039038
0.0
0.0
4.0
2790.419
14.0
3.4744744
0.0
0.0
4.0
2794.3228
14.0
3.6262822
0.0
0.0
4.0
2798.3972
14.0
3.761391
0.0
0.0
4.0
2802.6235
14.0
3.881638
0.0
0.0
4.0
2806.9849
14.0
3.9886577
0.0
0.0
4.0
2811.4666
14.0
4.083905
0.0
0.0
4.0
2816.0552
14.0
4.1686754
0.0
0.0
4.0
2820.739
14.0
4.244121
0.0
0.0
4.0
2825.5076
14.0
4.3112674
0.0
0.0
4.0
2830.3518
14.0
4.371028
0.0
0.0
4.0
2835.2632
14.0
4.424215
0.0
0.0
4.0
2840.2341
14.0
4.471551
0.0
0.0
4.0
2845.2583
14.0
4.51368
0.0
0.0
4.0
2850.3298
14.0
4.551175
0.0
0.0
4.0
2855.4436
14.0
4.5845456
0.0
0.0
4.0
2860.5947
14.0
4.6142454
0.0
0.0
4.0
2865.7793
14.0
4.6406784
0.0
0.0
4.0
2870.9937
14.0
4.6642036
0.0
0.0
4.0
2876.2344
14.0
4.685141
0.0
0.0
4.0
2881.4985
14.0
4.7037754
0.0
0.0
4.0
2886.7837
14.0
4.72036
0.0
0.0
4.0
2892.0874
14.0
4.7351203
0.0
0.0
4.0
2897.4077
14.0
4.7482567
0.0
0.0
4.0
2902.743
14.0
4.7599483
0.0
0.0
4.0
2908.091
14.0
4.770354
0.0
0.0
4.0
2913.451
14.0
4.779615
0.0
0.0
4.0
2918.8213
14.0
4.787857
0.0
0.0
4.0
2924.201
14.0
4.7951927
0.0
0.0
4.0
2929.5889
14.0
4.8017216
0.0
0.0
4.0
2934.9841
14.0
4.807532
0.0
0.0
4.0
2940.3857
14.0
4.812703
0.0
0.0
4.0
2945.7932
14.0
4.8173056
0.0
0.0
4.0
2951.2058
14.0
4.8214016
0.0
0.0
4.0
2956.623
14.0
4.8250475
0.0
0.0
4.0
2962.0444
14.0
4.828292
0.0
0.0
4.0
2967.4695
14.0
0.0
0.0
0.0
4.0
2971.0
14.0
0.53400004
0.0
0.0
4.0
2971.6
14.0
0.0
0.0
0.0
4.0
2971.0
14.0
0.53400004
0.0
0.0
4.0
2971.6
14.0
1.00926
0.0
0.0
4.0
2972.7341
14.0
1.4322414
0.0
0.0
4.0
2974.3435
14.0
1.8086947
0.0
0.0
4.0
2976.3757
14.0
2.1437383
0.0
0.0
4.0
2978.7844
14.0
2.441927
0.0
0.0
4.0
2981.528
14.0
2.707315
0.0
0.0
4.0
2984.57
14.0
2.9435103
0.0
0.0
4.0
2987.8774
14.0
3.1537242
0.0
0.0
4.0
2991.421
14.0
3.3408144
0.0
0.0
4.0
2995.1746
14.0
3.507325
0.0
0.0
4.0
2999.1155
14.0
3.6555192
0.0
0.0
4.0
3003.223
14.0
0.0
0.0
0.0
4.0
3003.0
14.0
0.53400004
0.0
0.0
4.0
3003.6
14.0
0.0
0.0
0.0
4.0
3003.0
14.0
0.53400004
0.0
0.0
4.0
3003.6
14.0
1.00926
0.0
0.0
4.0
3004.7341
14.0
1.4322414
0.0
0.0
4.0
3006.3435
14.0
1.8086947
0.0
0.0
4.0
3008.3757
14.0
2.1437383
0.0
0.0
4.0
3010.7844
14.0
2.441927
0.0
0.0
4.0
3013.528
14.0
2.707315
0.0
0.0
4.0
3016.57
14.0
2.9435103
0.0
0.0
4.0
3019.8774
14.0
3.1537242
0.0
0.0
4.0
3023.421
14.0
3.3408144
0.0
0.0
4.0
3027.1746
14.0
3.507325
0.0
0.0
4.0
3031.1155
14.0
3.6555192
0.0
0.0
4.0
3035.223
14.0
3.7874122
0.0
0.0
4.0
3039.4785
14.0
3.9047966
0.0
0.0
4.0
3043.866
14.0
4.0092688
0.0
0.0
4.0
3048.3708
14.0
4.102249
0.0
0.0
4.0
3052.9802
14.0
4.1850014
0.0
0.0
4.0
3057.6824
14.0
4.2586513
0.0
0.0
4.0
3062.4673
14.0
4.3241997
0.0
0.0
4.0
3067.326
14.0
4.3825374
0.0
0.0
4.0
3072.2502
14.0
4.4344583
0.0
0.0
4.0
3077.2327
14.0
4.4806676
0.0
0.0
4.0
3082.267
14.0
4.521794
0.0
0.0
4.0
3087.3477
14.0
4.5583963
0.0
0.0
4.0
3092.4695
14.0
4.5909724
0.0
0.0
4.0
3097.628
14.0
4.619965
0.0
0.0
4.0
3102.8188
14.0
4.6457686
0.0
0.0
4.0
3108.0388
14.0
4.668734
0.0
0.0
4.0
3113.2847
14.0
4.689173
0.0
0.0
4.0
3118.5535
14.0
4.707364
0.0
0.0
4.0
3123.8425
14.0
4.7235537
0.0
0.0
4.0
3129.15
14.0
4.7379627
0.0
0.0
4.0
3134.4734
14.0
4.750787
0.0
0.0
4.0
3139.8113
14.0
4.7622
0.0
0.0
4.0
3145.162
14.0
4.772358
0.0
0.0
4.0
3150.5244
14.0
4.7813983
0.0
0.0
4.0
3155.8967
14.0
4.7894444
0.0
0.0
4.0
3161.278
14.0
4.7966056
0.0
0.0
4.0
3166.6675
14.0
0.0
0.0
0.0
4.0
3168.0
14.0
