915, 6
0.0
0.0
0.0
4.0
56.0
0.0
0.0
0.0
0.0
4.0
56.0
0.0
0.0
0.0
0.0
4.0
56.0
0.0
0.0
0.0
0.0
4.0
56.0
0.0
0.0
0.0
0.0
4.0
56.0
0.0
0.0
0.0
0.0
4.0
56.0
0.0
0.0
0.0
0.0
4.0
56.0
0.0
0.0
0.0
0.0
4.0
56.0
0.0
0.53400004
0.0
0.0
4.0
56.6
0.0
1.00926
0.0
0.0
4.0
57.733997
0.0
1.4322414
0.0
0.0
4.0
59.343258
0.0
1.8086947
0.0
0.0
4.0
61.3755
0.0
2.1437383
0.0
0.0
4.0
63.784195
0.0
2.441927
0.0
0.0
4.0
66.52793
0.0
2.707315
0.0
0.0
4.0
69.569855
0.0
2.9435103
0.0
0.0
4.0
72.87717
0.0
3.1537242
0.0
0.0
4.0
76.42068
0.0
3.3408144
0.0
0.0
4.0
80.1744
0.0
3.507325
0.0
0.0
4.0
84.11521
0.0
3.6555192
0.0
0.0
4.0
88.222534
0.0
3.7874122
0.0
0.0
4.0
92.47805
0.0
3.9047966
0.0
0.0
4.0
96.86546
0.0
4.0092688
0.0
0.0
4.0
101.37026
0.0
4.102249
0.0
0.0
4.0
105.97953
0.0
4.1850014
0.0
0.0
4.0
110.68178
0.0
4.2586513
0.0
0.0
4.0
115.46678
0.0
4.3241997
0.0
0.0
4.0
120.32543
0.0
4.3825374
0.0
0.0
4.0
125.24963
0.0
4.4344583
0.0
0.0
4.0
130.23218
0.0
4.4806676
0.0
0.0
4.0
135.26663
0.0
4.521794
0.0
0.0
4.0
140.3473
0.0
4.5583963
0.0
0.0
4.0
145.4691
0.0
4.5909724
0.0
0.0
4.0
150.6275
0.0
4.619965
0.0
0.0
4.0
155.81848
0.0
4.6457686
0.0
0.0
4.0
161.03845
0.0
4.668734
0.0
0.0
4.0
166.28423
0.0
4.689173
0.0
0.0
4.0
171.55296
0.0
4.707364
0.0
0.0
4.0
176.84213
0.0
4.7235537
0.0
0.0
4.0
182.14949
0.0
4.7379627
0.0
0.0
4.0
187.47304
0.0
4.750787
0.0
0.0
4.0
192.811
0.0
4.7622
0.0
0.0
4.0
198.16179
0.0
4.772358
0.0
0.0
4.0
203.52399
0.0
4.7813983
0.0
0.0
4.0
208.89635
0.0
4.7894444
0.0
0.0
4.0
214.27774
0.0
4.7966056
0.0
0.0
4.0
219.66719
0.0
4.802979
0.0
0.0
4.0
225.0638
0.0
4.808651
0.0
0.0
4.0
230.46678
0.0
4.8136992
0.0
0.0
4.0
235.87543
0.0
4.818192
0.0
0.0
4.0
241.28912
0.0
4.8221908
0.0
0.0
4.0
246.70732
0.0
4.8257494
0.0
0.0
4.0
252.12952
0.0
4.828917
0.0
0.0
4.0
257.55527
0.0
4.831736
0.0
0.0
4.0
262.9842
0.0
4.8342447
0.0
0.0
4.0
268.41592
0.0
4.8364778
0.0
0.0
4.0
273.85016
0.0
4.838465
0.0
0.0
4.0
279.28662
0.0
4.840234
0.0
0.0
4.0
284.7251
0.0
4.841808
0.0
0.0
4.0
290.16534
0.0
4.309209
0.0
0.0
4.0
295.00714
0.0
3.3011959
0.0
0.0
4.0
298.71634
0.0
2.4040642
0.0
0.0
4.0
301.41754
0.0
1.605617
0.0
0.0
4.0
303.22162
0.0
1.4289992
0.0
0.0
4.0
304.82724
0.0
1.2718092
0.0
0.0
4.0
306.25623
0.0
1.1319102
0.0
0.0
4.0
307.52805
0.0
1.0074
0.0
0.0
4.0
308.65994
1.0
0.896586
0.0
0.0
4.0
309.66733
1.0
0.79796153
0.0
0.0
4.0
310.5639
1.0
1.2441858
0.0
0.0
4.0
311.96185
1.0
1.6413254
0.0
0.0
4.0
313.80603
1.0
0.0
0.0
0.0
4.0
315.0
1.0
0.53400004
0.0
0.0
4.0
315.6
1.0
1.00926
0.0
0.0
4.0
316.734
1.0
1.4322414
0.0
0.0
4.0
318.34326
1.0
1.8086947
0.0
0.0
4.0
320.3755
1.0
2.1437383
0.0
0.0
4.0
322.78418
1.0
2.441927
0.0
0.0
4.0
325.52792
1.0
2.707315
0.0
0.0
4.0
328.56985
1.0
2.9435103
0.0
0.0
4.0
331.87717
1.0
3.1537242
0.0
0.0
4.0
335.4207
1.0
3.3408144
0.0
0.0
4.0
339.1744
1.0
3.507325
0.0
0.0
4.0
343.11523
1.0
3.6555192
0.0
0.0
4.0
347.22256
1.0
3.7874122
0.0
0.0
4.0
351.4781
1.0
3.9047966
0.0
0.0
4.0
355.8655
1.0
4.0092688
0.0
0.0
4.0
360.3703
1.0
4.102249
0.0
0.0
4.0
364.97958
1.0
4.1850014
0.0
0.0
4.0
369.68182
1.0
4.2586513
0.0
0.0
4.0
374.46683
1.0
4.3241997
0.0
0.0
4.0
379.32547
1.0
4.3825374
0.0
0.0
4.0
384.24966
1.0
4.4344583
0.0
0.0
4.0
389.2322
1.0
4.4806676
0.0
0.0
4.0
394.26666
1.0
4.521794
0.0
0.0
4.0
399.34732
1.0
4.5583963
0.0
0.0
4.0
404.46912
1.0
4.5909724
0.0
0.0
4.0
409.6275
1.0
4.619965
0.0
0.0
4.0
414.81848
1.0
4.6457686
0.0
0.0
4.0
420.03845
1.0
4.668734
0.0
0.0
4.0
425.2842
1.0
4.689173
0.0
0.0
4.0
430.55295
1.0
4.707364
0.0
0.0
4.0
435.84213
1.0
4.7235537
0.0
0.0
4.0
441.1495
1.0
4.7379627
0.0
0.0
4.0
446.47305
1.0
4.750787
0.0
0.0
4.0
451.811
1.0
4.7622
0.0
0.0
4.0
457.1618
1.0
4.772358
0.0
0.0
4.0
462.52402
1.0
4.7813983
0.0
0.0
4.0
467.89636
1.0
4.7894444
0.0
0.0
4.0
473.27777
1.0
4.7966056
0.0
0.0
4.0
478.6672
1.0
4.802979
0.0
0.0
4.0
484.0638
1.0
4.808651
0.0
0.0
4.0
489.4668
1.0
4.8136992
0.0
0.0
4.0
494.87546
1.0
4.818192
0.0
0.0
4.0
500.28915
1.0
4.8221908
0.0
0.0
4.0
505.70734
1.0
4.8257494
0.0
0.0
4.0
511.12952
1.0
4.828917
0.0
0.0
4.0
516.55524
1.0
4.831736
0.0
0.0
4.0
521.98413
1.0
4.8342447
0.0
0.0
4.0
527.4159
1.0
4.8364778
0.0
0.0
4.0
532.85016
1.0
4.838465
0.0
0.0
4.0
538.2866
1.0
4.840234
0.0
0.0
4.0
543.7251
1.0
4.841808
0.0
0.0
4.0
549.16534
1.0
4.843209
0.0
0.0
4.0
554.6072
1.0
4.8444557
0.0
0.0
4.0
560.0504
1.0
4.8455653
0.0
0.0
4.0
565.4949
1.0
4.846553
0.0
0.0
4.0
570.9404
1.0
4.8474317
0.0
0.0
4.0
576.38696
1.0
4.848214
0.0
0.0
4.0
581.8344
1.0
4.8489103
0.0
0.0
4.0
587.28265
1.0
4.84953
0.0
0.0
4.0
592.73157
1.0
4.850082
0.0
0.0
4.0
598.1811
1.0
4.8505726
0.0
0.0
4.0
603.63116
1.0
4.8510094
0.0
0.0
4.0
609.0817
1.0
4.851398
0.0
0.0
4.0
614.5327
1.0
4.851744
0.0
0.0
4.0
619.98413
1.0
4.852052
0.0
0.0
4.0
625.43585
1.0
4.8523264
0.0
0.0
4.0
630.8879
1.0
4.8525705
0.0
0.0
4.0
636.3402
1.0
4.8527875
0.0
0.0
4.0
641.7928
1.0
4.8529806
0.0
0.0
4.0
647.24554
1.0
4.8531528
0.0
0.0
4.0
652.69855
1.0
4.853306
0.0
0.0
4.0
658.1517
1.0
4.853442
0.0
0.0
4.0
663.605
1.0
4.8535633
0.0
0.0
4.0
669.0584
2.0
4.853671
0.0
0.0
4.0
674.51196
2.0
4.853767
0.0
0.0
4.0
679.96564
2.0
4.8538523
0.0
0.0
4.0
685.41943
2.0
4.8539286
0.0
0.0
4.0
690.8733
2.0
4.8539963
0.0
0.0
4.0
696.3272
2.0
4.8540564
0.0
0.0
4.0
701.7812
2.0
4.85411
0.0
0.0
4.0
707.2352
2.0
4.8541574
0.0
0.0
4.0
712.68933
2.0
4.8542
0.0
0.0
4.0
718.1435
2.0
4.8542376
0.0
0.0
4.0
723.5977
2.0
4.8542714
0.0
0.0
4.0
729.05194
2.0
0.0
0.0
0.0
4.0
731.0
2.0
0.53400004
0.0
0.0
4.0
731.6
2.0
0.0
0.0
0.0
4.0
731.0
2.0
0.53400004
0.0
0.0
4.0
731.6
2.0
0.0
0.0
0.0
4.0
731.0
2.0
0.53400004
0.0
0.0
4.0
731.6
2.0
0.0
0.0
0.0
4.0
731.0
2.0
0.53400004
0.0
0.0
4.0
731.6
2.0
1.00926
0.0
0.0
4.0
732.73395
2.0
1.4322414
0.0
0.0
4.0
734.3432
2.0
1.8086947
0.0
0.0
4.0
736.3754
2.0
2.1437383
0.0
0.0
4.0
738.7841
2.0
2.441927
0.0
0.0
4.0
741.52783
2.0
2.707315
0.0
0.0
4.0
744.56976
2.0
2.9435103
0.0
0.0
4.0
747.8771
2.0
3.1537242
0.0
0.0
4.0
751.4206
2.0
3.3408144
0.0
0.0
4.0
755.1743
2.0
3.507325
0.0
0.0
4.0
759.1151
2.0
3.6555192
0.0
0.0
4.0
763.2224
2.0
3.7874122
0.0
0.0
4.0
767.4779
2.0
3.9047966
0.0
0.0
4.0
771.8653
2.0
4.0092688
0.0
0.0
4.0
776.3701
2.0
4.102249
0.0
0.0
4.0
780.9794
2.0
4.1850014
0.0
0.0
4.0
785.68164
2.0
4.2586513
0.0
0.0
4.0
790.4666
2.0
4.3241997
0.0
0.0
4.0
795.32526
2.0
4.3825374
0.0
0.0
4.0
800.24945
2.0
3.3664582
0.0
0.0
4.0
804.032
3.0
2.4621477
0.0
0.0
4.0
806.79846
3.0
2.7253113
0.0
0.0
4.0
809.8606
3.0
2.959527
0.0
0.0
4.0
813.1859
3.0
3.167979
0.0
0.0
4.0
816.7454
3.0
3.3535013
0.0
0.0
4.0
820.5134
3.0
3.518616
0.0
0.0
4.0
824.4669
3.0
3.6655684
0.0
0.0
4.0
828.5855
3.0
3.7963557
0.0
0.0
4.0
832.8511
3.0
3.9127564
0.0
0.0
4.0
837.24744
4.0
4.016353
0.0
0.0
4.0
841.7602
4.0
4.1085544
0.0
0.0
4.0
846.3765
4.0
4.1906133
0.0
0.0
4.0
851.0851
4.0
4.2636456
0.0
0.0
4.0
855.8757
4.0
4.3286443
0.0
0.0
4.0
860.7393
4.0
4.386493
0.0
0.0
4.0
865.66797
4.0
4.4379787
0.0
0.0
4.0
870.6545
4.0
4.483801
0.0
0.0
4.0
875.69244
4.0
4.524583
0.0
0.0
4.0
880.77625
4.0
4.5608788
0.0
0.0
4.0
885.9008
4.0
4.593182
0.0
0.0
4.0
891.0617
4.0
4.621932
0.0
0.0
4.0
896.2549
4.0
4.647519
0.0
0.0
4.0
901.4768
4.0
4.670292
0.0
0.0
4.0
906.7243
4.0
0.0
0.0
0.0
4.0
907.0
4.0
0.53400004
0.0
0.0
4.0
907.6
4.0
0.0
0.0
0.0
4.0
907.0
4.0
0.53400004
0.0
0.0
4.0
907.6
4.0
1.00926
0.0
0.0
4.0
908.73395
4.0
1.4322414
0.0
0.0
4.0
910.3432
4.0
1.8086947
0.0
0.0
4.0
912.3754
4.0
2.1437383
0.0
0.0
4.0
914.7841
4.0
2.441927
0.0
0.0
4.0
917.52783
4.0
2.707315
0.0
0.0
4.0
920.56976
4.0
2.9435103
0.0
0.0
4.0
923.8771
4.0
3.1537242
0.0
0.0
4.0
927.4206
4.0
3.3408144
0.0
0.0
4.0
931.1743
4.0
3.507325
0.0
0.0
4.0
935.1151
4.0
3.6555192
0.0
0.0
4.0
939.2224
4.0
3.7874122
0.0
0.0
4.0
943.4779
4.0
3.9047966
0.0
0.0
4.0
947.8653
4.0
4.0092688
0.0
0.0
4.0
952.3701
4.0
4.102249
0.0
0.0
4.0
956.9794
4.0
4.1850014
0.0
0.0
4.0
961.68164
4.0
4.2586513
0.0
0.0
4.0
966.4666
4.0
4.3241997
0.0
0.0
4.0
971.32526
4.0
4.3825374
0.0
0.0
4.0
976.24945
4.0
4.4344583
0.0
0.0
4.0
981.232
4.0
4.4806676
0.0
0.0
4.0
986.2665
4.0
4.521794
0.0
0.0
4.0
991.34717
4.0
4.5583963
0.0
0.0
4.0
996.46893
4.0
4.5909724
0.0
0.0
4.0
1001.6273
4.0
4.619965
0.0
0.0
4.0
1006.8183
4.0
4.6457686
0.0
0.0
4.0
1012.03827
4.0
4.668734
0.0
0.0
4.0
1017.28406
4.0
4.689173
0.0
0.0
4.0
1022.5528
4.0
4.707364
0.0
0.0
4.0
1027.8419
4.0
4.7235537
0.0
0.0
4.0
1033.1493
4.0
4.7379627
0.0
0.0
4.0
1038.4729
4.0
4.750787
0.0
0.0
4.0
1043.8109
4.0
4.7622
0.0
0.0
4.0
1049.1617
4.0
4.772358
0.0
0.0
4.0
1054.5239
4.0
4.7813983
0.0
0.0
4.0
1059.8962
4.0
4.7894444
0.0
0.0
4.0
1065.2776
4.0
4.7966056
0.0
0.0
4.0
1070.667
4.0
4.802979
0.0
0.0
4.0
1076.0636
4.0
4.808651
0.0
0.0
4.0
1081.4666
4.0
4.8136992
0.0
0.0
4.0
1086.8752
4.0
4.818192
0.0
0.0
4.0
1092.289
4.0
4.8221908
0.0
0.0
4.0
1097.7072
4.0
4.8257494
0.0
0.0
4.0
1103.1294
4.0
4.828917
0.0
0.0
4.0
1108.5552
4.0
4.831736
0.0
0.0
4.0
1113.9841
4.0
4.8342447
0.0
0.0
4.0
1119.4159
4.0
4.8364778
0.0
0.0
4.0
1124.8501
4.0
4.838465
0.0
0.0
4.0
1130.2866
4.0
4.840234
0.0
0.0
4.0
1135.7251
4.0
4.841808
0.0
0.0
4.0
1141.1653
4.0
4.843209
0.0
0.0
4.0
1146.607
4.0
4.8444557
0.0
0.0
4.0
1152.0503
4.0
4.8455653
0.0
0.0
4.0
1157.4948
4.0
4.846553
0.0
0.0
4.0
1162.9403
4.0
4.8474317
0.0
0.0
4.0
1168.3868
4.0
4.848214
0.0
0.0
4.0
1173.8342
4.0
4.8489103
0.0
0.0
4.0
1179.2825
4.0
4.84953
0.0
0.0
4.0
1184.7313
4.0
3.7820818
0.0
0.0
4.0
1188.9808
4.0
2.8320527
0.0
0.0
4.0
1192.163
4.0
1.986527
0.0
0.0
4.0
1194.395
4.0
1.2340089
0.0
0.0
4.0
1195.7815
4.0
0.5642679
0.0
0.0
4.0
1196.4155
4.0
0.0
0.0
0.0
4.0
1196.4155
4.0
-0.53400004
0.0
0.0
4.0
1195.8156
4.0
-1.00926
0.0
0.0
4.0
1194.6815
4.0
-1.4322414
0.0
0.0
4.0
1193.0723
4.0
-1.8086947
0.0
0.0
4.0
1191.04
4.0
-1.6097382
0.0
0.0
4.0
1189.2313
4.0
-1.432667
0.0
0.0
4.0
1187.6216
4.0
-1.2750736
0.0
0.0
4.0
1186.189
4.0
-1.1348156
0.0
0.0
4.0
1184.914
4.0
-1.0099858
0.0
0.0
4.0
1183.7792
4.0
-0.89888734
0.0
0.0
4.0
1182.7692
4.0
-0.8000097
0.0
0.0
4.0
1181.8702
4.0
-0.71200866
0.0
0.0
4.0
1181.0702
4.0
-0.6336877
0.0
0.0
4.0
1180.3582
4.0
-0.563982
0.0
0.0
4.0
1179.7245
4.0
-0.501944
0.0
0.0
4.0
1179.1605
4.0
-0.44673017
0.0
0.0
4.0
1178.6586
4.0
0.0
0.0
0.0
4.0
1178.6586
4.0
0.53400004
0.0
0.0
4.0
1179.2585
4.0
1.00926
0.0
0.0
4.0
1180.3926
4.0
1.4322414
0.0
0.0
4.0
1182.0018
4.0
1.8086947
0.0
0.0
4.0
1184.034
4.0
2.1437383
0.0
0.0
4.0
1186.4427
4.0
2.441927
0.0
0.0
4.0
1189.1865
4.0
2.707315
0.0
0.0
4.0
1192.2284
4.0
2.4095104
0.0
0.0
4.0
1194.9357
5.0
2.1444643
0.0
0.0
4.0
1197.3452
5.0
1.3745731
0.0
0.0
4.0
1198.8896
5.0
0.68937004
0.0
0.0
4.0
1199.6642
5.0
0.0
0.0
0.0
4.0
1199.6642
5.0
-0.53400004
0.0
0.0
4.0
1199.0642
5.0
-1.00926
0.0
0.0
4.0
1197.9302
5.0
-1.4322414
0.0
0.0
4.0
1196.3209
5.0
-1.8086947
0.0
0.0
4.0
1194.2887
5.0
-2.1437383
0.0
0.0
4.0
1191.88
5.0
-2.441927
0.0
0.0
4.0
1189.1362
5.0
-2.707315
0.0
0.0
4.0
1186.0944
5.0
-2.4095104
0.0
0.0
4.0
1183.3871
5.0
-2.1444643
0.0
0.0
4.0
1180.9775
5.0
-1.9085732
0.0
0.0
4.0
1178.8331
5.0
-1.6986301
0.0
0.0
4.0
1176.9246
5.0
-1.5117807
0.0
0.0
4.0
1175.226
5.0
-1.3454849
0.0
0.0
4.0
1173.7141
5.0
-1.1974815
0.0
0.0
4.0
1172.3687
5.0
-1.0657586
0.0
0.0
4.0
1171.1711
5.0
-0.94852513
0.0
0.0
4.0
1170.1053
5.0
-0.8441874
0.0
0.0
4.0
1169.1569
5.0
-0.75132674
0.0
0.0
4.0
1168.3126
5.0
-0.6686808
0.0
0.0
4.0
1167.5613
5.0
-0.5951259
0.0
0.0
4.0
1166.8926
5.0
-0.5296621
0.0
0.0
4.0
1166.2975
5.0
-0.47139925
0.0
0.0
4.0
1165.7678
5.0
0.0
0.0
0.0
4.0
1165.7678
5.0
0.53400004
0.0
0.0
4.0
1166.3678
5.0
1.00926
0.0
0.0
4.0
1167.5018
5.0
1.4322414
0.0
0.0
4.0
1169.1111
5.0
1.8086947
0.0
0.0
4.0
1171.1433
5.0
2.1437383
0.0
0.0
4.0
1173.552
5.0
2.441927
0.0
0.0
4.0
1176.2958
5.0
2.707315
0.0
0.0
4.0
1179.3376
5.0
2.9435103
0.0
0.0
4.0
1182.645
5.0
3.1537242
0.0
0.0
4.0
1186.1885
5.0
3.3408144
0.0
0.0
4.0
1189.9423
5.0
2.9733248
0.0
0.0
4.0
1193.2831
5.0
2.646259
0.0
0.0
4.0
1196.2563
5.0
2.3551705
0.0
0.0
4.0
1198.9026
6.0
2.0961018
0.0
0.0
4.0
1201.2578
6.0
1.8655305
0.0
0.0
4.0
1203.3539
6.0
1.6603221
0.0
0.0
4.0
1205.2194
6.0
1.4776866
0.0
0.0
4.0
1206.8796
6.0
1.3151411
0.0
0.0
4.0
1208.3573
6.0
1.1704756
0.0
0.0
4.0
1209.6725
6.0
1.5757233
0.0
0.0
4.0
1211.443
6.0
1.9363937
0.0
0.0
4.0
1213.6188
6.0
2.2573903
0.0
0.0
4.0
1216.1552
6.0
2.5430775
0.0
0.0
4.0
1219.0126
6.0
2.7973387
0.0
0.0
4.0
1222.1556
6.0
3.0236316
0.0
0.0
4.0
1225.553
6.0
3.2250319
0.0
0.0
4.0
1229.1766
6.0
3.4042783
0.0
0.0
4.0
1233.0017
6.0
3.5638075
0.0
0.0
4.0
1237.006
6.0
3.7057886
0.0
0.0
4.0
1241.1698
6.0
3.8321517
0.0
0.0
4.0
1245.4756
6.0
3.9446151
0.0
0.0
4.0
1249.9077
6.0
4.0447073
0.0
0.0
4.0
1254.4523
6.0
4.1337895
0.0
0.0
4.0
1259.0969
6.0
4.2130723
0.0
0.0
4.0
1263.8307
6.0
4.283634
0.0
0.0
4.0
1268.6438
6.0
4.346434
0.0
0.0
4.0
1273.5275
6.0
4.402326
0.0
0.0
4.0
1278.4739
6.0
4.45207
0.0
0.0
4.0
1283.4762
6.0
4.496342
0.0
0.0
4.0
1288.5283
6.0
4.535744
0.0
0.0
4.0
1293.6246
6.0
4.570812
0.0
0.0
4.0
1298.7604
6.0
4.6020226
0.0
0.0
4.0
1303.9312
6.0
4.6298
0.0
0.0
4.0
1309.1332
6.0
4.6545215
0.0
0.0
4.0
1314.363
6.0
4.676524
0.0
0.0
4.0
1319.6176
6.0
4.6961064
0.0
0.0
4.0
1324.894
6.0
4.7135344
0.0
0.0
4.0
1330.1902
6.0
4.7290454
0.0
0.0
4.0
1335.5037
6.0
4.7428503
0.0
0.0
4.0
1340.8328
6.0
4.7551365
0.0
0.0
4.0
1346.1757
6.0
4.7660713
0.0
0.0
4.0
1351.5308
6.0
4.775803
0.0
0.0
4.0
1356.8969
6.0
4.7844644
0.0
0.0
4.0
1362.2727
6.0
4.792173
0.0
0.0
4.0
1367.6572
6.0
4.7990336
0.0
0.0
4.0
1373.0494
6.0
4.8051395
0.0
0.0
4.0
1378.4485
6.0
4.810574
0.0
0.0
4.0
1383.8536
6.0
4.8154106
0.0
0.0
4.0
1389.2642
6.0
4.8197155
0.0
0.0
4.0
1394.6796
6.0
4.8235464
0.0
0.0
4.0
1400.0992
6.0
4.8269563
0.0
0.0
4.0
1405.5228
6.0
4.829991
0.0
0.0
4.0
1410.9498
6.0
4.8326917
0.0
0.0
4.0
1416.3798
6.0
4.3010955
0.0
0.0
4.0
1421.2124
6.0
3.827975
0.0
0.0
4.0
1425.5135
6.0
3.4068978
0.0
0.0
4.0
1429.3416
6.0
3.032139
0.0
0.0
4.0
1432.7484
6.0
2.1646037
0.0
0.0
4.0
1435.1805
6.0
1.3924973
0.0
0.0
4.0
1436.7451
6.0
0.70532256
0.0
0.0
4.0
1437.5376
6.0
0.62773705
0.0
0.0
4.0
1438.2429
6.0
0.55868596
0.0
0.0
4.0
1438.8706
6.0
1.0312304
0.0
0.0
4.0
1440.0293
6.0
1.4517951
0.0
0.0
4.0
1441.6605
6.0
1.8260975
0.0
0.0
4.0
1443.7123
6.0
2.1592267
0.0
0.0
4.0
1446.1384
6.0
2.4557118
0.0
0.0
4.0
1448.8977
6.0
2.7195835
0.0
0.0
4.0
1451.9534
6.0
2.9544291
0.0
0.0
4.0
1455.273
6.0
2.629442
0.0
0.0
4.0
1458.2274
6.0
2.3402033
0.0
0.0
4.0
1460.8568
6.0
2.0827808
0.0
0.0
4.0
1463.197
6.0
1.3196748
0.0
0.0
4.0
1464.6798
6.0
0.64051056
0.0
0.0
4.0
1465.3995
6.0
0.0
0.0
0.0
4.0
1465.3995
6.0
-0.53400004
0.0
0.0
4.0
1464.7996
6.0
-1.00926
0.0
0.0
4.0
1463.6655
7.0
-1.4322414
0.0
0.0
4.0
1462.0563
7.0
-1.8086947
0.0
0.0
4.0
1460.024
7.0
-2.1437383
0.0
0.0
4.0
1457.6154
7.0
-1.907927
0.0
0.0
4.0
1455.4716
7.0
-1.698055
0.0
0.0
4.0
1453.5636
7.0
-1.511269
0.0
0.0
4.0
1451.8656
7.0
-1.3450294
0.0
0.0
4.0
1450.3544
7.0
-1.1970761
0.0
0.0
4.0
1449.0094
7.0
-1.0653977
0.0
0.0
4.0
1447.8124
7.0
-0.948204
0.0
0.0
4.0
1446.747
7.0
0.0
0.0
0.0
4.0
1446.747
7.0
0.53400004
0.0
0.0
4.0
1447.3469
7.0
1.00926
0.0
0.0
4.0
1448.481
7.0
1.4322414
0.0
0.0
4.0
1450.0902
7.0
1.8086947
0.0
0.0
4.0
1452.1224
7.0
2.1437383
0.0
0.0
4.0
1454.5311
7.0
2.441927
0.0
0.0
4.0
1457.2749
7.0
2.707315
0.0
0.0
4.0
1460.3168
7.0
2.4095104
0.0
0.0
4.0
1463.024
7.0
2.1444643
0.0
0.0
4.0
1465.4336
7.0
1.9085732
0.0
0.0
4.0
1467.578
7.0
1.6986301
0.0
0.0
4.0
1469.4866
7.0
1.5117807
0.0
0.0
4.0
1471.1852
7.0
1.3454849
0.0
0.0
4.0
1472.697
7.0
1.1974815
0.0
0.0
4.0
1474.0425
8.0
1.0657586
0.0
0.0
4.0
1475.24
8.0
1.4825251
0.0
0.0
4.0
1476.9058
8.0
1.8534474
0.0
0.0
4.0
1478.9883
8.0
2.183568
0.0
0.0
4.0
1481.4418
8.0
2.4773755
0.0
0.0
4.0
1484.2253
8.0
2.7388642
0.0
0.0
4.0
1487.3027
8.0
2.971589
0.0
0.0
4.0
1490.6416
8.0
3.178714
0.0
0.0
4.0
1494.2131
8.0
3.3630555
0.0
0.0
4.0
1497.9918
8.0
3.5271194
0.0
0.0
4.0
1501.9548
8.0
3.6731362
0.0
0.0
4.0
1506.0819
8.0
3.803091
0.0
0.0
4.0
1510.3551
8.0
3.918751
0.0
0.0
4.0
1514.7582
8.0
4.0216885
0.0
0.0
4.0
1519.277
8.0
4.1133027
0.0
0.0
4.0
1523.8987
8.0
4.1948395
0.0
0.0
4.0
1528.6119
8.0
4.267407
0.0
0.0
4.0
1533.4067
8.0
4.331992
0.0
0.0
4.0
1538.2742
8.0
4.389473
0.0
0.0
4.0
1543.2062
8.0
4.440631
0.0
0.0
4.0
1548.1957
8.0
4.486161
0.0
0.0
4.0
1553.2363
8.0
4.5266833
0.0
0.0
4.0
1558.3225
8.0
4.562748
0.0
0.0
4.0
1563.4492
8.0
4.5948453
0.0
0.0
4.0
1568.6119
8.0
4.623412
0.0
0.0
4.0
1573.8068
8.0
4.6488366
0.0
0.0
4.0
1579.0302
8.0
4.6714644
0.0
0.0
4.0
1584.2789
8.0
4.691603
0.0
0.0
4.0
1589.5504
8.0
4.7095265
0.0
0.0
4.0
1594.842
8.0
4.7254786
0.0
0.0
4.0
1600.1516
8.0
4.739676
0.0
0.0
4.0
1605.477
8.0
4.7523117
0.0
0.0
4.0
1610.8168
8.0
4.7635574
0.0
0.0
4.0
1616.1691
8.0
4.773566
0.0
0.0
4.0
1621.5326
8.0
4.7824736
0.0
0.0
4.0
1626.9061
8.0
4.7904015
0.0
0.0
4.0
1632.2886
8.0
4.797457
0.0
0.0
4.0
1637.679
8.0
4.8037367
0.0
0.0
4.0
1643.0764
8.0
3.7413256
0.0
0.0
4.0
1647.2802
8.0
2.7957797
0.0
0.0
4.0
1650.4215
8.0
1.954244
0.0
0.0
4.0
1652.6173
8.0
1.2052771
0.0
0.0
4.0
1653.9716
8.0
1.0726966
0.0
0.0
4.0
1655.1769
8.0
0.95469993
0.0
0.0
4.0
1656.2496
8.0
0.8496829
0.0
0.0
4.0
1657.2043
9.0
0.7562178
0.0
0.0
4.0
1658.0541
9.0
0.67303383
0.0
0.0
4.0
1658.8103
9.0
0.5990001
0.0
0.0
4.0
1659.4833
9.0
0.5331101
0.0
0.0
4.0
1660.0823
9.0
0.47446796
0.0
0.0
4.0
1660.6154
9.0
0.0
0.0
0.0
4.0
1660.6154
9.0
0.0
0.0
0.0
4.0
1660.6154
9.0
0.0
0.0
0.0
4.0
1660.6154
9.0
0.0
0.0
0.0
4.0
1660.6154
9.0
0.0
0.0
0.0
4.0
1660.6154
9.0
0.0
0.0
0.0
4.0
1660.6154
9.0
0.53400004
0.0
0.0
4.0
1661.2153
9.0
1.00926
0.0
0.0
4.0
1662.3494
9.0
1.4322414
0.0
0.0
4.0
1663.9586
9.0
1.8086947
0.0
0.0
4.0
1665.9908
9.0
2.1437383
0.0
0.0
4.0
1668.3995
9.0
2.441927
0.0
0.0
4.0
1671.1433
9.0
2.707315
0.0
0.0
4.0
1674.1852
9.0
2.9435103
0.0
0.0
4.0
1677.4926
9.0
3.1537242
0.0
0.0
4.0
1681.036
9.0
3.3408144
0.0
0.0
4.0
1684.7898
9.0
3.507325
0.0
0.0
4.0
1688.7306
9.0
3.6555192
0.0
0.0
4.0
1692.8379
9.0
3.7874122
0.0
0.0
4.0
1697.0934
9.0
3.9047966
0.0
0.0
4.0
1701.4808
9.0
4.0092688
0.0
0.0
4.0
1705.9856
9.0
4.102249
0.0
0.0
4.0
1710.5948
9.0
4.1850014
0.0
0.0
4.0
1715.2971
9.0
4.2586513
0.0
0.0
4.0
1720.0822
9.0
4.3241997
0.0
0.0
4.0
1724.9408
9.0
4.3825374
0.0
0.0
4.0
1729.865
9.0
4.4344583
0.0
0.0
4.0
1734.8475
9.0
4.4806676
0.0
0.0
4.0
1739.882
9.0
4.521794
0.0
0.0
4.0
1744.9626
9.0
4.5583963
0.0
0.0
4.0
1750.0845
9.0
4.5909724
0.0
0.0
4.0
1755.2429
9.0
4.619965
0.0
0.0
4.0
1760.4338
9.0
4.6457686
0.0
0.0
4.0
1765.6538
9.0
4.668734
0.0
0.0
4.0
1770.8995
9.0
4.689173
0.0
0.0
4.0
1776.1682
9.0
4.707364
0.0
0.0
4.0
1781.4574
9.0
4.7235537
0.0
0.0
4.0
1786.7648
9.0
4.7379627
0.0
0.0
4.0
1792.0884
9.0
4.750787
0.0
0.0
4.0
1797.4264
9.0
4.7622
0.0
0.0
4.0
1802.7772
9.0
4.772358
0.0
0.0
4.0
1808.1394
9.0
4.7813983
0.0
0.0
4.0
1813.5117
9.0
4.7894444
0.0
0.0
4.0
1818.8931
9.0
4.7966056
0.0
0.0
4.0
1824.2825
9.0
4.802979
0.0
0.0
4.0
1829.6791
9.0
4.808651
0.0
0.0
4.0
1835.082
9.0
4.8136992
0.0
0.0
4.0
1840.4907
9.0
4.818192
0.0
0.0
4.0
1845.9044
9.0
4.8221908
0.0
0.0
4.0
1851.3226
9.0
4.8257494
0.0
0.0
4.0
1856.7449
9.0
4.828917
0.0
0.0
4.0
1862.1707
9.0
4.831736
0.0
0.0
4.0
1867.5996
9.0
4.8342447
0.0
0.0
4.0
1873.0314
9.0
4.8364778
0.0
0.0
4.0
1878.4656
9.0
4.838465
0.0
0.0
4.0
1883.9021
9.0
4.840234
0.0
0.0
4.0
1889.3406
9.0
4.841808
0.0
0.0
4.0
1894.7808
9.0
4.843209
0.0
0.0
4.0
1900.2225
9.0
4.8444557
0.0
0.0
4.0
1905.6658
9.0
4.8455653
0.0
0.0
4.0
1911.1102
9.0
4.846553
0.0
0.0
4.0
1916.5558
9.0
4.8474317
0.0
0.0
4.0
1922.0023
9.0
4.848214
0.0
0.0
4.0
1927.4497
9.0
4.8489103
0.0
0.0
4.0
1932.898
9.0
4.3155303
0.0
0.0
4.0
1937.7468
9.0
3.306822
0.0
0.0
4.0
1941.4624
9.0
2.4090714
0.0
0.0
4.0
1944.1692
9.0
1.6100736
0.0
0.0
4.0
1945.9783
9.0
1.4329654
0.0
0.0
4.0
1947.5884
9.0
1.2753391
0.0
0.0
4.0
1949.0214
9.0
1.1350518
0.0
0.0
4.0
1950.2968
9.0
1.0101961
0.0
0.0
4.0
1951.4318
10.0
0.8990745
0.0
0.0
4.0
1952.442
10.0
0.80017626
0.0
0.0
4.0
1953.3411
10.0
0.7121569
0.0
0.0
4.0
1954.1412
10.0
0.63381964
0.0
0.0
4.0
1954.8534
10.0
0.5640995
0.0
0.0
4.0
1955.4872
10.0
0.50204855
0.0
0.0
4.0
1956.0513
10.0
0.4468232
0.0
0.0
4.0
1956.5533
10.0
0.0
0.0
0.0
4.0
1956.5533
10.0
-0.53400004
0.0
0.0
4.0
1955.9534
11.0
-1.00926
0.0
0.0
4.0
1954.8193
11.0
-1.4322414
0.0
0.0
4.0
1953.2101
11.0
-1.8086947
0.0
0.0
4.0
1951.1779
11.0
-2.1437383
0.0
0.0
4.0
1948.7692
11.0
-2.441927
0.0
0.0
4.0
1946.0254
11.0
-2.707315
0.0
0.0
4.0
1942.9835
11.0
-2.4095104
0.0
0.0
4.0
1940.2762
11.0
-1.6104642
0.0
0.0
4.0
1938.4667
11.0
-0.8993131
0.0
0.0
4.0
1937.4562
11.0
0.0
0.0
0.0
4.0
1937.4562
11.0
0.53400004
0.0
0.0
4.0
1938.0562
11.0
1.00926
0.0
0.0
4.0
1939.1902
11.0
1.4322414
0.0
0.0
4.0
1940.7994
11.0
1.8086947
0.0
0.0
4.0
1942.8317
11.0
2.1437383
0.0
0.0
4.0
1945.2404
11.0
2.441927
0.0
0.0
4.0
1947.9841
11.0
2.173315
0.0
0.0
4.0
1950.426
11.0
1.9342504
0.0
0.0
4.0
1952.5994
11.0
1.7214828
0.0
0.0
4.0
1954.5336
11.0
1.5321196
0.0
0.0
4.0
1956.255
11.0
1.3635864
0.0
0.0
4.0
1957.7871
11.0
0.6795919
0.0
0.0
4.0
1958.5507
11.0
0.0
0.0
0.0
4.0
1958.5507
12.0
-0.53400004
0.0
0.0
4.0
1957.9507
12.0
-1.00926
0.0
0.0
4.0
1956.8167
12.0
-1.4322414
0.0
0.0
4.0
1955.2074
12.0
-1.8086947
0.0
0.0
4.0
1953.1752
12.0
-2.1437383
0.0
0.0
4.0
1950.7665
12.0
-2.441927
0.0
0.0
4.0
1948.0227
12.0
-2.173315
0.0
0.0
4.0
1945.5808
12.0
-1.9342504
0.0
0.0
4.0
1943.4075
12.0
-1.7214828
0.0
0.0
4.0
1941.4733
12.0
-1.5321196
0.0
0.0
4.0
1939.7518
12.0
-0.82958645
0.0
0.0
4.0
1938.8197
12.0
0.0
0.0
0.0
4.0
1938.8197
12.0
0.53400004
0.0
0.0
4.0
1939.4197
12.0
1.00926
0.0
0.0
4.0
1940.5537
12.0
1.4322414
0.0
0.0
4.0
1942.163
12.0
1.8086947
0.0
0.0
4.0
1944.1952
12.0
2.1437383
0.0
0.0
4.0
1946.6039
12.0
1.907927
0.0
0.0
4.0
1948.7477
12.0
1.698055
0.0
0.0
4.0
1950.6556
12.0
1.511269
0.0
0.0
4.0
1952.3536
12.0
1.3450294
0.0
0.0
4.0
1953.8649
12.0
1.1970761
0.0
0.0
4.0
1955.2098
12.0
0.5313977
0.0
0.0
4.0
1955.8069
12.0
0.0
0.0
0.0
4.0
1955.8069
13.0
-0.53400004
0.0
0.0
4.0
1955.2069
13.0
-0.47526002
0.0
0.0
4.0
1954.6729
13.0
0.0
0.0
0.0
4.0
1954.6729
13.0
0.53400004
0.0
0.0
4.0
1955.2728
13.0
1.00926
0.0
0.0
4.0
1956.4069
13.0
1.4322414
0.0
0.0
4.0
1958.0161
13.0
1.8086947
0.0
0.0
4.0
1960.0483
13.0
2.1437383
0.0
0.0
4.0
1962.457
13.0
2.441927
0.0
0.0
4.0
1965.2008
13.0
2.707315
0.0
0.0
4.0
1968.2427
13.0
2.9435103
0.0
0.0
4.0
1971.55
13.0
3.1537242
0.0
0.0
4.0
1975.0935
13.0
3.3408144
0.0
0.0
4.0
1978.8473
13.0
3.507325
0.0
0.0
4.0
1982.7881
13.0
3.6555192
0.0
0.0
4.0
1986.8954
13.0
3.7874122
0.0
0.0
4.0
1991.1509
13.0
3.9047966
0.0
0.0
4.0
1995.5383
13.0
4.0092688
0.0
0.0
4.0
2000.0431
13.0
4.102249
0.0
0.0
4.0
2004.6523
13.0
4.1850014
0.0
0.0
4.0
2009.3546
13.0
4.2586513
0.0
0.0
4.0
2014.1396
13.0
4.3241997
0.0
0.0
4.0
2018.9983
13.0
4.3825374
0.0
0.0
4.0
2023.9225
13.0
4.4344583
0.0
0.0
4.0
2028.905
13.0
4.4806676
0.0
0.0
4.0
2033.9395
13.0
4.521794
0.0
0.0
4.0
2039.0201
13.0
4.5583963
0.0
0.0
4.0
2044.142
13.0
4.5909724
0.0
0.0
4.0
2049.3003
13.0
4.619965
0.0
0.0
4.0
2054.4912
13.0
4.6457686
0.0
0.0
4.0
2059.7112
13.0
4.668734
0.0
0.0
4.0
2064.957
13.0
4.689173
0.0
0.0
4.0
2070.2258
13.0
4.707364
0.0
0.0
4.0
2075.515
13.0
4.7235537
0.0
0.0
4.0
2080.8223
13.0
4.7379627
0.0
0.0
4.0
2086.1458
13.0
4.750787
0.0
0.0
4.0
2091.4836
13.0
4.7622
0.0
0.0
4.0
2096.8345
13.0
4.772358
0.0
0.0
4.0
2102.1968
13.0
4.7813983
0.0
0.0
4.0
2107.569
13.0
4.7894444
0.0
0.0
4.0
2112.9504
13.0
4.7966056
0.0
0.0
4.0
2118.3398
13.0
4.802979
0.0
0.0
4.0
2123.7363
13.0
4.808651
0.0
0.0
4.0
2129.1394
13.0
4.8136992
0.0
0.0
4.0
2134.548
13.0
4.818192
0.0
0.0
4.0
2139.962
13.0
4.8221908
0.0
0.0
4.0
2145.3801
13.0
4.8257494
0.0
0.0
4.0
2150.8022
13.0
4.828917
0.0
0.0
4.0
2156.228
13.0
4.831736
0.0
0.0
4.0
2161.657
13.0
4.8342447
0.0
0.0
4.0
2167.0886
13.0
4.8364778
0.0
0.0
4.0
2172.523
13.0
4.838465
0.0
0.0
4.0
2177.9595
13.0
4.840234
0.0
0.0
4.0
2183.398
13.0
0.0
0.0
0.0
4.0
2187.0
13.0
0.0
0.0
0.0
4.0
2187.0
13.0
0.0
0.0
0.0
4.0
2187.0
13.0
0.0
0.0
0.0
4.0
2187.0
13.0
0.0
0.0
0.0
4.0
2187.0
13.0
0.0
0.0
0.0
4.0
2187.0
13.0
0.0
0.0
0.0
4.0
2187.0
13.0
0.53400004
0.0
0.0
4.0
2187.6
13.0
1.00926
0.0
0.0
4.0
2188.7341
13.0
1.4322414
0.0
0.0
4.0
2190.3435
13.0
1.8086947
0.0
0.0
4.0
2192.3757
13.0
2.1437383
0.0
0.0
4.0
2194.7844
13.0
2.441927
0.0
0.0
4.0
2197.528
13.0
2.707315
0.0
0.0
4.0
2200.57
13.0
2.9435103
0.0
0.0
4.0
2203.8774
13.0
3.1537242
0.0
0.0
4.0
2207.421
13.0
3.3408144
0.0
0.0
4.0
2211.1746
13.0
3.507325
0.0
0.0
4.0
2215.1155
13.0
3.6555192
0.0
0.0
4.0
2219.223
13.0
3.7874122
0.0
0.0
4.0
2223.4785
13.0
3.9047966
0.0
0.0
4.0
2227.866
13.0
4.0092688
0.0
0.0
4.0
2232.3708
13.0
4.102249
0.0
0.0
4.0
2236.9802
13.0
4.1850014
0.0
0.0
4.0
2241.6824
13.0
4.2586513
0.0
0.0
4.0
2246.4673
13.0
4.3241997
0.0
0.0
4.0
2251.326
13.0
4.3825374
0.0
0.0
4.0
2256.2502
13.0
4.4344583
0.0
0.0
4.0
2261.2327
13.0
4.4806676
0.0
0.0
4.0
2266.267
13.0
4.521794
0.0
0.0
4.0
2271.3477
13.0
4.5583963
0.0
0.0
4.0
2276.4695
13.0
4.5909724
0.0
0.0
4.0
2281.628
13.0
4.619965
0.0
0.0
4.0
2286.8188
13.0
4.6457686
0.0
0.0
4.0
2292.0388
13.0
4.668734
0.0
0.0
4.0
2297.2847
13.0
4.689173
0.0
0.0
4.0
2302.5535
13.0
4.707364
0.0
0.0
4.0
2307.8425
13.0
4.7235537
0.0
0.0
4.0
2313.15
13.0
4.7379627
0.0
0.0
4.0
2318.4734
13.0
4.750787
0.0
0.0
4.0
2323.8113
13.0
4.7622
0.0
0.0
4.0
2329.162
13.0
4.772358
0.0
0.0
4.0
2334.5244
13.0
4.7813983
0.0
0.0
4.0
2339.8967
13.0
4.7894444
0.0
0.0
4.0
2345.278
13.0
4.7966056
0.0
0.0
4.0
2350.6675
13.0
4.802979
0.0
0.0
4.0
2356.064
13.0
4.808651
0.0
0.0
4.0
2361.467
13.0
4.8136992
0.0
0.0
4.0
2366.8757
13.0
4.818192
0.0
0.0
4.0
2372.2896
13.0
4.8221908
0.0
0.0
4.0
2377.7078
13.0
4.8257494
0.0
0.0
4.0
2383.13
13.0
4.828917
0.0
0.0
4.0
2388.5557
13.0
4.831736
0.0
0.0
4.0
2393.9846
13.0
4.8342447
0.0
0.0
4.0
2399.4163
13.0
4.302478
0.0
0.0
4.0
2404.2505
13.0
3.8292053
0.0
0.0
4.0
2408.553
13.0
0.0
0.0
0.0
4.0
2411.0
13.0
0.0
0.0
0.0
4.0
2411.0
13.0
0.0
0.0
0.0
4.0
2411.0
13.0
0.0
0.0
0.0
4.0
2411.0
13.0
0.53400004
0.0
0.0
4.0
2411.6
13.0
1.00926
0.0
0.0
4.0
2412.7341
13.0
1.4322414
0.0
0.0
4.0
2414.3435
13.0
1.8086947
0.0
0.0
4.0
2416.3757
13.0
2.1437383
0.0
0.0
4.0
2418.7844
13.0
2.441927
0.0
0.0
4.0
2421.528
13.0
2.707315
0.0
0.0
4.0
2424.57
13.0
2.9435103
0.0
0.0
4.0
2427.8774
13.0
3.1537242
0.0
0.0
4.0
2431.421
13.0
3.3408144
0.0
0.0
4.0
2435.1746
13.0
3.507325
0.0
0.0
4.0
2439.1155
13.0
3.6555192
0.0
0.0
4.0
2443.223
13.0
3.7874122
0.0
0.0
4.0
2447.4785
13.0
3.9047966
0.0
0.0
4.0
2451.866
13.0
4.0092688
0.0
0.0
4.0
2456.3708
13.0
4.102249
0.0
0.0
4.0
2460.9802
13.0
4.1850014
0.0
0.0
4.0
2465.6824
13.0
4.2586513
0.0
0.0
4.0
2470.4673
13.0
4.3241997
0.0
0.0
4.0
2475.326
13.0
4.3825374
0.0
0.0
4.0
2480.2502
13.0
4.4344583
0.0
0.0
4.0
2485.2327
13.0
4.4806676
0.0
0.0
4.0
2490.267
13.0
4.521794
0.0
0.0
4.0
2495.3477
13.0
4.5583963
0.0
0.0
4.0
2500.4695
13.0
4.5909724
0.0
0.0
4.0
2505.628
13.0
4.619965
0.0
0.0
4.0
2510.8188
13.0
4.6457686
0.0
0.0
4.0
2516.0388
13.0
4.668734
0.0
0.0
4.0
2521.2847
13.0
4.689173
0.0
0.0
4.0
2526.5535
13.0
4.707364
0.0
0.0
4.0
2531.8425
13.0
4.7235537
0.0
0.0
4.0
2537.15
13.0
4.7379627
0.0
0.0
4.0
2542.4734
13.0
4.750787
0.0
0.0
4.0
2547.8113
13.0
4.7622
0.0
0.0
4.0
2553.162
13.0
4.772358
0.0
0.0
4.0
2558.5244
13.0
4.7813983
0.0
0.0
4.0
2563.8967
13.0
4.7894444
0.0
0.0
4.0
2569.278
13.0
4.7966056
0.0
0.0
4.0
2574.6675
13.0
4.802979
0.0
0.0
4.0
2580.064
13.0
4.808651
0.0
0.0
4.0
2585.467
13.0
4.8136992
0.0
0.0
4.0
2590.8757
13.0
4.818192
0.0
0.0
4.0
2596.2896
13.0
4.8221908
0.0
0.0
4.0
2601.7078
13.0
4.8257494
0.0
0.0
4.0
2607.13
13.0
4.828917
0.0
0.0
4.0
2612.5557
13.0
4.831736
0.0
0.0
4.0
2617.9846
13.0
4.8342447
0.0
0.0
4.0
2623.4163
13.0
4.8364778
0.0
0.0
4.0
2628.8506
13.0
4.838465
0.0
0.0
4.0
2634.287
13.0
4.306234
0.0
0.0
4.0
2639.1255
13.0
3.8325481
0.0
0.0
4.0
2643.4316
13.0
3.4109678
0.0
0.0
4.0
2647.2642
13.0
3.5697613
0.0
0.0
4.0
2651.2751
13.0
3.7110875
0.0
0.0
4.0
2655.4448
13.0
3.8368678
0.0
0.0
4.0
2659.7559
13.0
3.9488122
0.0
0.0
4.0
2664.1926
13.0
4.048443
0.0
0.0
4.0
2668.7415
13.0
4.137114
0.0
0.0
4.0
2673.39
13.0
4.2160316
0.0
0.0
4.0
2678.127
13.0
4.2862678
0.0
0.0
4.0
2682.9429
13.0
4.3487782
0.0
0.0
4.0
2687.829
13.0
4.4044123
0.0
0.0
4.0
2692.7778
13.0
4.4539266
0.0
0.0
4.0
2697.7822
13.0
4.4979944
0.0
0.0
4.0
2702.8362
13.0
4.5372148
0.0
0.0
4.0
2707.934
13.0
4.572121
0.0
0.0
4.0
2713.0713
13.0
4.6031876
0.0
0.0
4.0
2718.2434
13.0
4.630837
0.0
0.0
4.0
2723.4465
13.0
4.6554446
0.0
0.0
4.0
2728.6775
13.0
4.6773458
0.0
0.0
4.0
2733.9329
13.0
4.1628375
0.0
0.0
4.0
2738.61
13.0
3.7049253
0.0
0.0
4.0
2742.773
13.0
2.7633834
0.0
0.0
4.0
2745.878
13.0
1.9254112
0.0
0.0
4.0
2748.0413
13.0
1.713616
0.0
0.0
4.0
2749.9666
14.0
1.5251182
0.0
0.0
4.0
2751.6802
14.0
1.8913553
0.0
0.0
4.0
2753.8052
14.0
2.2173064
0.0
0.0
4.0
2756.2966
14.0
2.5074027
0.0
0.0
4.0
2759.114
14.0
2.2315884
0.0
0.0
4.0
2761.6213
14.0
1.9861137
0.0
0.0
4.0
2763.853
14.0
1.2336411
0.0
0.0
4.0
2765.2393
14.0
0.5639406
0.0
0.0
4.0
2765.8728
14.0
0.5019071
0.0
0.0
4.0
2766.4368
15.0
0.98069733
0.0
0.0
4.0
2767.5386
15.0
1.4068205
0.0
0.0
4.0
2769.1194
15.0
1.7860703
0.0
0.0
4.0
2771.1262
15.0
2.1236024
0.0
0.0
4.0
2773.5122
15.0
2.424006
0.0
0.0
4.0
2776.2358
15.0
2.6913652
0.0
0.0
4.0
2779.2598
15.0
2.9293149
0.0
0.0
4.0
2782.551
15.0
3.1410904
0.0
0.0
4.0
2786.0803
15.0
3.3295703
0.0
0.0
4.0
2789.8215
15.0
3.4973173
0.0
0.0
4.0
2793.7512
15.0
3.6466122
0.0
0.0
4.0
2797.8486
15.0
3.7794847
0.0
0.0
4.0
2802.0952
15.0
3.8977413
0.0
0.0
4.0
2806.4746
15.0
4.00299
0.0
0.0
4.0
2810.9724
15.0
4.0966606
0.0
0.0
4.0
2815.5754
15.0
4.180028
0.0
0.0
4.0
2820.2722
15.0
4.254225
0.0
0.0
4.0
2825.0522
15.0
4.32026
0.0
0.0
4.0
2829.9065
15.0
4.379031
0.0
0.0
4.0
2834.8267
15.0
4.431338
0.0
0.0
4.0
2839.8057
15.0
4.4778905
0.0
0.0
4.0
2844.837
15.0
4.5193224
0.0
0.0
4.0
2849.9148
15.0
4.5561967
0.0
0.0
4.0
2855.0342
15.0
4.589015
0.0
0.0
4.0
2860.1904
15.0
4.618223
0.0
0.0
4.0
2865.3794
15.0
4.6442184
0.0
0.0
4.0
2870.5977
15.0
4.667354
0.0
0.0
4.0
2875.8418
15.0
4.687945
0.0
0.0
4.0
2881.1091
15.0
4.7062707
0.0
0.0
4.0
2886.397
15.0
4.722581
0.0
0.0
4.0
2891.7031
15.0
4.737097
0.0
0.0
4.0
2897.0256
15.0
4.750016
0.0
0.0
4.0
2902.3628
15.0
4.761514
0.0
0.0
4.0
2907.713
15.0
4.7717476
0.0
0.0
4.0
2913.0745
15.0
4.780855
0.0
0.0
4.0
2918.4463
15.0
4.788961
0.0
0.0
4.0
2923.8271
15.0
4.796175
0.0
0.0
4.0
2929.216
15.0
4.8025956
0.0
0.0
4.0
2934.6123
15.0
4.80831
0.0
0.0
4.0
2940.015
15.0
4.813396
0.0
0.0
4.0
2945.423
15.0
4.817922
0.0
0.0
4.0
2950.8364
15.0
4.8219504
0.0
0.0
4.0
2956.2544
15.0
4.825536
0.0
0.0
4.0
2961.6763
15.0
4.828727
0.0
0.0
4.0
2967.1018
15.0
0.0
0.0
0.0
4.0
2971.0
15.0
0.53400004
0.0
0.0
4.0
2971.6
15.0
0.0
0.0
0.0
4.0
2971.0
15.0
0.53400004
0.0
0.0
4.0
2971.6
15.0
1.00926
0.0
0.0
4.0
2972.7341
15.0
1.4322414
0.0
0.0
4.0
2974.3435
15.0
1.8086947
0.0
0.0
4.0
2976.3757
15.0
2.1437383
0.0
0.0
4.0
2978.7844
15.0
2.441927
0.0
0.0
4.0
2981.528
15.0
2.707315
0.0
0.0
4.0
2984.57
15.0
2.9435103
0.0
0.0
4.0
2987.8774
15.0
3.1537242
0.0
0.0
4.0
2991.421
15.0
3.3408144
0.0
0.0
4.0
2995.1746
15.0
3.507325
0.0
0.0
4.0
2999.1155
15.0
3.6555192
0.0
0.0
4.0
3003.223
15.0
0.0
0.0
0.0
4.0
3003.0
15.0
0.53400004
0.0
0.0
4.0
3003.6
15.0
0.0
0.0
0.0
4.0
3003.0
15.0
0.53400004
0.0
0.0
4.0
3003.6
15.0
1.00926
0.0
0.0
4.0
3004.7341
15.0
1.4322414
0.0
0.0
4.0
3006.3435
15.0
1.8086947
0.0
0.0
4.0
3008.3757
15.0
2.1437383
0.0
0.0
4.0
3010.7844
15.0
2.441927
0.0
0.0
4.0
3013.528
15.0
2.707315
0.0
0.0
4.0
3016.57
15.0
2.9435103
0.0
0.0
4.0
3019.8774
15.0
3.1537242
0.0
0.0
4.0
3023.421
15.0
3.3408144
0.0
0.0
4.0
3027.1746
15.0
3.507325
0.0
0.0
4.0
3031.1155
15.0
3.6555192
0.0
0.0
4.0
3035.223
15.0
3.7874122
0.0
0.0
4.0
3039.4785
15.0
3.9047966
0.0
0.0
4.0
3043.866
15.0
4.0092688
0.0
0.0
4.0
3048.3708
15.0
4.102249
0.0
0.0
4.0
3052.9802
15.0
4.1850014
0.0
0.0
4.0
3057.6824
15.0
4.2586513
0.0
0.0
4.0
3062.4673
15.0
4.3241997
0.0
0.0
4.0
3067.326
15.0
4.3825374
0.0
0.0
4.0
3072.2502
15.0
4.4344583
0.0
0.0
4.0
3077.2327
15.0
4.4806676
0.0
0.0
4.0
3082.267
15.0
4.521794
0.0
0.0
4.0
3087.3477
15.0
4.5583963
0.0
0.0
4.0
3092.4695
15.0
4.5909724
0.0
0.0
4.0
3097.628
15.0
4.619965
0.0
0.0
4.0
3102.8188
15.0
4.6457686
0.0
0.0
4.0
3108.0388
15.0
4.668734
0.0
0.0
4.0
3113.2847
15.0
4.689173
0.0
0.0
4.0
3118.5535
15.0
4.707364
0.0
0.0
4.0
3123.8425
15.0
4.7235537
0.0
0.0
4.0
3129.15
15.0
4.7379627
0.0
0.0
4.0
3134.4734
15.0
4.750787
0.0
0.0
4.0
3139.8113
15.0
4.7622
0.0
0.0
4.0
3145.162
15.0
4.772358
0.0
0.0
4.0
3150.5244
15.0
4.7813983
0.0
0.0
4.0
3155.8967
15.0
4.7894444
0.0
0.0
4.0
3161.278
15.0
4.7966056
0.0
0.0
4.0
3166.6675
15.0
0.0
0.0
0.0
4.0
3168.0
15.0
