956, 6
0.0
0.0
0.0
4.0
56.0
0.0
0.0
0.0
0.0
4.0
56.0
0.0
0.0
0.0
0.0
4.0
56.0
0.0
0.0
0.0
0.0
4.0
56.0
0.0
0.0
0.0
0.0
4.0
56.0
0.0
0.0
0.0
0.0
4.0
56.0
0.0
0.0
0.0
0.0
4.0
56.0
0.0
0.53400004
0.0
0.0
4.0
56.6
0.0
1.00926
0.0
0.0
4.0
57.733997
0.0
1.4322414
0.0
0.0
4.0
59.343258
0.0
1.8086947
0.0
0.0
4.0
61.3755
0.0
2.1437383
0.0
0.0
4.0
63.784195
0.0
2.441927
0.0
0.0
4.0
66.52793
0.0
2.707315
0.0
0.0
4.0
69.569855
0.0
2.9435103
0.0
0.0
4.0
72.87717
0.0
3.1537242
0.0
0.0
4.0
76.42068
0.0
3.3408144
0.0
0.0
4.0
80.1744
0.0
3.507325
0.0
0.0
4.0
84.11521
0.0
3.6555192
0.0
0.0
4.0
88.222534
0.0
3.7874122
0.0
0.0
4.0
92.47805
0.0
3.9047966
0.0
0.0
4.0
96.86546
0.0
4.0092688
0.0
0.0
4.0
101.37026
0.0
4.102249
0.0
0.0
4.0
105.97953
0.0
4.1850014
0.0
0.0
4.0
110.68178
0.0
4.2586513
0.0
0.0
4.0
115.46678
0.0
4.3241997
0.0
0.0
4.0
120.32543
0.0
4.3825374
0.0
0.0
4.0
125.24963
0.0
4.4344583
0.0
0.0
4.0
130.23218
0.0
4.4806676
0.0
0.0
4.0
135.26663
0.0
4.521794
0.0
0.0
4.0
140.3473
0.0
4.5583963
0.0
0.0
4.0
145.4691
0.0
4.5909724
0.0
0.0
4.0
150.6275
0.0
4.619965
0.0
0.0
4.0
155.81848
0.0
4.6457686
0.0
0.0
4.0
161.03845
0.0
4.668734
0.0
0.0
4.0
166.28423
0.0
4.689173
0.0
0.0
4.0
171.55296
0.0
4.707364
0.0
0.0
4.0
176.84213
0.0
4.7235537
0.0
0.0
4.0
182.14949
0.0
4.7379627
0.0
0.0
4.0
187.47304
0.0
4.750787
0.0
0.0
4.0
192.811
0.0
4.7622
0.0
0.0
4.0
198.16179
0.0
4.772358
0.0
0.0
4.0
203.52399
0.0
4.7813983
0.0
0.0
4.0
208.89635
0.0
4.7894444
0.0
0.0
4.0
214.27774
0.0
4.7966056
0.0
0.0
4.0
219.66719
0.0
4.802979
0.0
0.0
4.0
225.0638
0.0
4.808651
0.0
0.0
4.0
230.46678
0.0
4.8136992
0.0
0.0
4.0
235.87543
0.0
4.818192
0.0
0.0
4.0
241.28912
0.0
4.8221908
0.0
0.0
4.0
246.70732
0.0
4.8257494
0.0
0.0
4.0
252.12952
0.0
4.828917
0.0
0.0
4.0
257.55527
0.0
4.831736
0.0
0.0
4.0
262.9842
0.0
4.8342447
0.0
0.0
4.0
268.41592
0.0
4.8364778
0.0
0.0
4.0
273.85016
0.0
4.838465
0.0
0.0
4.0
279.28662
0.0
4.840234
0.0
0.0
4.0
284.7251
0.0
4.841808
0.0
0.0
4.0
290.16534
0.0
4.309209
0.0
0.0
4.0
295.00714
0.0
3.8351958
0.0
0.0
4.0
299.31635
0.0
2.879324
0.0
0.0
4.0
302.55154
0.0
2.0285983
0.0
0.0
4.0
304.83087
0.0
1.2714524
0.0
0.0
4.0
306.25946
0.0
0.59759265
0.0
0.0
4.0
306.9309
0.0
0.53185743
0.0
0.0
4.0
307.5285
1.0
0.47335312
0.0
0.0
4.0
308.06036
1.0
0.9552843
0.0
0.0
4.0
309.13373
1.0
1.384203
0.0
0.0
4.0
310.68903
1.0
1.7659407
0.0
0.0
4.0
312.67322
1.0
2.1056871
0.0
0.0
4.0
315.03915
1.0
0.0
0.0
0.0
4.0
315.0
1.0
0.53400004
0.0
0.0
4.0
315.6
1.0
1.00926
0.0
0.0
4.0
316.734
1.0
1.4322414
0.0
0.0
4.0
318.34326
1.0
1.8086947
0.0
0.0
4.0
320.3755
1.0
2.1437383
0.0
0.0
4.0
322.78418
1.0
2.441927
0.0
0.0
4.0
325.52792
1.0
2.707315
0.0
0.0
4.0
328.56985
1.0
2.9435103
0.0
0.0
4.0
331.87717
1.0
3.1537242
0.0
0.0
4.0
335.4207
1.0
3.3408144
0.0
0.0
4.0
339.1744
1.0
3.507325
0.0
0.0
4.0
343.11523
1.0
3.6555192
0.0
0.0
4.0
347.22256
1.0
3.7874122
0.0
0.0
4.0
351.4781
1.0
3.9047966
0.0
0.0
4.0
355.8655
1.0
4.0092688
0.0
0.0
4.0
360.3703
1.0
4.102249
0.0
0.0
4.0
364.97958
1.0
4.1850014
0.0
0.0
4.0
369.68182
1.0
4.2586513
0.0
0.0
4.0
374.46683
1.0
4.3241997
0.0
0.0
4.0
379.32547
1.0
4.3825374
0.0
0.0
4.0
384.24966
1.0
4.4344583
0.0
0.0
4.0
389.2322
1.0
4.4806676
0.0
0.0
4.0
394.26666
1.0
4.521794
0.0
0.0
4.0
399.34732
1.0
4.5583963
0.0
0.0
4.0
404.46912
1.0
4.5909724
0.0
0.0
4.0
409.6275
1.0
4.619965
0.0
0.0
4.0
414.81848
1.0
4.6457686
0.0
0.0
4.0
420.03845
1.0
4.668734
0.0
0.0
4.0
425.2842
1.0
4.689173
0.0
0.0
4.0
430.55295
1.0
4.707364
0.0
0.0
4.0
435.84213
1.0
4.7235537
0.0
0.0
4.0
441.1495
1.0
4.7379627
0.0
0.0
4.0
446.47305
1.0
4.750787
0.0
0.0
4.0
451.811
1.0
4.7622
0.0
0.0
4.0
457.1618
1.0
4.772358
0.0
0.0
4.0
462.52402
1.0
4.7813983
0.0
0.0
4.0
467.89636
1.0
4.7894444
0.0
0.0
4.0
473.27777
1.0
4.7966056
0.0
0.0
4.0
478.6672
1.0
4.802979
0.0
0.0
4.0
484.0638
1.0
4.808651
0.0
0.0
4.0
489.4668
1.0
4.8136992
0.0
0.0
4.0
494.87546
1.0
4.818192
0.0
0.0
4.0
500.28915
1.0
4.8221908
0.0
0.0
4.0
505.70734
1.0
4.8257494
0.0
0.0
4.0
511.12952
1.0
4.828917
0.0
0.0
4.0
516.55524
1.0
4.831736
0.0
0.0
4.0
521.98413
1.0
4.8342447
0.0
0.0
4.0
527.4159
1.0
4.8364778
0.0
0.0
4.0
532.85016
1.0
4.838465
0.0
0.0
4.0
538.2866
1.0
4.840234
0.0
0.0
4.0
543.7251
1.0
4.841808
0.0
0.0
4.0
549.16534
1.0
4.843209
0.0
0.0
4.0
554.6072
1.0
4.8444557
0.0
0.0
4.0
560.0504
1.0
4.8455653
0.0
0.0
4.0
565.4949
1.0
4.846553
0.0
0.0
4.0
570.9404
1.0
4.8474317
0.0
0.0
4.0
576.38696
1.0
4.848214
0.0
0.0
4.0
581.8344
1.0
4.8489103
0.0
0.0
4.0
587.28265
1.0
4.84953
0.0
0.0
4.0
592.73157
1.0
4.850082
0.0
0.0
4.0
598.1811
1.0
4.8505726
0.0
0.0
4.0
603.63116
1.0
4.8510094
0.0
0.0
4.0
609.0817
1.0
4.851398
0.0
0.0
4.0
614.5327
1.0
4.851744
0.0
0.0
4.0
619.98413
1.0
4.852052
0.0
0.0
4.0
625.43585
1.0
4.8523264
0.0
0.0
4.0
630.8879
1.0
4.8525705
0.0
0.0
4.0
636.3402
1.0
4.8527875
0.0
0.0
4.0
641.7928
1.0
4.8529806
0.0
0.0
4.0
647.24554
1.0
4.8531528
0.0
0.0
4.0
652.69855
1.0
4.853306
0.0
0.0
4.0
658.1517
1.0
4.853442
0.0
0.0
4.0
663.605
1.0
4.8535633
0.0
0.0
4.0
669.0584
2.0
4.853671
0.0
0.0
4.0
674.51196
2.0
4.853767
0.0
0.0
4.0
679.96564
2.0
4.8538523
0.0
0.0
4.0
685.41943
2.0
4.8539286
0.0
0.0
4.0
690.8733
2.0
4.8539963
0.0
0.0
4.0
696.3272
2.0
4.8540564
0.0
0.0
4.0
701.7812
2.0
4.85411
0.0
0.0
4.0
707.2352
2.0
4.8541574
0.0
0.0
4.0
712.68933
2.0
4.8542
0.0
0.0
4.0
718.1435
2.0
4.8542376
0.0
0.0
4.0
723.5977
2.0
4.8542714
0.0
0.0
4.0
729.05194
2.0
0.0
0.0
0.0
4.0
731.0
2.0
0.53400004
0.0
0.0
4.0
731.6
2.0
0.0
0.0
0.0
4.0
731.0
2.0
0.53400004
0.0
0.0
4.0
731.6
2.0
0.0
0.0
0.0
4.0
731.0
2.0
0.53400004
0.0
0.0
4.0
731.6
2.0
0.0
0.0
0.0
4.0
731.0
2.0
0.53400004
0.0
0.0
4.0
731.6
2.0
1.00926
0.0
0.0
4.0
732.73395
2.0
1.4322414
0.0
0.0
4.0
734.3432
2.0
1.8086947
0.0
0.0
4.0
736.3754
2.0
2.1437383
0.0
0.0
4.0
738.7841
2.0
2.441927
0.0
0.0
4.0
741.52783
2.0
2.707315
0.0
0.0
4.0
744.56976
2.0
2.9435103
0.0
0.0
4.0
747.8771
2.0
3.1537242
0.0
0.0
4.0
751.4206
2.0
3.3408144
0.0
0.0
4.0
755.1743
2.0
3.507325
0.0
0.0
4.0
759.1151
2.0
3.6555192
0.0
0.0
4.0
763.2224
2.0
3.7874122
0.0
0.0
4.0
767.4779
2.0
3.9047966
0.0
0.0
4.0
771.8653
2.0
4.0092688
0.0
0.0
4.0
776.3701
2.0
4.102249
0.0
0.0
4.0
780.9794
2.0
4.1850014
0.0
0.0
4.0
785.68164
2.0
4.2586513
0.0
0.0
4.0
790.4666
2.0
4.3241997
0.0
0.0
4.0
795.32526
2.0
4.3825374
0.0
0.0
4.0
800.24945
2.0
4.4344583
0.0
0.0
4.0
805.232
3.0
4.4806676
0.0
0.0
4.0
810.2665
3.0
4.521794
0.0
0.0
4.0
815.34717
3.0
4.5583963
0.0
0.0
4.0
820.46893
3.0
4.5909724
0.0
0.0
4.0
825.6273
3.0
4.619965
0.0
0.0
4.0
830.8183
3.0
4.6457686
0.0
0.0
4.0
836.03827
3.0
4.668734
0.0
0.0
4.0
841.28406
3.0
4.689173
0.0
0.0
4.0
846.5528
3.0
4.707364
0.0
0.0
4.0
851.842
4.0
4.7235537
0.0
0.0
4.0
857.14935
4.0
4.7379627
0.0
0.0
4.0
862.4729
4.0
4.750787
0.0
0.0
4.0
867.81085
4.0
4.7622
0.0
0.0
4.0
873.1616
4.0
4.772358
0.0
0.0
4.0
878.5238
4.0
4.7813983
0.0
0.0
4.0
883.8962
4.0
4.7894444
0.0
0.0
4.0
889.2776
4.0
4.7966056
0.0
0.0
4.0
894.66705
4.0
4.802979
0.0
0.0
4.0
900.06366
4.0
4.808651
0.0
0.0
4.0
905.4666
4.0
0.0
0.0
0.0
4.0
907.0
4.0
0.53400004
0.0
0.0
4.0
907.6
4.0
0.0
0.0
0.0
4.0
907.0
4.0
0.53400004
0.0
0.0
4.0
907.6
4.0
0.0
0.0
0.0
4.0
907.0
4.0
0.53400004
0.0
0.0
4.0
907.6
4.0
0.0
0.0
0.0
4.0
907.0
4.0
0.53400004
0.0
0.0
4.0
907.6
4.0
0.0
0.0
0.0
4.0
907.0
4.0
0.53400004
0.0
0.0
4.0
907.6
4.0
1.00926
0.0
0.0
4.0
908.73395
4.0
1.4322414
0.0
0.0
4.0
910.3432
4.0
1.8086947
0.0
0.0
4.0
912.3754
4.0
2.1437383
0.0
0.0
4.0
914.7841
4.0
2.441927
0.0
0.0
4.0
917.52783
4.0
2.707315
0.0
0.0
4.0
920.56976
4.0
2.9435103
0.0
0.0
4.0
923.8771
4.0
3.1537242
0.0
0.0
4.0
927.4206
4.0
3.3408144
0.0
0.0
4.0
931.1743
4.0
3.507325
0.0
0.0
4.0
935.1151
4.0
3.6555192
0.0
0.0
4.0
939.2224
4.0
3.7874122
0.0
0.0
4.0
943.4779
4.0
3.9047966
0.0
0.0
4.0
947.8653
4.0
4.0092688
0.0
0.0
4.0
952.3701
4.0
4.102249
0.0
0.0
4.0
956.9794
4.0
4.1850014
0.0
0.0
4.0
961.68164
4.0
4.2586513
0.0
0.0
4.0
966.4666
4.0
4.3241997
0.0
0.0
4.0
971.32526
4.0
4.3825374
0.0
0.0
4.0
976.24945
4.0
4.4344583
0.0
0.0
4.0
981.232
4.0
4.4806676
0.0
0.0
4.0
986.2665
4.0
4.521794
0.0
0.0
4.0
991.34717
4.0
4.5583963
0.0
0.0
4.0
996.46893
4.0
4.5909724
0.0
0.0
4.0
1001.6273
4.0
4.619965
0.0
0.0
4.0
1006.8183
4.0
4.6457686
0.0
0.0
4.0
1012.03827
4.0
4.668734
0.0
0.0
4.0
1017.28406
4.0
4.689173
0.0
0.0
4.0
1022.5528
4.0
4.707364
0.0
0.0
4.0
1027.8419
4.0
4.7235537
0.0
0.0
4.0
1033.1493
4.0
4.7379627
0.0
0.0
4.0
1038.4729
4.0
4.750787
0.0
0.0
4.0
1043.8109
4.0
4.7622
0.0
0.0
4.0
1049.1617
4.0
4.772358
0.0
0.0
4.0
1054.5239
4.0
4.7813983
0.0
0.0
4.0
1059.8962
4.0
4.7894444
0.0
0.0
4.0
1065.2776
4.0
4.7966056
0.0
0.0
4.0
1070.667
4.0
4.802979
0.0
0.0
4.0
1076.0636
4.0
4.808651
0.0
0.0
4.0
1081.4666
4.0
4.8136992
0.0
0.0
4.0
1086.8752
4.0
4.818192
0.0
0.0
4.0
1092.289
4.0
4.8221908
0.0
0.0
4.0
1097.7072
4.0
4.8257494
0.0
0.0
4.0
1103.1294
4.0
4.828917
0.0
0.0
4.0
1108.5552
4.0
4.831736
0.0
0.0
4.0
1113.9841
4.0
4.8342447
0.0
0.0
4.0
1119.4159
4.0
4.8364778
0.0
0.0
4.0
1124.8501
4.0
4.838465
0.0
0.0
4.0
1130.2866
4.0
4.840234
0.0
0.0
4.0
1135.7251
4.0
4.841808
0.0
0.0
4.0
1141.1653
4.0
4.843209
0.0
0.0
4.0
1146.607
4.0
4.8444557
0.0
0.0
4.0
1152.0503
4.0
4.3115654
0.0
0.0
4.0
1156.8948
4.0
3.8372931
0.0
0.0
4.0
1161.2063
4.0
3.415191
0.0
0.0
4.0
1165.0436
4.0
2.5055199
0.0
0.0
4.0
1167.8588
4.0
1.6959126
0.0
0.0
4.0
1169.7643
4.0
0.9753622
0.0
0.0
4.0
1170.8602
4.0
0.0
0.0
0.0
4.0
1170.8602
4.0
-0.53400004
0.0
0.0
4.0
1170.2603
4.0
-1.00926
0.0
0.0
4.0
1169.1262
4.0
-1.4322414
0.0
0.0
4.0
1167.517
4.0
-1.2746949
0.0
0.0
4.0
1166.0847
4.0
-1.1344784
0.0
0.0
4.0
1164.81
4.0
-1.0096858
0.0
0.0
4.0
1163.6755
4.0
-0.8986203
0.0
0.0
4.0
1162.6659
4.0
-0.7997721
0.0
0.0
4.0
1161.7673
4.0
-0.7117971
0.0
0.0
4.0
1160.9675
4.0
-0.63349944
0.0
0.0
4.0
1160.2557
4.0
-0.5638145
0.0
0.0
4.0
1159.6222
4.0
-0.50179493
0.0
0.0
4.0
1159.0583
4.0
-0.4465975
0.0
0.0
4.0
1158.5565
4.0
0.0
0.0
0.0
4.0
1158.5565
4.0
0.53400004
0.0
0.0
4.0
1159.1565
4.0
1.00926
0.0
0.0
4.0
1160.2905
4.0
1.4322414
0.0
0.0
4.0
1161.8998
4.0
1.8086947
0.0
0.0
4.0
1163.932
4.0
2.1437383
0.0
0.0
4.0
1166.3407
4.0
2.441927
0.0
0.0
4.0
1169.0845
4.0
2.707315
0.0
0.0
4.0
1172.1263
4.0
2.9435103
0.0
0.0
4.0
1175.4337
4.0
3.1537242
0.0
0.0
4.0
1178.9772
4.0
3.3408144
0.0
0.0
4.0
1182.731
4.0
2.9733248
0.0
0.0
4.0
1186.0718
4.0
2.646259
0.0
0.0
4.0
1189.045
4.0
2.3551705
0.0
0.0
4.0
1191.6913
4.0
2.0961018
0.0
0.0
4.0
1194.0465
4.0
1.3315306
0.0
0.0
4.0
1195.5426
4.0
0.6510622
0.0
0.0
4.0
1196.2742
5.0
0.0
0.0
0.0
4.0
1196.2742
5.0
-0.53400004
0.0
0.0
4.0
1195.6742
5.0
-1.00926
0.0
0.0
4.0
1194.5402
5.0
-1.4322414
0.0
0.0
4.0
1192.9309
5.0
-1.8086947
0.0
0.0
4.0
1190.8987
5.0
-2.1437383
0.0
0.0
4.0
1188.49
5.0
-2.441927
0.0
0.0
4.0
1185.7462
5.0
-2.707315
0.0
0.0
4.0
1182.7043
5.0
-2.4095104
0.0
0.0
4.0
1179.9971
5.0
-2.1444643
0.0
0.0
4.0
1177.5875
5.0
-1.9085732
0.0
0.0
4.0
1175.4431
5.0
-1.6986301
0.0
0.0
4.0
1173.5345
5.0
-1.5117807
0.0
0.0
4.0
1171.8359
5.0
-1.3454849
0.0
0.0
4.0
1170.3241
5.0
-1.1974815
0.0
0.0
4.0
1168.9786
5.0
-1.0657586
0.0
0.0
4.0
1167.7811
5.0
-0.94852513
0.0
0.0
4.0
1166.7153
5.0
-0.8441874
0.0
0.0
4.0
1165.7668
5.0
-0.75132674
0.0
0.0
4.0
1164.9226
5.0
-0.6686808
0.0
0.0
4.0
1164.1713
5.0
-0.5951259
0.0
0.0
4.0
1163.5026
5.0
-0.5296621
0.0
0.0
4.0
1162.9075
5.0
0.0
0.0
0.0
4.0
1162.9075
5.0
0.53400004
0.0
0.0
4.0
1163.5074
5.0
1.00926
0.0
0.0
4.0
1164.6415
5.0
1.4322414
0.0
0.0
4.0
1166.2507
5.0
1.8086947
0.0
0.0
4.0
1168.283
5.0
2.1437383
0.0
0.0
4.0
1170.6917
5.0
2.441927
0.0
0.0
4.0
1173.4354
5.0
2.707315
0.0
0.0
4.0
1176.4773
5.0
2.9435103
0.0
0.0
4.0
1179.7847
5.0
3.1537242
0.0
0.0
4.0
1183.3281
5.0
3.3408144
0.0
0.0
4.0
1187.0819
5.0
2.9733248
0.0
0.0
4.0
1190.4227
5.0
2.646259
0.0
0.0
4.0
1193.396
5.0
2.3551705
0.0
0.0
4.0
1196.0422
5.0
2.0961018
0.0
0.0
4.0
1198.3975
5.0
1.3315306
0.0
0.0
4.0
1199.8936
5.0
0.6510622
0.0
0.0
4.0
1200.6251
6.0
0.0
0.0
0.0
4.0
1200.6251
6.0
-0.53400004
0.0
0.0
4.0
1200.0251
6.0
-0.47526002
0.0
0.0
4.0
1199.4911
6.0
0.0
0.0
0.0
4.0
1199.4911
6.0
0.53400004
0.0
0.0
4.0
1200.0911
6.0
1.00926
0.0
0.0
4.0
1201.2251
6.0
1.4322414
0.0
0.0
4.0
1202.8344
6.0
1.8086947
0.0
0.0
4.0
1204.8666
6.0
2.1437383
0.0
0.0
4.0
1207.2753
6.0
2.441927
0.0
0.0
4.0
1210.019
6.0
2.707315
0.0
0.0
4.0
1213.0609
6.0
2.9435103
0.0
0.0
4.0
1216.3683
6.0
3.1537242
0.0
0.0
4.0
1219.9117
6.0
3.3408144
0.0
0.0
4.0
1223.6655
6.0
3.507325
0.0
0.0
4.0
1227.6063
6.0
3.6555192
0.0
0.0
4.0
1231.7136
6.0
3.7874122
0.0
0.0
4.0
1235.9691
6.0
3.9047966
0.0
0.0
4.0
1240.3566
6.0
4.0092688
0.0
0.0
4.0
1244.8613
6.0
4.102249
0.0
0.0
4.0
1249.4706
6.0
4.1850014
0.0
0.0
4.0
1254.1729
6.0
4.2586513
0.0
0.0
4.0
1258.9579
6.0
4.3241997
0.0
0.0
4.0
1263.8165
6.0
4.3825374
0.0
0.0
4.0
1268.7407
6.0
4.4344583
0.0
0.0
4.0
1273.7233
6.0
4.4806676
0.0
0.0
4.0
1278.7577
6.0
4.521794
0.0
0.0
4.0
1283.8384
6.0
4.5583963
0.0
0.0
4.0
1288.9602
6.0
4.5909724
0.0
0.0
4.0
1294.1187
6.0
4.619965
0.0
0.0
4.0
1299.3096
6.0
4.6457686
0.0
0.0
4.0
1304.5295
6.0
4.668734
0.0
0.0
4.0
1309.7753
6.0
4.689173
0.0
0.0
4.0
1315.044
6.0
4.707364
0.0
0.0
4.0
1320.3331
6.0
4.7235537
0.0
0.0
4.0
1325.6405
6.0
4.7379627
0.0
0.0
4.0
1330.9641
6.0
4.750787
0.0
0.0
4.0
1336.3021
6.0
4.7622
0.0
0.0
4.0
1341.653
6.0
4.772358
0.0
0.0
4.0
1347.0151
6.0
4.7813983
0.0
0.0
4.0
1352.3875
6.0
4.7894444
0.0
0.0
4.0
1357.7688
6.0
4.7966056
0.0
0.0
4.0
1363.1582
6.0
4.802979
0.0
0.0
4.0
1368.5548
6.0
4.808651
0.0
0.0
4.0
1373.9578
6.0
4.8136992
0.0
0.0
4.0
1379.3665
6.0
4.818192
0.0
0.0
4.0
1384.7802
6.0
4.8221908
0.0
0.0
4.0
1390.1984
6.0
4.8257494
0.0
0.0
4.0
1395.6206
6.0
4.828917
0.0
0.0
4.0
1401.0464
6.0
4.831736
0.0
0.0
4.0
1406.4753
6.0
4.8342447
0.0
0.0
4.0
1411.9071
6.0
4.8364778
0.0
0.0
4.0
1417.3413
6.0
4.838465
0.0
0.0
4.0
1422.7778
6.0
4.840234
0.0
0.0
4.0
1428.2163
6.0
4.841808
0.0
0.0
4.0
1433.6565
6.0
4.309209
0.0
0.0
4.0
1438.4983
6.0
3.3011959
0.0
0.0
4.0
1442.2075
6.0
2.4040642
0.0
0.0
4.0
1444.9087
6.0
1.605617
0.0
0.0
4.0
1446.7128
6.0
0.89499915
0.0
0.0
4.0
1447.7184
6.0
0.7965492
0.0
0.0
4.0
1448.6134
6.0
0.70892876
0.0
0.0
4.0
1449.4099
6.0
0.6309466
0.0
0.0
4.0
1450.1189
6.0
1.0955424
0.0
0.0
4.0
1451.3499
6.0
1.5090327
0.0
0.0
4.0
1453.0454
6.0
1.877039
0.0
0.0
4.0
1455.1544
6.0
2.2045646
0.0
0.0
4.0
1457.6315
6.0
2.4960623
0.0
0.0
4.0
1460.436
6.0
2.7554953
0.0
0.0
4.0
1463.5321
6.0
2.9863908
0.0
0.0
4.0
1466.8876
6.0
2.6578877
0.0
0.0
4.0
1469.874
6.0
2.36552
0.0
0.0
4.0
1472.5319
6.0
1.5713128
0.0
0.0
4.0
1474.2974
6.0
0.86446834
0.0
0.0
4.0
1475.2687
6.0
0.0
0.0
0.0
4.0
1475.2687
6.0
-0.53400004
0.0
0.0
4.0
1474.6687
6.0
-1.00926
0.0
0.0
4.0
1473.5347
7.0
-1.4322414
0.0
0.0
4.0
1471.9254
7.0
-1.8086947
0.0
0.0
4.0
1469.8932
7.0
-2.1437383
0.0
0.0
4.0
1467.4845
7.0
-2.441927
0.0
0.0
4.0
1464.7407
7.0
-2.173315
0.0
0.0
4.0
1462.2988
7.0
-1.9342504
0.0
0.0
4.0
1460.1255
7.0
-1.7214828
0.0
0.0
4.0
1458.1913
7.0
-1.5321196
0.0
0.0
4.0
1456.4698
7.0
-1.3635864
0.0
0.0
4.0
1454.9377
7.0
-1.2135919
0.0
0.0
4.0
1453.5742
7.0
-1.0800968
0.0
0.0
4.0
1452.3606
7.0
0.0
0.0
0.0
4.0
1452.3606
7.0
0.53400004
0.0
0.0
4.0
1452.9606
7.0
1.00926
0.0
0.0
4.0
1454.0946
7.0
1.4322414
0.0
0.0
4.0
1455.7039
7.0
1.8086947
0.0
0.0
4.0
1457.7361
7.0
2.1437383
0.0
0.0
4.0
1460.1448
7.0
2.441927
0.0
0.0
4.0
1462.8885
7.0
2.173315
0.0
0.0
4.0
1465.3304
7.0
1.9342504
0.0
0.0
4.0
1467.5038
7.0
1.7214828
0.0
0.0
4.0
1469.438
7.0
1.5321196
0.0
0.0
4.0
1471.1594
7.0
1.3635864
0.0
0.0
4.0
1472.6915
7.0
1.2135919
0.0
0.0
4.0
1474.0552
8.0
1.0800968
0.0
0.0
4.0
1475.2688
8.0
1.4952862
0.0
0.0
4.0
1476.9489
8.0
1.8648049
0.0
0.0
4.0
1479.0442
8.0
2.1936762
0.0
0.0
4.0
1481.509
8.0
2.486372
0.0
0.0
4.0
1484.3027
8.0
2.746871
0.0
0.0
4.0
1487.3892
8.0
2.978715
0.0
0.0
4.0
1490.7361
8.0
3.1850562
0.0
0.0
4.0
1494.3148
8.0
3.3686998
0.0
0.0
4.0
1498.0999
8.0
3.5321429
0.0
0.0
4.0
1502.0686
8.0
3.6776073
0.0
0.0
4.0
1506.2008
8.0
3.8070705
0.0
0.0
4.0
1510.4784
8.0
3.9222927
0.0
0.0
4.0
1514.8855
8.0
4.0248404
0.0
0.0
4.0
1519.4078
8.0
4.116108
0.0
0.0
4.0
1524.0327
8.0
4.1973357
0.0
0.0
4.0
1528.7488
8.0
4.2696285
0.0
0.0
4.0
1533.5461
8.0
4.333969
0.0
0.0
4.0
1538.4158
8.0
4.3912325
0.0
0.0
4.0
1543.3497
8.0
4.442197
0.0
0.0
4.0
1548.341
8.0
4.487555
0.0
0.0
4.0
1553.3832
8.0
4.5279236
0.0
0.0
4.0
1558.4707
8.0
4.563852
0.0
0.0
4.0
1563.5986
8.0
4.595828
0.0
0.0
4.0
1568.7625
8.0
4.6242867
0.0
0.0
4.0
1573.9583
8.0
4.649615
0.0
0.0
4.0
1579.1825
8.0
4.672157
0.0
0.0
4.0
1584.4321
8.0
4.6922193
0.0
0.0
4.0
1589.7043
8.0
4.710075
0.0
0.0
4.0
1594.9966
8.0
4.7259665
0.0
0.0
4.0
1600.3066
8.0
4.74011
0.0
0.0
4.0
1605.6326
8.0
4.7526975
0.0
0.0
4.0
1610.9727
8.0
4.7639008
0.0
0.0
4.0
1616.3253
8.0
4.7738714
0.0
0.0
4.0
1621.6892
8.0
4.7827454
0.0
0.0
4.0
1627.0631
8.0
4.790643
0.0
0.0
4.0
1632.4458
8.0
4.7976723
0.0
0.0
4.0
1637.8364
8.0
4.8039284
0.0
0.0
4.0
1643.2341
8.0
4.809496
0.0
0.0
4.0
1648.6381
8.0
4.814451
0.0
0.0
4.0
1654.0476
8.0
4.2848616
0.0
0.0
4.0
1658.862
8.0
3.2795267
0.0
0.0
4.0
1662.5469
8.0
2.3847787
0.0
0.0
4.0
1665.2264
8.0
1.588453
0.0
0.0
4.0
1667.0112
8.0
0.8797232
0.0
0.0
4.0
1667.9996
8.0
0.0
0.0
0.0
4.0
1667.9996
8.0
-0.53400004
0.0
0.0
4.0
1667.3997
9.0
-1.00926
0.0
0.0
4.0
1666.2656
9.0
-0.89824146
0.0
0.0
4.0
1665.2563
9.0
-0.7994349
0.0
0.0
4.0
1664.3582
9.0
-0.71149707
0.0
0.0
4.0
1663.5587
9.0
-0.63323236
0.0
0.0
4.0
1662.8472
9.0
-0.56357676
0.0
0.0
4.0
1662.214
9.0
-0.5015833
0.0
0.0
4.0
1661.6504
9.0
-0.4464091
0.0
0.0
4.0
1661.1488
9.0
0.0
0.0
0.0
4.0
1661.1488
9.0
0.0
0.0
0.0
4.0
1661.1488
9.0
0.0
0.0
0.0
4.0
1661.1488
9.0
0.0
0.0
0.0
4.0
1661.1488
9.0
0.0
0.0
0.0
4.0
1661.1488
9.0
0.0
0.0
0.0
4.0
1661.1488
9.0
0.0
0.0
0.0
4.0
1661.1488
9.0
0.0
0.0
0.0
4.0
1661.1488
9.0
0.53400004
0.0
0.0
4.0
1661.7488
9.0
1.00926
0.0
0.0
4.0
1662.8828
9.0
1.4322414
0.0
0.0
4.0
1664.4921
9.0
1.8086947
0.0
0.0
4.0
1666.5243
9.0
2.1437383
0.0
0.0
4.0
1668.933
9.0
2.441927
0.0
0.0
4.0
1671.6768
9.0
2.707315
0.0
0.0
4.0
1674.7186
9.0
2.9435103
0.0
0.0
4.0
1678.026
9.0
3.1537242
0.0
0.0
4.0
1681.5695
9.0
3.3408144
0.0
0.0
4.0
1685.3232
9.0
3.507325
0.0
0.0
4.0
1689.264
9.0
3.6555192
0.0
0.0
4.0
1693.3713
9.0
3.7874122
0.0
0.0
4.0
1697.6268
9.0
3.9047966
0.0
0.0
4.0
1702.0143
9.0
4.0092688
0.0
0.0
4.0
1706.519
9.0
4.102249
0.0
0.0
4.0
1711.1283
9.0
4.1850014
0.0
0.0
4.0
1715.8306
9.0
4.2586513
0.0
0.0
4.0
1720.6156
9.0
4.3241997
0.0
0.0
4.0
1725.4742
9.0
4.3825374
0.0
0.0
4.0
1730.3984
9.0
4.4344583
0.0
0.0
4.0
1735.381
9.0
4.4806676
0.0
0.0
4.0
1740.4154
9.0
4.521794
0.0
0.0
4.0
1745.4961
9.0
4.5583963
0.0
0.0
4.0
1750.6179
9.0
4.5909724
0.0
0.0
4.0
1755.7764
9.0
4.619965
0.0
0.0
4.0
1760.9673
9.0
4.6457686
0.0
0.0
4.0
1766.1873
9.0
4.668734
0.0
0.0
4.0
1771.433
9.0
4.689173
0.0
0.0
4.0
1776.7017
9.0
4.707364
0.0
0.0
4.0
1781.9908
9.0
4.7235537
0.0
0.0
4.0
1787.2982
9.0
4.7379627
0.0
0.0
4.0
1792.6218
9.0
4.750787
0.0
0.0
4.0
1797.9598
9.0
4.7622
0.0
0.0
4.0
1803.3107
9.0
4.772358
0.0
0.0
4.0
1808.6729
9.0
4.7813983
0.0
0.0
4.0
1814.0452
9.0
4.7894444
0.0
0.0
4.0
1819.4265
9.0
4.7966056
0.0
0.0
4.0
1824.8159
9.0
4.802979
0.0
0.0
4.0
1830.2125
9.0
4.808651
0.0
0.0
4.0
1835.6155
9.0
4.8136992
0.0
0.0
4.0
1841.0242
9.0
4.818192
0.0
0.0
4.0
1846.4379
9.0
4.8221908
0.0
0.0
4.0
1851.8561
9.0
4.8257494
0.0
0.0
4.0
1857.2783
9.0
4.828917
0.0
0.0
4.0
1862.7041
9.0
4.831736
0.0
0.0
4.0
1868.133
9.0
4.8342447
0.0
0.0
4.0
1873.5648
9.0
4.8364778
0.0
0.0
4.0
1878.999
9.0
4.838465
0.0
0.0
4.0
1884.4355
9.0
4.840234
0.0
0.0
4.0
1889.874
9.0
4.841808
0.0
0.0
4.0
1895.3142
9.0
4.843209
0.0
0.0
4.0
1900.756
9.0
4.8444557
0.0
0.0
4.0
1906.1992
9.0
4.8455653
0.0
0.0
4.0
1911.6437
9.0
4.846553
0.0
0.0
4.0
1917.0892
9.0
4.8474317
0.0
0.0
4.0
1922.5358
9.0
4.848214
0.0
0.0
4.0
1927.9832
9.0
4.8489103
0.0
0.0
4.0
1933.4314
9.0
4.84953
0.0
0.0
4.0
1938.8802
9.0
4.316082
0.0
0.0
4.0
1943.7297
9.0
3.307313
0.0
0.0
4.0
1947.4458
9.0
2.4095085
0.0
0.0
4.0
1950.1531
9.0
1.6104625
0.0
0.0
4.0
1951.9625
9.0
0.8993116
0.0
0.0
4.0
1952.973
9.0
0.0
0.0
0.0
4.0
1952.973
9.0
-0.53400004
0.0
0.0
4.0
1952.373
10.0
-1.00926
0.0
0.0
4.0
1951.239
10.0
-1.4322414
0.0
0.0
4.0
1949.6298
10.0
-1.2746949
0.0
0.0
4.0
1948.1975
10.0
-0.6004785
0.0
0.0
4.0
1947.5228
10.0
0.0
0.0
0.0
4.0
1947.5228
10.0
0.53400004
0.0
0.0
4.0
1948.1228
10.0
0.47526002
0.0
0.0
4.0
1948.6569
10.0
0.0
0.0
0.0
4.0
1948.6569
10.0
0.0
0.0
0.0
4.0
1948.6569
11.0
0.0
0.0
0.0
4.0
1948.6569
11.0
-0.53400004
0.0
0.0
4.0
1948.0569
11.0
-1.00926
0.0
0.0
4.0
1946.9229
11.0
-1.4322414
0.0
0.0
4.0
1945.3136
11.0
-1.8086947
0.0
0.0
4.0
1943.2814
11.0
-2.1437383
0.0
0.0
4.0
1940.8727
11.0
-2.441927
0.0
0.0
4.0
1938.1289
11.0
-2.173315
0.0
0.0
4.0
1935.687
11.0
-1.9342504
0.0
0.0
4.0
1933.5137
11.0
-1.7214828
0.0
0.0
4.0
1931.5795
11.0
-1.5321196
0.0
0.0
4.0
1929.858
11.0
-0.82958645
0.0
0.0
4.0
1928.9259
11.0
0.0
0.0
0.0
4.0
1928.9259
11.0
0.53400004
0.0
0.0
4.0
1929.5259
11.0
1.00926
0.0
0.0
4.0
1930.6599
11.0
1.4322414
0.0
0.0
4.0
1932.2692
11.0
1.8086947
0.0
0.0
4.0
1934.3014
11.0
2.1437383
0.0
0.0
4.0
1936.7101
11.0
1.907927
0.0
0.0
4.0
1938.8539
11.0
1.698055
0.0
0.0
4.0
1940.7618
11.0
1.511269
0.0
0.0
4.0
1942.4598
11.0
1.3450294
0.0
0.0
4.0
1943.9711
11.0
1.1970761
0.0
0.0
4.0
1945.316
11.0
1.0653977
0.0
0.0
4.0
1946.5131
11.0
0.948204
0.0
0.0
4.0
1947.5785
11.0
0.8439015
0.0
0.0
4.0
1948.5267
12.0
0.75107235
0.0
0.0
4.0
1949.3706
12.0
0.0
0.0
0.0
4.0
1949.3706
12.0
-0.53400004
0.0
0.0
4.0
1948.7706
12.0
-1.00926
0.0
0.0
4.0
1947.6366
12.0
-1.4322414
0.0
0.0
4.0
1946.0273
12.0
-1.8086947
0.0
0.0
4.0
1943.9951
12.0
-2.1437383
0.0
0.0
4.0
1941.5864
12.0
-1.907927
0.0
0.0
4.0
1939.4426
12.0
-1.698055
0.0
0.0
4.0
1937.5347
12.0
-1.511269
0.0
0.0
4.0
1935.8367
12.0
-1.3450294
0.0
0.0
4.0
1934.3254
12.0
-0.6630761
0.0
0.0
4.0
1933.5804
12.0
0.0
0.0
0.0
4.0
1933.5804
12.0
0.53400004
0.0
0.0
4.0
1934.1804
12.0
1.00926
0.0
0.0
4.0
1935.3145
12.0
1.4322414
0.0
0.0
4.0
1936.9237
12.0
1.8086947
0.0
0.0
4.0
1938.9559
12.0
2.1437383
0.0
0.0
4.0
1941.3646
12.0
1.907927
0.0
0.0
4.0
1943.5084
12.0
1.698055
0.0
0.0
4.0
1945.4164
12.0
1.511269
0.0
0.0
4.0
1947.1144
12.0
1.3450294
0.0
0.0
4.0
1948.6256
12.0
0.6630761
0.0
0.0
4.0
1949.3706
12.0
0.0
0.0
0.0
4.0
1949.3706
12.0
-0.53400004
0.0
0.0
4.0
1948.7706
13.0
-0.47526002
0.0
0.0
4.0
1948.2366
13.0
0.0
0.0
0.0
4.0
1948.2366
13.0
0.53400004
0.0
0.0
4.0
1948.8365
13.0
1.00926
0.0
0.0
4.0
1949.9706
13.0
1.4322414
0.0
0.0
4.0
1951.5798
13.0
1.8086947
0.0
0.0
4.0
1953.612
13.0
2.1437383
0.0
0.0
4.0
1956.0208
13.0
2.441927
0.0
0.0
4.0
1958.7645
13.0
2.707315
0.0
0.0
4.0
1961.8064
13.0
2.9435103
0.0
0.0
4.0
1965.1138
13.0
3.1537242
0.0
0.0
4.0
1968.6572
13.0
3.3408144
0.0
0.0
4.0
1972.411
13.0
3.507325
0.0
0.0
4.0
1976.3518
13.0
3.6555192
0.0
0.0
4.0
1980.4591
13.0
3.7874122
0.0
0.0
4.0
1984.7146
13.0
3.9047966
0.0
0.0
4.0
1989.102
13.0
4.0092688
0.0
0.0
4.0
1993.6068
13.0
4.102249
0.0
0.0
4.0
1998.2161
13.0
4.1850014
0.0
0.0
4.0
2002.9183
13.0
4.2586513
0.0
0.0
4.0
2007.7034
13.0
4.3241997
0.0
0.0
4.0
2012.562
13.0
4.3825374
0.0
0.0
4.0
2017.4862
13.0
4.4344583
0.0
0.0
4.0
2022.4688
13.0
4.4806676
0.0
0.0
4.0
2027.5032
13.0
4.521794
0.0
0.0
4.0
2032.5839
13.0
4.5583963
0.0
0.0
4.0
2037.7057
13.0
4.5909724
0.0
0.0
4.0
2042.8641
13.0
4.619965
0.0
0.0
4.0
2048.0552
13.0
4.6457686
0.0
0.0
4.0
2053.2751
13.0
4.668734
0.0
0.0
4.0
2058.521
13.0
4.689173
0.0
0.0
4.0
2063.7898
13.0
4.707364
0.0
0.0
4.0
2069.0789
13.0
4.7235537
0.0
0.0
4.0
2074.3862
13.0
4.7379627
0.0
0.0
4.0
2079.7097
13.0
4.750787
0.0
0.0
4.0
2085.0476
13.0
4.7622
0.0
0.0
4.0
2090.3984
13.0
4.772358
0.0
0.0
4.0
2095.7607
13.0
4.7813983
0.0
0.0
4.0
2101.133
13.0
4.7894444
0.0
0.0
4.0
2106.5144
13.0
4.7966056
0.0
0.0
4.0
2111.9038
13.0
4.802979
0.0
0.0
4.0
2117.3003
13.0
4.808651
0.0
0.0
4.0
2122.7034
13.0
4.8136992
0.0
0.0
4.0
2128.112
13.0
4.818192
0.0
0.0
4.0
2133.526
13.0
4.8221908
0.0
0.0
4.0
2138.944
13.0
4.8257494
0.0
0.0
4.0
2144.3662
13.0
4.828917
0.0
0.0
4.0
2149.792
13.0
4.831736
0.0
0.0
4.0
2155.221
13.0
4.8342447
0.0
0.0
4.0
2160.6526
13.0
4.8364778
0.0
0.0
4.0
2166.087
13.0
4.838465
0.0
0.0
4.0
2171.5234
13.0
4.840234
0.0
0.0
4.0
2176.962
13.0
4.841808
0.0
0.0
4.0
2182.402
13.0
4.843209
0.0
0.0
4.0
2187.844
13.0
0.0
0.0
0.0
4.0
2187.0
13.0
0.53400004
0.0
0.0
4.0
2187.6
13.0
0.0
0.0
0.0
4.0
2187.0
13.0
0.53400004
0.0
0.0
4.0
2187.6
13.0
0.0
0.0
0.0
4.0
2187.0
13.0
0.0
0.0
0.0
4.0
2187.0
13.0
0.0
0.0
0.0
4.0
2187.0
13.0
0.0
0.0
0.0
4.0
2187.0
13.0
0.0
0.0
0.0
4.0
2187.0
13.0
0.0
0.0
0.0
4.0
2187.0
13.0
0.53400004
0.0
0.0
4.0
2187.6
13.0
0.0
0.0
0.0
4.0
2187.0
13.0
0.53400004
0.0
0.0
4.0
2187.6
13.0
0.0
0.0
0.0
4.0
2187.0
13.0
0.53400004
0.0
0.0
4.0
2187.6
13.0
0.0
0.0
0.0
4.0
2187.0
13.0
0.53400004
0.0
0.0
4.0
2187.6
13.0
0.0
0.0
0.0
4.0
2187.0
13.0
0.53400004
0.0
0.0
4.0
2187.6
13.0
0.0
0.0
0.0
4.0
2187.0
13.0
0.0
0.0
0.0
4.0
2187.0
13.0
0.0
0.0
0.0
4.0
2187.0
13.0
0.53400004
0.0
0.0
4.0
2187.6
13.0
1.00926
0.0
0.0
4.0
2188.7341
13.0
1.4322414
0.0
0.0
4.0
2190.3435
13.0
1.8086947
0.0
0.0
4.0
2192.3757
13.0
2.1437383
0.0
0.0
4.0
2194.7844
13.0
2.441927
0.0
0.0
4.0
2197.528
13.0
2.707315
0.0
0.0
4.0
2200.57
13.0
2.9435103
0.0
0.0
4.0
2203.8774
13.0
3.1537242
0.0
0.0
4.0
2207.421
13.0
3.3408144
0.0
0.0
4.0
2211.1746
13.0
3.507325
0.0
0.0
4.0
2215.1155
13.0
3.6555192
0.0
0.0
4.0
2219.223
13.0
3.7874122
0.0
0.0
4.0
2223.4785
13.0
3.9047966
0.0
0.0
4.0
2227.866
13.0
4.0092688
0.0
0.0
4.0
2232.3708
13.0
4.102249
0.0
0.0
4.0
2236.9802
13.0
4.1850014
0.0
0.0
4.0
2241.6824
13.0
4.2586513
0.0
0.0
4.0
2246.4673
13.0
4.3241997
0.0
0.0
4.0
2251.326
13.0
4.3825374
0.0
0.0
4.0
2256.2502
13.0
4.4344583
0.0
0.0
4.0
2261.2327
13.0
4.4806676
0.0
0.0
4.0
2266.267
13.0
4.521794
0.0
0.0
4.0
2271.3477
13.0
4.5583963
0.0
0.0
4.0
2276.4695
13.0
4.5909724
0.0
0.0
4.0
2281.628
13.0
4.619965
0.0
0.0
4.0
2286.8188
13.0
4.6457686
0.0
0.0
4.0
2292.0388
13.0
4.668734
0.0
0.0
4.0
2297.2847
13.0
4.689173
0.0
0.0
4.0
2302.5535
13.0
4.707364
0.0
0.0
4.0
2307.8425
13.0
4.7235537
0.0
0.0
4.0
2313.15
13.0
4.7379627
0.0
0.0
4.0
2318.4734
13.0
4.750787
0.0
0.0
4.0
2323.8113
13.0
4.7622
0.0
0.0
4.0
2329.162
13.0
4.772358
0.0
0.0
4.0
2334.5244
13.0
4.7813983
0.0
0.0
4.0
2339.8967
13.0
4.7894444
0.0
0.0
4.0
2345.278
13.0
4.7966056
0.0
0.0
4.0
2350.6675
13.0
4.802979
0.0
0.0
4.0
2356.064
13.0
4.808651
0.0
0.0
4.0
2361.467
13.0
4.8136992
0.0
0.0
4.0
2366.8757
13.0
4.818192
0.0
0.0
4.0
2372.2896
13.0
4.8221908
0.0
0.0
4.0
2377.7078
13.0
4.8257494
0.0
0.0
4.0
2383.13
13.0
4.828917
0.0
0.0
4.0
2388.5557
13.0
4.831736
0.0
0.0
4.0
2393.9846
13.0
4.8342447
0.0
0.0
4.0
2399.4163
13.0
4.8364778
0.0
0.0
4.0
2404.8506
13.0
4.838465
0.0
0.0
4.0
2410.287
13.0
0.0
0.0
0.0
4.0
2411.0
13.0
0.0
0.0
0.0
4.0
2411.0
13.0
0.0
0.0
0.0
4.0
2411.0
13.0
0.0
0.0
0.0
4.0
2411.0
13.0
0.0
0.0
0.0
4.0
2411.0
13.0
0.0
0.0
0.0
4.0
2411.0
13.0
0.0
0.0
0.0
4.0
2411.0
13.0
0.53400004
0.0
0.0
4.0
2411.6
13.0
1.00926
0.0
0.0
4.0
2412.7341
13.0
1.4322414
0.0
0.0
4.0
2414.3435
13.0
1.8086947
0.0
0.0
4.0
2416.3757
13.0
2.1437383
0.0
0.0
4.0
2418.7844
13.0
2.441927
0.0
0.0
4.0
2421.528
13.0
2.707315
0.0
0.0
4.0
2424.57
13.0
2.9435103
0.0
0.0
4.0
2427.8774
13.0
3.1537242
0.0
0.0
4.0
2431.421
13.0
3.3408144
0.0
0.0
4.0
2435.1746
13.0
3.507325
0.0
0.0
4.0
2439.1155
13.0
3.6555192
0.0
0.0
4.0
2443.223
13.0
3.7874122
0.0
0.0
4.0
2447.4785
13.0
3.9047966
0.0
0.0
4.0
2451.866
13.0
4.0092688
0.0
0.0
4.0
2456.3708
13.0
4.102249
0.0
0.0
4.0
2460.9802
13.0
4.1850014
0.0
0.0
4.0
2465.6824
13.0
4.2586513
0.0
0.0
4.0
2470.4673
13.0
4.3241997
0.0
0.0
4.0
2475.326
13.0
4.3825374
0.0
0.0
4.0
2480.2502
13.0
4.4344583
0.0
0.0
4.0
2485.2327
13.0
4.4806676
0.0
0.0
4.0
2490.267
13.0
4.521794
0.0
0.0
4.0
2495.3477
13.0
4.5583963
0.0
0.0
4.0
2500.4695
13.0
4.5909724
0.0
0.0
4.0
2505.628
13.0
4.619965
0.0
0.0
4.0
2510.8188
13.0
4.6457686
0.0
0.0
4.0
2516.0388
13.0
4.668734
0.0
0.0
4.0
2521.2847
13.0
4.689173
0.0
0.0
4.0
2526.5535
13.0
4.707364
0.0
0.0
4.0
2531.8425
13.0
4.7235537
0.0
0.0
4.0
2537.15
13.0
4.7379627
0.0
0.0
4.0
2542.4734
13.0
4.750787
0.0
0.0
4.0
2547.8113
13.0
4.7622
0.0
0.0
4.0
2553.162
13.0
4.772358
0.0
0.0
4.0
2558.5244
13.0
4.7813983
0.0
0.0
4.0
2563.8967
13.0
4.7894444
0.0
0.0
4.0
2569.278
13.0
4.7966056
0.0
0.0
4.0
2574.6675
13.0
4.802979
0.0
0.0
4.0
2580.064
13.0
4.808651
0.0
0.0
4.0
2585.467
13.0
4.8136992
0.0
0.0
4.0
2590.8757
13.0
4.818192
0.0
0.0
4.0
2596.2896
13.0
4.8221908
0.0
0.0
4.0
2601.7078
13.0
4.8257494
0.0
0.0
4.0
2607.13
13.0
4.828917
0.0
0.0
4.0
2612.5557
13.0
4.831736
0.0
0.0
4.0
2617.9846
13.0
4.8342447
0.0
0.0
4.0
2623.4163
13.0
4.8364778
0.0
0.0
4.0
2628.8506
13.0
4.838465
0.0
0.0
4.0
2634.287
13.0
4.840234
0.0
0.0
4.0
2639.7256
13.0
4.841808
0.0
0.0
4.0
2645.1658
13.0
4.843209
0.0
0.0
4.0
2650.6077
13.0
4.8444557
0.0
0.0
4.0
2656.0508
13.0
4.8455653
0.0
0.0
4.0
2661.495
13.0
4.846553
0.0
0.0
4.0
2666.9407
13.0
4.3134317
0.0
0.0
4.0
2671.787
13.0
3.8389542
0.0
0.0
4.0
2676.1006
13.0
3.4166691
0.0
0.0
4.0
2679.9395
13.0
3.0408354
0.0
0.0
4.0
2683.3562
13.0
2.7063434
0.0
0.0
4.0
2686.397
13.0
2.4086456
0.0
0.0
4.0
2689.1033
13.0
2.1436946
0.0
0.0
4.0
2691.512
13.0
1.9078882
0.0
0.0
4.0
2693.6558
13.0
1.6980205
0.0
0.0
4.0
2695.5637
13.0
1.5112382
0.0
0.0
4.0
2697.2617
13.0
1.3450019
0.0
0.0
4.0
2698.773
13.0
1.1970516
0.0
0.0
4.0
2700.118
13.0
1.0653759
0.0
0.0
4.0
2701.315
13.0
0.94818455
0.0
0.0
4.0
2702.3804
13.0
0.8438842
0.0
0.0
4.0
2703.3286
13.0
0.75105697
0.0
0.0
4.0
2704.1726
13.0
0.6684407
0.0
0.0
4.0
2704.9236
13.0
0.59491223
0.0
0.0
4.0
2705.592
13.0
1.0634718
0.0
0.0
4.0
2706.7869
13.0
1.4804899
0.0
0.0
4.0
2708.4504
13.0
1.8516359
0.0
0.0
4.0
2710.531
13.0
2.1819558
0.0
0.0
4.0
2712.9827
13.0
2.4759405
0.0
0.0
4.0
2715.7646
13.0
2.7375872
0.0
0.0
4.0
2718.8406
13.0
2.9704528
0.0
0.0
4.0
2722.1782
13.0
2.643703
0.0
0.0
4.0
2725.1487
13.0
2.3528957
0.0
0.0
4.0
2727.7925
14.0
2.094077
0.0
0.0
4.0
2730.1453
14.0
1.8637286
0.0
0.0
4.0
2732.2393
14.0
1.6587185
0.0
0.0
4.0
2734.103
14.0
2.0102594
0.0
0.0
4.0
2736.3618
14.0
2.3231308
0.0
0.0
4.0
2738.9722
14.0
2.6015866
0.0
0.0
4.0
2741.8953
14.0
2.8494122
0.0
0.0
4.0
2745.097
15.0
2.535977
0.0
0.0
4.0
2747.9463
15.0
2.2570193
0.0
0.0
4.0
2750.4822
15.0
2.008747
0.0
0.0
4.0
2752.7393
15.0
1.7877849
0.0
0.0
4.0
2754.748
15.0
2.1251285
0.0
0.0
4.0
2757.1357
15.0
2.4253645
0.0
0.0
4.0
2759.8608
15.0
2.6925743
0.0
0.0
4.0
2762.8862
15.0
2.930391
0.0
0.0
4.0
2766.1787
15.0
3.1420481
0.0
0.0
4.0
2769.709
15.0
3.3304229
0.0
0.0
4.0
2773.451
15.0
3.4980762
0.0
0.0
4.0
2777.3813
15.0
3.6472878
0.0
0.0
4.0
2781.4795
15.0
3.780086
0.0
0.0
4.0
2785.7268
15.0
3.8982763
0.0
0.0
4.0
2790.107
15.0
4.0034657
0.0
0.0
4.0
2794.6052
15.0
4.097084
0.0
0.0
4.0
2799.2087
15.0
4.1804047
0.0
0.0
4.0
2803.9058
15.0
4.25456
0.0
0.0
4.0
2808.6863
15.0
4.320558
0.0
0.0
4.0
2813.5408
15.0
4.3792963
0.0
0.0
4.0
2818.4614
15.0
4.4315734
0.0
0.0
4.0
2823.4407
15.0
4.4781003
0.0
0.0
4.0
2828.4722
15.0
4.5195093
0.0
0.0
4.0
2833.5503
15.0
4.556363
0.0
0.0
4.0
2838.67
15.0
4.589163
0.0
0.0
4.0
2843.8262
15.0
4.618355
0.0
0.0
4.0
2849.0154
15.0
4.6443357
0.0
0.0
4.0
2854.2336
15.0
4.6674585
0.0
0.0
4.0
2859.478
15.0
4.688038
0.0
0.0
4.0
2864.7456
15.0
4.7063537
0.0
0.0
4.0
2870.0337
15.0
4.722655
0.0
0.0
4.0
2875.34
15.0
4.7371626
0.0
0.0
4.0
2880.6628
15.0
4.7500744
0.0
0.0
4.0
2886.0
15.0
4.761566
0.0
0.0
4.0
2891.35
15.0
4.771794
0.0
0.0
4.0
2896.7117
15.0
4.780896
0.0
0.0
4.0
2902.0835
15.0
4.7889977
0.0
0.0
4.0
2907.4644
15.0
4.796208
0.0
0.0
4.0
2912.8533
15.0
4.8026247
0.0
0.0
4.0
2918.2495
15.0
4.808336
0.0
0.0
4.0
2923.652
15.0
4.813419
0.0
0.0
4.0
2929.0605
15.0
4.8179426
0.0
0.0
4.0
2934.4739
15.0
4.8219686
0.0
0.0
4.0
2939.8918
15.0
4.825552
0.0
0.0
4.0
2945.3137
15.0
4.828741
0.0
0.0
4.0
2950.7393
15.0
4.831579
0.0
0.0
4.0
2956.168
15.0
4.8341055
0.0
0.0
4.0
2961.5996
15.0
4.836354
0.0
0.0
4.0
2967.0337
15.0
0.0
0.0
0.0
4.0
2971.0
15.0
0.53400004
0.0
0.0
4.0
2971.6
15.0
0.0
0.0
0.0
4.0
2971.0
15.0
0.53400004
0.0
0.0
4.0
2971.6
15.0
1.00926
0.0
0.0
4.0
2972.7341
15.0
1.4322414
0.0
0.0
4.0
2974.3435
15.0
1.8086947
0.0
0.0
4.0
2976.3757
15.0
2.1437383
0.0
0.0
4.0
2978.7844
15.0
2.441927
0.0
0.0
4.0
2981.528
15.0
2.707315
0.0
0.0
4.0
2984.57
15.0
2.9435103
0.0
0.0
4.0
2987.8774
15.0
3.1537242
0.0
0.0
4.0
2991.421
15.0
3.3408144
0.0
0.0
4.0
2995.1746
15.0
3.507325
0.0
0.0
4.0
2999.1155
15.0
3.6555192
0.0
0.0
4.0
3003.223
15.0
0.0
0.0
0.0
4.0
3003.0
15.0
0.53400004
0.0
0.0
4.0
3003.6
15.0
0.0
0.0
0.0
4.0
3003.0
15.0
0.53400004
0.0
0.0
4.0
3003.6
15.0
1.00926
0.0
0.0
4.0
3004.7341
15.0
1.4322414
0.0
0.0
4.0
3006.3435
15.0
1.8086947
0.0
0.0
4.0
3008.3757
15.0
2.1437383
0.0
0.0
4.0
3010.7844
15.0
2.441927
0.0
0.0
4.0
3013.528
15.0
2.707315
0.0
0.0
4.0
3016.57
15.0
2.9435103
0.0
0.0
4.0
3019.8774
15.0
3.1537242
0.0
0.0
4.0
3023.421
15.0
3.3408144
0.0
0.0
4.0
3027.1746
15.0
3.507325
0.0
0.0
4.0
3031.1155
15.0
3.6555192
0.0
0.0
4.0
3035.223
15.0
3.7874122
0.0
0.0
4.0
3039.4785
15.0
3.9047966
0.0
0.0
4.0
3043.866
15.0
4.0092688
0.0
0.0
4.0
3048.3708
15.0
4.102249
0.0
0.0
4.0
3052.9802
15.0
4.1850014
0.0
0.0
4.0
3057.6824
15.0
4.2586513
0.0
0.0
4.0
3062.4673
15.0
4.3241997
0.0
0.0
4.0
3067.326
15.0
4.3825374
0.0
0.0
4.0
3072.2502
15.0
4.4344583
0.0
0.0
4.0
3077.2327
15.0
4.4806676
0.0
0.0
4.0
3082.267
15.0
4.521794
0.0
0.0
4.0
3087.3477
15.0
4.5583963
0.0
0.0
4.0
3092.4695
15.0
4.5909724
0.0
0.0
4.0
3097.628
15.0
4.619965
0.0
0.0
4.0
3102.8188
15.0
4.6457686
0.0
0.0
4.0
3108.0388
15.0
4.668734
0.0
0.0
4.0
3113.2847
15.0
4.689173
0.0
0.0
4.0
3118.5535
15.0
4.707364
0.0
0.0
4.0
3123.8425
15.0
4.7235537
0.0
0.0
4.0
3129.15
15.0
4.7379627
0.0
0.0
4.0
3134.4734
15.0
4.750787
0.0
0.0
4.0
3139.8113
15.0
4.7622
0.0
0.0
4.0
3145.162
15.0
4.772358
0.0
0.0
4.0
3150.5244
15.0
4.7813983
0.0
0.0
4.0
3155.8967
15.0
4.7894444
0.0
0.0
4.0
3161.278
15.0
4.7966056
0.0
0.0
4.0
3166.6675
15.0
0.0
0.0
0.0
4.0
3168.0
15.0
