911, 6
0.0
0.0
0.0
4.0
56.0
0.0
0.0
0.0
0.0
4.0
56.0
0.0
0.0
0.0
0.0
4.0
56.0
0.0
0.0
0.0
0.0
4.0
56.0
0.0
0.0
0.0
0.0
4.0
56.0
0.0
0.0
0.0
0.0
4.0
56.0
0.0
0.53400004
0.0
0.0
4.0
56.6
0.0
1.00926
0.0
0.0
4.0
57.733997
0.0
1.4322414
0.0
0.0
4.0
59.343258
0.0
1.8086947
0.0
0.0
4.0
61.3755
0.0
2.1437383
0.0
0.0
4.0
63.784195
0.0
2.441927
0.0
0.0
4.0
66.52793
0.0
2.707315
0.0
0.0
4.0
69.569855
0.0
2.9435103
0.0
0.0
4.0
72.87717
0.0
3.1537242
0.0
0.0
4.0
76.42068
0.0
3.3408144
0.0
0.0
4.0
80.1744
0.0
3.507325
0.0
0.0
4.0
84.11521
0.0
3.6555192
0.0
0.0
4.0
88.222534
0.0
3.7874122
0.0
0.0
4.0
92.47805
0.0
3.9047966
0.0
0.0
4.0
96.86546
0.0
4.0092688
0.0
0.0
4.0
101.37026
0.0
4.102249
0.0
0.0
4.0
105.97953
0.0
4.1850014
0.0
0.0
4.0
110.68178
0.0
4.2586513
0.0
0.0
4.0
115.46678
0.0
4.3241997
0.0
0.0
4.0
120.32543
0.0
4.3825374
0.0
0.0
4.0
125.24963
0.0
4.4344583
0.0
0.0
4.0
130.23218
0.0
4.4806676
0.0
0.0
4.0
135.26663
0.0
4.521794
0.0
0.0
4.0
140.3473
0.0
4.5583963
0.0
0.0
4.0
145.4691
0.0
4.5909724
0.0
0.0
4.0
150.6275
0.0
4.619965
0.0
0.0
4.0
155.81848
0.0
4.6457686
0.0
0.0
4.0
161.03845
0.0
4.668734
0.0
0.0
4.0
166.28423
0.0
4.689173
0.0
0.0
4.0
171.55296
0.0
4.707364
0.0
0.0
4.0
176.84213
0.0
4.7235537
0.0
0.0
4.0
182.14949
0.0
4.7379627
0.0
0.0
4.0
187.47304
0.0
4.750787
0.0
0.0
4.0
192.811
0.0
4.7622
0.0
0.0
4.0
198.16179
0.0
4.772358
0.0
0.0
4.0
203.52399
0.0
4.7813983
0.0
0.0
4.0
208.89635
0.0
4.7894444
0.0
0.0
4.0
214.27774
0.0
4.7966056
0.0
0.0
4.0
219.66719
0.0
4.802979
0.0
0.0
4.0
225.0638
0.0
4.808651
0.0
0.0
4.0
230.46678
0.0
4.8136992
0.0
0.0
4.0
235.87543
0.0
4.818192
0.0
0.0
4.0
241.28912
0.0
4.8221908
0.0
0.0
4.0
246.70732
0.0
4.8257494
0.0
0.0
4.0
252.12952
0.0
4.828917
0.0
0.0
4.0
257.55527
0.0
4.831736
0.0
0.0
4.0
262.9842
0.0
4.8342447
0.0
0.0
4.0
268.41592
0.0
4.8364778
0.0
0.0
4.0
273.85016
0.0
4.838465
0.0
0.0
4.0
279.28662
0.0
4.840234
0.0
0.0
4.0
284.7251
0.0
4.307808
0.0
0.0
4.0
289.56534
0.0
3.833949
0.0
0.0
4.0
293.87314
0.0
2.8782148
0.0
0.0
4.0
297.1071
0.0
2.0276113
0.0
0.0
4.0
299.3853
0.0
1.270574
0.0
0.0
4.0
300.81293
0.0
1.1308109
0.0
0.0
4.0
302.0835
0.0
1.0064217
0.0
0.0
4.0
303.2143
0.0
0.8957153
0.0
0.0
4.0
304.2207
1.0
0.7971866
0.0
0.0
4.0
305.11642
1.0
0.7094961
0.0
0.0
4.0
305.9136
1.0
1.1654515
0.0
0.0
4.0
307.2231
1.0
1.5712519
0.0
0.0
4.0
308.98856
1.0
1.932414
0.0
0.0
4.0
311.15982
1.0
2.2538483
0.0
0.0
4.0
313.69223
1.0
2.539925
0.0
0.0
4.0
316.54608
1.0
2.7945333
0.0
0.0
4.0
319.686
1.0
3.0211344
0.0
0.0
4.0
323.08054
1.0
3.2228096
0.0
0.0
4.0
326.70166
1.0
3.4023006
0.0
0.0
4.0
330.52448
1.0
3.5620475
0.0
0.0
4.0
334.52676
1.0
3.7042222
0.0
0.0
4.0
338.6888
1.0
3.8307576
0.0
0.0
4.0
342.99304
1.0
3.9433742
0.0
0.0
4.0
347.4238
1.0
4.043603
0.0
0.0
4.0
351.96716
1.0
4.1328063
0.0
0.0
4.0
356.61078
1.0
4.2121973
0.0
0.0
4.0
361.3436
1.0
4.2828555
0.0
0.0
4.0
366.1558
1.0
4.3457413
0.0
0.0
4.0
371.03864
1.0
4.4017096
0.0
0.0
4.0
375.98438
1.0
4.4515214
0.0
0.0
4.0
380.98608
1.0
4.495854
0.0
0.0
4.0
386.0376
1.0
4.53531
0.0
0.0
4.0
391.13345
1.0
4.5704255
0.0
0.0
4.0
396.26877
1.0
4.6016784
0.0
0.0
4.0
401.4392
1.0
4.6294937
0.0
0.0
4.0
406.6409
1.0
4.654249
0.0
0.0
4.0
411.8704
1.0
4.6762815
0.0
0.0
4.0
417.12463
1.0
4.6958904
0.0
0.0
4.0
422.4009
1.0
4.713342
0.0
0.0
4.0
427.6968
1.0
4.728874
0.0
0.0
4.0
433.01016
1.0
4.7426977
0.0
0.0
4.0
438.33905
1.0
4.7550006
0.0
0.0
4.0
443.68176
1.0
4.76595
0.0
0.0
4.0
449.03677
1.0
4.7756953
0.0
0.0
4.0
454.4027
1.0
4.7843685
0.0
0.0
4.0
459.7784
1.0
4.792088
0.0
0.0
4.0
465.16278
1.0
4.7989583
0.0
0.0
4.0
470.55487
1.0
4.805073
0.0
0.0
4.0
475.95383
1.0
4.8105145
0.0
0.0
4.0
481.3589
1.0
4.8153577
0.0
0.0
4.0
486.7694
1.0
4.8196683
0.0
0.0
4.0
492.18475
1.0
4.8235044
0.0
0.0
4.0
497.60443
1.0
4.8269186
0.0
0.0
4.0
503.02792
1.0
4.8299575
0.0
0.0
4.0
508.45483
1.0
4.832662
0.0
0.0
4.0
513.88477
1.0
4.835069
0.0
0.0
4.0
519.31744
1.0
4.8372116
0.0
0.0
4.0
524.7525
1.0
4.839118
0.0
0.0
4.0
530.1897
1.0
4.840815
0.0
0.0
4.0
535.62885
1.0
4.842325
0.0
0.0
4.0
541.06964
1.0
4.8436694
0.0
0.0
4.0
546.51196
1.0
4.844866
0.0
0.0
4.0
551.9556
1.0
4.8459306
0.0
0.0
4.0
557.4005
1.0
4.846878
0.0
0.0
4.0
562.84644
1.0
4.847721
0.0
0.0
4.0
568.29333
1.0
4.8484716
0.0
0.0
4.0
573.741
1.0
4.8491397
0.0
0.0
4.0
579.1895
1.0
4.8497343
0.0
0.0
4.0
584.6387
1.0
4.8502636
0.0
0.0
4.0
590.0884
1.0
4.850734
0.0
0.0
4.0
595.53864
1.0
4.8511534
0.0
0.0
4.0
600.9894
1.0
4.8515263
0.0
0.0
4.0
606.44055
1.0
4.851858
0.0
0.0
4.0
611.8921
1.0
4.852154
0.0
0.0
4.0
617.34393
1.0
4.8524165
0.0
0.0
4.0
622.7961
1.0
4.8526506
0.0
0.0
4.0
628.2485
1.0
4.852859
0.0
0.0
4.0
633.7011
1.0
4.8530445
0.0
0.0
4.0
639.154
1.0
4.8532095
0.0
0.0
4.0
644.60706
1.0
4.8533564
0.0
0.0
4.0
650.06024
1.0
4.853487
0.0
0.0
4.0
655.5136
1.0
4.8536034
0.0
0.0
4.0
660.9671
1.0
4.853707
0.0
0.0
4.0
666.4207
2.0
4.853799
0.0
0.0
4.0
671.87445
2.0
4.853881
0.0
0.0
4.0
677.32825
2.0
4.853954
0.0
0.0
4.0
682.7821
2.0
4.320019
0.0
0.0
4.0
687.63605
2.0
3.8448167
0.0
0.0
4.0
691.95605
2.0
3.4218867
0.0
0.0
4.0
695.80084
2.0
2.511479
0.0
0.0
4.0
698.62274
2.0
1.7012162
0.0
0.0
4.0
700.53424
2.0
0.9800824
0.0
0.0
4.0
701.63544
2.0
0.8722733
0.0
0.0
4.0
702.61554
2.0
1.3103232
0.0
0.0
4.0
704.0878
2.0
1.7001877
0.0
0.0
4.0
705.99817
2.0
2.0471668
0.0
0.0
4.0
708.29834
2.0
2.3559783
0.0
0.0
4.0
710.9455
2.0
2.6308208
0.0
0.0
4.0
713.9015
2.0
2.8754303
0.0
0.0
4.0
717.1323
2.0
3.093133
0.0
0.0
4.0
720.6077
2.0
3.2868881
0.0
0.0
4.0
724.30084
2.0
3.4593303
0.0
0.0
4.0
728.18774
2.0
0.0
0.0
0.0
4.0
731.0
2.0
0.53400004
0.0
0.0
4.0
731.6
2.0
1.00926
0.0
0.0
4.0
732.73395
2.0
1.4322414
0.0
0.0
4.0
734.3432
2.0
1.8086947
0.0
0.0
4.0
736.3754
2.0
2.1437383
0.0
0.0
4.0
738.7841
2.0
2.441927
0.0
0.0
4.0
741.52783
2.0
2.707315
0.0
0.0
4.0
744.56976
2.0
2.9435103
0.0
0.0
4.0
747.8771
2.0
3.1537242
0.0
0.0
4.0
751.4206
2.0
3.3408144
0.0
0.0
4.0
755.1743
2.0
3.507325
0.0
0.0
4.0
759.1151
2.0
3.6555192
0.0
0.0
4.0
763.2224
2.0
3.7874122
0.0
0.0
4.0
767.4779
2.0
3.9047966
0.0
0.0
4.0
771.8653
2.0
4.0092688
0.0
0.0
4.0
776.3701
2.0
4.102249
0.0
0.0
4.0
780.9794
2.0
4.1850014
0.0
0.0
4.0
785.68164
2.0
3.724651
0.0
0.0
4.0
789.86664
2.0
3.3149395
0.0
0.0
4.0
793.5913
2.0
2.9502962
0.0
0.0
4.0
796.90625
2.0
2.6257637
0.0
0.0
4.0
799.85657
3.0
2.8709297
0.0
0.0
4.0
803.08234
3.0
3.0891273
0.0
0.0
4.0
806.5533
3.0
3.2833233
0.0
0.0
4.0
810.24243
3.0
3.4561577
0.0
0.0
4.0
814.12573
3.0
3.60998
0.0
0.0
4.0
818.1819
3.0
3.7468822
0.0
0.0
4.0
822.39185
3.0
3.8687253
0.0
0.0
4.0
826.7387
3.0
3.9771655
0.0
0.0
4.0
831.20746
3.0
4.0736775
0.0
0.0
4.0
835.7846
4.0
4.159573
0.0
0.0
4.0
840.4583
4.0
4.23602
0.0
0.0
4.0
845.2179
4.0
4.3040576
0.0
0.0
4.0
850.0539
4.0
4.364611
0.0
0.0
4.0
854.95795
4.0
4.4185038
0.0
0.0
4.0
859.92255
4.0
4.4664683
0.0
0.0
4.0
864.94104
4.0
4.5091567
0.0
0.0
4.0
870.0075
4.0
4.547149
0.0
0.0
4.0
875.11664
4.0
4.5809627
0.0
0.0
4.0
880.2638
4.0
4.611057
0.0
0.0
4.0
885.44476
4.0
4.6378403
0.0
0.0
4.0
890.6558
4.0
4.661678
0.0
0.0
4.0
895.8937
4.0
4.6828933
0.0
0.0
4.0
901.15533
4.0
4.701775
0.0
0.0
4.0
906.43823
4.0
0.0
0.0
0.0
4.0
907.0
4.0
0.53400004
0.0
0.0
4.0
907.6
4.0
0.0
0.0
0.0
4.0
907.0
4.0
0.53400004
0.0
0.0
4.0
907.6
4.0
1.00926
0.0
0.0
4.0
908.73395
4.0
1.4322414
0.0
0.0
4.0
910.3432
4.0
1.8086947
0.0
0.0
4.0
912.3754
4.0
2.1437383
0.0
0.0
4.0
914.7841
4.0
2.441927
0.0
0.0
4.0
917.52783
4.0
2.707315
0.0
0.0
4.0
920.56976
4.0
2.9435103
0.0
0.0
4.0
923.8771
4.0
3.1537242
0.0
0.0
4.0
927.4206
4.0
3.3408144
0.0
0.0
4.0
931.1743
4.0
3.507325
0.0
0.0
4.0
935.1151
4.0
3.6555192
0.0
0.0
4.0
939.2224
4.0
3.7874122
0.0
0.0
4.0
943.4779
4.0
3.9047966
0.0
0.0
4.0
947.8653
4.0
4.0092688
0.0
0.0
4.0
952.3701
4.0
4.102249
0.0
0.0
4.0
956.9794
4.0
4.1850014
0.0
0.0
4.0
961.68164
4.0
4.2586513
0.0
0.0
4.0
966.4666
4.0
4.3241997
0.0
0.0
4.0
971.32526
4.0
4.3825374
0.0
0.0
4.0
976.24945
4.0
4.4344583
0.0
0.0
4.0
981.232
4.0
4.4806676
0.0
0.0
4.0
986.2665
4.0
4.521794
0.0
0.0
4.0
991.34717
4.0
4.5583963
0.0
0.0
4.0
996.46893
4.0
4.5909724
0.0
0.0
4.0
1001.6273
4.0
4.619965
0.0
0.0
4.0
1006.8183
4.0
4.6457686
0.0
0.0
4.0
1012.03827
4.0
4.668734
0.0
0.0
4.0
1017.28406
4.0
4.689173
0.0
0.0
4.0
1022.5528
4.0
4.707364
0.0
0.0
4.0
1027.8419
4.0
4.7235537
0.0
0.0
4.0
1033.1493
4.0
4.7379627
0.0
0.0
4.0
1038.4729
4.0
4.750787
0.0
0.0
4.0
1043.8109
4.0
4.7622
0.0
0.0
4.0
1049.1617
4.0
4.772358
0.0
0.0
4.0
1054.5239
4.0
4.7813983
0.0
0.0
4.0
1059.8962
4.0
4.7894444
0.0
0.0
4.0
1065.2776
4.0
4.7966056
0.0
0.0
4.0
1070.667
4.0
4.802979
0.0
0.0
4.0
1076.0636
4.0
4.808651
0.0
0.0
4.0
1081.4666
4.0
4.8136992
0.0
0.0
4.0
1086.8752
4.0
4.818192
0.0
0.0
4.0
1092.289
4.0
4.8221908
0.0
0.0
4.0
1097.7072
4.0
4.8257494
0.0
0.0
4.0
1103.1294
4.0
4.828917
0.0
0.0
4.0
1108.5552
4.0
4.831736
0.0
0.0
4.0
1113.9841
4.0
4.8342447
0.0
0.0
4.0
1119.4159
4.0
4.8364778
0.0
0.0
4.0
1124.8501
4.0
4.838465
0.0
0.0
4.0
1130.2866
4.0
4.840234
0.0
0.0
4.0
1135.7251
4.0
4.841808
0.0
0.0
4.0
1141.1653
4.0
4.843209
0.0
0.0
4.0
1146.607
4.0
4.310456
0.0
0.0
4.0
1151.4503
4.0
3.8363056
0.0
0.0
4.0
1155.7607
4.0
3.414312
0.0
0.0
4.0
1159.597
4.0
3.0387375
0.0
0.0
4.0
1163.0114
4.0
2.7044764
0.0
0.0
4.0
1166.05
4.0
2.4069839
0.0
0.0
4.0
1168.7545
4.0
2.1422155
0.0
0.0
4.0
1171.1615
4.0
1.3725717
0.0
0.0
4.0
1172.7037
4.0
0.6875888
0.0
0.0
4.0
1173.4763
4.0
0.0
0.0
0.0
4.0
1173.4763
4.0
-0.53400004
0.0
0.0
4.0
1172.8763
4.0
-1.00926
0.0
0.0
4.0
1171.7423
4.0
-1.4322414
0.0
0.0
4.0
1170.133
4.0
-1.2746949
0.0
0.0
4.0
1168.7008
4.0
-1.1344784
0.0
0.0
4.0
1167.4261
4.0
-1.0096858
0.0
0.0
4.0
1166.2916
4.0
-0.8986203
0.0
0.0
4.0
1165.282
4.0
-0.7997721
0.0
0.0
4.0
1164.3834
4.0
-0.7117971
0.0
0.0
4.0
1163.5836
4.0
-0.63349944
0.0
0.0
4.0
1162.8718
4.0
0.0
0.0
0.0
4.0
1162.8718
4.0
0.53400004
0.0
0.0
4.0
1163.4718
4.0
1.00926
0.0
0.0
4.0
1164.6058
4.0
1.4322414
0.0
0.0
4.0
1166.2151
4.0
1.8086947
0.0
0.0
4.0
1168.2473
4.0
2.1437383
0.0
0.0
4.0
1170.656
4.0
2.441927
0.0
0.0
4.0
1173.3998
4.0
2.707315
0.0
0.0
4.0
1176.4417
4.0
2.9435103
0.0
0.0
4.0
1179.749
4.0
3.1537242
0.0
0.0
4.0
1183.2925
4.0
3.3408144
0.0
0.0
4.0
1187.0463
4.0
2.9733248
0.0
0.0
4.0
1190.3871
4.0
2.646259
0.0
0.0
4.0
1193.3604
4.0
1.8211704
0.0
0.0
4.0
1195.4066
4.0
1.0868417
0.0
0.0
4.0
1196.6278
4.0
0.0
0.0
0.0
4.0
1196.6278
5.0
-0.53400004
0.0
0.0
4.0
1196.0278
5.0
-1.00926
0.0
0.0
4.0
1194.8938
5.0
-1.4322414
0.0
0.0
4.0
1193.2845
5.0
-1.8086947
0.0
0.0
4.0
1191.2523
5.0
-2.1437383
0.0
0.0
4.0
1188.8436
5.0
-2.441927
0.0
0.0
4.0
1186.0999
5.0
-2.707315
0.0
0.0
4.0
1183.058
5.0
-2.4095104
0.0
0.0
4.0
1180.3507
5.0
-2.1444643
0.0
0.0
4.0
1177.9412
5.0
-1.9085732
0.0
0.0
4.0
1175.7968
5.0
-1.6986301
0.0
0.0
4.0
1173.8882
5.0
-1.5117807
0.0
0.0
4.0
1172.1896
5.0
-1.3454849
0.0
0.0
4.0
1170.6777
5.0
-1.1974815
0.0
0.0
4.0
1169.3323
5.0
-1.0657586
0.0
0.0
4.0
1168.1348
5.0
-0.94852513
0.0
0.0
4.0
1167.069
5.0
-0.8441874
0.0
0.0
4.0
1166.1205
5.0
-0.75132674
0.0
0.0
4.0
1165.2762
5.0
-0.6686808
0.0
0.0
4.0
1164.5249
5.0
-0.5951259
0.0
0.0
4.0
1163.8562
5.0
-0.5296621
0.0
0.0
4.0
1163.2611
5.0
-0.47139925
0.0
0.0
4.0
1162.7314
5.0
0.0
0.0
0.0
4.0
1162.7314
5.0
0.0
0.0
0.0
4.0
1162.7314
5.0
0.0
0.0
0.0
4.0
1162.7314
5.0
0.0
0.0
0.0
4.0
1162.7314
5.0
0.0
0.0
0.0
4.0
1162.7314
5.0
0.53400004
0.0
0.0
4.0
1163.3314
5.0
1.00926
0.0
0.0
4.0
1164.4655
5.0
1.4322414
0.0
0.0
4.0
1166.0747
5.0
1.8086947
0.0
0.0
4.0
1168.1069
5.0
2.1437383
0.0
0.0
4.0
1170.5156
5.0
2.441927
0.0
0.0
4.0
1173.2594
5.0
2.707315
0.0
0.0
4.0
1176.3013
5.0
2.9435103
0.0
0.0
4.0
1179.6086
5.0
3.1537242
0.0
0.0
4.0
1183.1521
5.0
2.8068144
0.0
0.0
4.0
1186.3058
5.0
2.4980648
0.0
0.0
4.0
1189.1125
5.0
2.2232776
0.0
0.0
4.0
1191.6106
5.0
1.978717
0.0
0.0
4.0
1193.8339
5.0
1.7610581
0.0
0.0
4.0
1195.8126
5.0
1.5673417
0.0
0.0
4.0
1197.5737
5.0
1.394934
0.0
0.0
4.0
1199.1411
6.0
1.2414913
0.0
0.0
4.0
1200.536
6.0
1.1049273
0.0
0.0
4.0
1201.7775
6.0
0.98338526
0.0
0.0
4.0
1202.8824
6.0
1.4092128
0.0
0.0
4.0
1204.4658
6.0
1.7881995
0.0
0.0
4.0
1206.475
6.0
2.1254976
0.0
0.0
4.0
1208.8632
6.0
2.425693
0.0
0.0
4.0
1211.5886
6.0
2.6928666
0.0
0.0
4.0
1214.6143
6.0
2.9306514
0.0
0.0
4.0
1217.9071
6.0
3.1422799
0.0
0.0
4.0
1221.4377
6.0
3.330629
0.0
0.0
4.0
1225.18
6.0
3.49826
0.0
0.0
4.0
1229.1107
6.0
3.6474512
0.0
0.0
4.0
1233.209
6.0
3.7802317
0.0
0.0
4.0
1237.4564
6.0
3.8984063
0.0
0.0
4.0
1241.8367
6.0
4.0035815
0.0
0.0
4.0
1246.3351
6.0
4.0971875
0.0
0.0
4.0
1250.9387
6.0
4.1804967
0.0
0.0
4.0
1255.6359
6.0
4.254642
0.0
0.0
4.0
1260.4164
6.0
4.320631
0.0
0.0
4.0
1265.271
6.0
4.3793616
0.0
0.0
4.0
1270.1917
6.0
4.4316316
0.0
0.0
4.0
1275.171
6.0
4.478152
0.0
0.0
4.0
1280.2026
6.0
4.519555
0.0
0.0
4.0
1285.2808
6.0
4.5564036
0.0
0.0
4.0
1290.4003
6.0
4.589199
0.0
0.0
4.0
1295.5566
6.0
4.618387
0.0
0.0
4.0
1300.7458
6.0
4.6443644
0.0
0.0
4.0
1305.9642
6.0
4.6674843
0.0
0.0
4.0
1311.2086
6.0
4.6880608
0.0
0.0
4.0
1316.4761
6.0
4.7063737
0.0
0.0
4.0
1321.7642
6.0
4.7226725
0.0
0.0
4.0
1327.0706
6.0
4.7371783
0.0
0.0
4.0
1332.3932
6.0
4.7500887
0.0
0.0
4.0
1337.7303
6.0
4.7615786
0.0
0.0
4.0
1343.0804
6.0
4.771805
0.0
0.0
4.0
1348.442
6.0
4.780906
0.0
0.0
4.0
1353.8138
6.0
4.789006
0.0
0.0
4.0
1359.1947
6.0
4.7962155
0.0
0.0
4.0
1364.5837
6.0
4.802632
0.0
0.0
4.0
1369.98
6.0
4.808342
0.0
0.0
4.0
1375.3826
6.0
4.813424
0.0
0.0
4.0
1380.7909
6.0
4.8179474
0.0
0.0
4.0
1386.2043
6.0
4.821973
0.0
0.0
4.0
1391.6223
6.0
4.825556
0.0
0.0
4.0
1397.0443
6.0
4.8287444
0.0
0.0
4.0
1402.4698
6.0
4.8315825
0.0
0.0
4.0
1407.8986
6.0
4.8341084
0.0
0.0
4.0
1413.3302
6.0
4.836356
0.0
0.0
4.0
1418.7643
6.0
4.838357
0.0
0.0
4.0
1424.2007
6.0
4.8401375
0.0
0.0
4.0
1429.639
6.0
4.307722
0.0
0.0
4.0
1434.4791
6.0
3.8338726
0.0
0.0
4.0
1438.7869
6.0
3.4121466
0.0
0.0
4.0
1442.6207
6.0
3.0368104
0.0
0.0
4.0
1446.0328
6.0
2.7027612
0.0
0.0
4.0
1449.0697
6.0
2.4054575
0.0
0.0
4.0
1451.7725
6.0
2.1408572
0.0
0.0
4.0
1454.178
6.0
1.9053628
0.0
0.0
4.0
1456.3188
6.0
1.6957729
0.0
0.0
4.0
1458.2242
6.0
2.043238
0.0
0.0
4.0
1460.52
6.0
2.3524818
0.0
0.0
4.0
1463.1632
6.0
2.6277087
0.0
0.0
4.0
1466.1157
6.0
2.8726609
0.0
0.0
4.0
1469.3434
6.0
2.556668
0.0
0.0
4.0
1472.2161
6.0
2.2754345
0.0
0.0
4.0
1474.7727
6.0
1.4911367
0.0
0.0
4.0
1476.4481
6.0
0.7931116
0.0
0.0
4.0
1477.3392
6.0
0.0
0.0
0.0
4.0
1477.3392
6.0
-0.53400004
0.0
0.0
4.0
1476.7393
6.0
-1.00926
0.0
0.0
4.0
1475.6052
6.0
-1.4322414
0.0
0.0
4.0
1473.996
7.0
-1.2746949
0.0
0.0
4.0
1472.5637
7.0
-1.1344784
0.0
0.0
4.0
1471.2891
7.0
-1.0096858
0.0
0.0
4.0
1470.1545
7.0
-0.8986203
0.0
0.0
4.0
1469.1449
7.0
-0.7997721
0.0
0.0
4.0
1468.2463
7.0
-0.7117971
0.0
0.0
4.0
1467.4465
7.0
-0.63349944
0.0
0.0
4.0
1466.7347
7.0
-0.5638145
0.0
0.0
4.0
1466.1012
7.0
-0.50179493
0.0
0.0
4.0
1465.5374
7.0
-0.4465975
0.0
0.0
4.0
1465.0355
7.0
0.0
0.0
0.0
4.0
1465.0355
7.0
0.0
0.0
0.0
4.0
1465.0355
7.0
0.0
0.0
0.0
4.0
1465.0355
7.0
0.0
0.0
0.0
4.0
1465.0355
7.0
0.0
0.0
0.0
4.0
1465.0355
7.0
0.0
0.0
0.0
4.0
1465.0355
7.0
0.53400004
0.0
0.0
4.0
1465.6355
7.0
1.00926
0.0
0.0
4.0
1466.7695
7.0
1.4322414
0.0
0.0
4.0
1468.3788
7.0
1.8086947
0.0
0.0
4.0
1470.411
7.0
2.1437383
0.0
0.0
4.0
1472.8197
7.0
2.441927
0.0
0.0
4.0
1475.5635
7.0
2.173315
0.0
0.0
4.0
1478.0054
8.0
1.9342504
0.0
0.0
4.0
1480.1787
8.0
1.7214828
0.0
0.0
4.0
1482.1129
8.0
1.5321196
0.0
0.0
4.0
1483.8344
8.0
1.8975865
0.0
0.0
4.0
1485.9664
8.0
2.222852
0.0
0.0
4.0
1488.464
8.0
2.5123384
0.0
0.0
4.0
1491.2869
8.0
2.7699811
0.0
0.0
4.0
1494.3992
8.0
2.9992833
0.0
0.0
4.0
1497.7692
8.0
3.203362
0.0
0.0
4.0
1501.3684
8.0
3.3849921
0.0
0.0
4.0
1505.1718
8.0
3.5466428
0.0
0.0
4.0
1509.1567
8.0
3.690512
0.0
0.0
4.0
1513.3033
8.0
3.8185556
0.0
0.0
4.0
1517.5939
8.0
3.9325144
0.0
0.0
4.0
1522.0125
8.0
4.033938
0.0
0.0
4.0
1526.5449
8.0
4.1242046
0.0
0.0
4.0
1531.1788
8.0
4.204542
0.0
0.0
4.0
1535.9031
8.0
4.2760425
0.0
0.0
4.0
1540.7076
8.0
4.339678
0.0
0.0
4.0
1545.5837
8.0
4.396313
0.0
0.0
4.0
1550.5234
8.0
4.4467187
0.0
0.0
4.0
1555.5198
8.0
4.4915795
0.0
0.0
4.0
1560.5665
8.0
4.5315056
0.0
0.0
4.0
1565.6581
8.0
4.56704
0.0
0.0
4.0
1570.7896
8.0
4.598665
0.0
0.0
4.0
1575.9565
8.0
4.626812
0.0
0.0
4.0
1581.1552
8.0
4.6518626
0.0
0.0
4.0
1586.382
8.0
4.6741576
0.0
0.0
4.0
1591.6338
8.0
4.6940002
0.0
0.0
4.0
1596.908
8.0
4.71166
0.0
0.0
4.0
1602.2019
8.0
4.727377
0.0
0.0
4.0
1607.5135
8.0
4.7413654
0.0
0.0
4.0
1612.841
8.0
4.753815
0.0
0.0
4.0
1618.1823
8.0
4.7648954
0.0
0.0
4.0
1623.536
8.0
4.774757
0.0
0.0
4.0
1628.9009
8.0
4.7835336
0.0
0.0
4.0
1634.2756
8.0
4.7913446
0.0
0.0
4.0
1639.6592
8.0
4.7982965
0.0
0.0
4.0
1645.0505
8.0
4.270484
0.0
0.0
4.0
1649.8489
8.0
3.2667308
0.0
0.0
4.0
1653.5194
8.0
2.3733904
0.0
0.0
4.0
1656.1862
8.0
1.5783174
0.0
0.0
4.0
1657.9596
8.0
0.87070245
0.0
0.0
4.0
1658.9379
8.0
0.0
0.0
0.0
4.0
1658.9379
8.0
0.0
0.0
0.0
4.0
1658.9379
9.0
0.0
0.0
0.0
4.0
1658.9379
9.0
0.0
0.0
0.0
4.0
1658.9379
9.0
0.0
0.0
0.0
4.0
1658.9379
9.0
0.0
0.0
0.0
4.0
1658.9379
9.0
0.0
0.0
0.0
4.0
1658.9379
9.0
0.0
0.0
0.0
4.0
1658.9379
9.0
0.0
0.0
0.0
4.0
1658.9379
9.0
0.0
0.0
0.0
4.0
1658.9379
9.0
0.0
0.0
0.0
4.0
1658.9379
9.0
0.0
0.0
0.0
4.0
1658.9379
9.0
0.53400004
0.0
0.0
4.0
1659.5378
9.0
1.00926
0.0
0.0
4.0
1660.6719
9.0
1.4322414
0.0
0.0
4.0
1662.2811
9.0
1.8086947
0.0
0.0
4.0
1664.3134
9.0
2.1437383
0.0
0.0
4.0
1666.722
9.0
2.441927
0.0
0.0
4.0
1669.4658
9.0
2.707315
0.0
0.0
4.0
1672.5077
9.0
2.9435103
0.0
0.0
4.0
1675.8151
9.0
3.1537242
0.0
0.0
4.0
1679.3585
9.0
3.3408144
0.0
0.0
4.0
1683.1123
9.0
3.507325
0.0
0.0
4.0
1687.0531
9.0
3.6555192
0.0
0.0
4.0
1691.1604
9.0
3.7874122
0.0
0.0
4.0
1695.4159
9.0
3.9047966
0.0
0.0
4.0
1699.8033
9.0
4.0092688
0.0
0.0
4.0
1704.3081
9.0
4.102249
0.0
0.0
4.0
1708.9174
9.0
4.1850014
0.0
0.0
4.0
1713.6196
9.0
4.2586513
0.0
0.0
4.0
1718.4047
9.0
4.3241997
0.0
0.0
4.0
1723.2633
9.0
4.3825374
0.0
0.0
4.0
1728.1875
9.0
4.4344583
0.0
0.0
4.0
1733.17
9.0
4.4806676
0.0
0.0
4.0
1738.2045
9.0
4.521794
0.0
0.0
4.0
1743.2852
9.0
4.5583963
0.0
0.0
4.0
1748.407
9.0
4.5909724
0.0
0.0
4.0
1753.5654
9.0
4.619965
0.0
0.0
4.0
1758.7563
9.0
4.6457686
0.0
0.0
4.0
1763.9763
9.0
4.668734
0.0
0.0
4.0
1769.222
9.0
4.689173
0.0
0.0
4.0
1774.4907
9.0
4.707364
0.0
0.0
4.0
1779.7799
9.0
4.7235537
0.0
0.0
4.0
1785.0873
9.0
4.7379627
0.0
0.0
4.0
1790.4109
9.0
4.750787
0.0
0.0
4.0
1795.7489
9.0
4.7622
0.0
0.0
4.0
1801.0997
9.0
4.772358
0.0
0.0
4.0
1806.4619
9.0
4.7813983
0.0
0.0
4.0
1811.8342
9.0
4.7894444
0.0
0.0
4.0
1817.2156
9.0
4.7966056
0.0
0.0
4.0
1822.605
9.0
4.802979
0.0
0.0
4.0
1828.0016
9.0
4.808651
0.0
0.0
4.0
1833.4045
9.0
4.8136992
0.0
0.0
4.0
1838.8132
9.0
4.818192
0.0
0.0
4.0
1844.2269
9.0
4.8221908
0.0
0.0
4.0
1849.6451
9.0
4.8257494
0.0
0.0
4.0
1855.0674
9.0
4.828917
0.0
0.0
4.0
1860.4932
9.0
4.831736
0.0
0.0
4.0
1865.9221
9.0
4.8342447
0.0
0.0
4.0
1871.3539
9.0
4.8364778
0.0
0.0
4.0
1876.7881
9.0
4.838465
0.0
0.0
4.0
1882.2246
9.0
4.840234
0.0
0.0
4.0
1887.6631
9.0
4.841808
0.0
0.0
4.0
1893.1033
9.0
4.843209
0.0
0.0
4.0
1898.545
9.0
4.8444557
0.0
0.0
4.0
1903.9883
9.0
4.8455653
0.0
0.0
4.0
1909.4327
9.0
4.846553
0.0
0.0
4.0
1914.8783
9.0
4.8474317
0.0
0.0
4.0
1920.3248
9.0
4.848214
0.0
0.0
4.0
1925.7722
9.0
4.8489103
0.0
0.0
4.0
1931.2205
9.0
4.3155303
0.0
0.0
4.0
1936.0693
9.0
3.840822
0.0
0.0
4.0
1940.3849
9.0
2.8843315
0.0
0.0
4.0
1943.6257
9.0
2.0330548
0.0
0.0
4.0
1945.91
9.0
1.8094188
0.0
0.0
4.0
1947.9431
9.0
1.6103827
0.0
0.0
4.0
1949.7526
9.0
1.4332405
0.0
0.0
4.0
1951.3629
9.0
1.2755841
0.0
0.0
4.0
1952.7961
10.0
1.1352699
0.0
0.0
4.0
1954.0718
10.0
1.0103902
0.0
0.0
4.0
1955.207
10.0
0.8992472
0.0
0.0
4.0
1956.2174
10.0
0.80033004
0.0
0.0
4.0
1957.1167
10.0
0.71229374
0.0
0.0
4.0
1957.917
10.0
0.6339414
0.0
0.0
4.0
1958.6293
10.0
0.56420785
0.0
0.0
4.0
1959.2632
10.0
0.502145
0.0
0.0
4.0
1959.8274
10.0
0.0
0.0
0.0
4.0
1959.8274
11.0
-0.53400004
0.0
0.0
4.0
1959.2274
11.0
-1.00926
0.0
0.0
4.0
1958.0934
11.0
-1.4322414
0.0
0.0
4.0
1956.4841
11.0
-1.8086947
0.0
0.0
4.0
1954.4519
11.0
-2.1437383
0.0
0.0
4.0
1952.0432
11.0
-2.441927
0.0
0.0
4.0
1949.2994
11.0
-2.173315
0.0
0.0
4.0
1946.8575
11.0
-1.9342504
0.0
0.0
4.0
1944.6842
11.0
-1.7214828
0.0
0.0
4.0
1942.75
11.0
-1.5321196
0.0
0.0
4.0
1941.0286
11.0
-0.82958645
0.0
0.0
4.0
1940.0964
11.0
0.0
0.0
0.0
4.0
1940.0964
11.0
0.53400004
0.0
0.0
4.0
1940.6964
11.0
1.00926
0.0
0.0
4.0
1941.8304
11.0
1.4322414
0.0
0.0
4.0
1943.4397
11.0
1.8086947
0.0
0.0
4.0
1945.4719
11.0
1.6097382
0.0
0.0
4.0
1947.2806
11.0
1.432667
0.0
0.0
4.0
1948.8904
11.0
1.2750736
0.0
0.0
4.0
1950.323
11.0
1.1348156
0.0
0.0
4.0
1951.598
11.0
1.0099858
0.0
0.0
4.0
1952.7328
11.0
0.89888734
0.0
0.0
4.0
1953.7428
11.0
0.8000097
0.0
0.0
4.0
1954.6417
12.0
0.71200866
0.0
0.0
4.0
1955.4418
12.0
0.6336877
0.0
0.0
4.0
1956.1538
12.0
0.0
0.0
0.0
4.0
1956.1538
12.0
-0.53400004
0.0
0.0
4.0
1955.5538
12.0
-1.00926
0.0
0.0
4.0
1954.4198
12.0
-1.4322414
0.0
0.0
4.0
1952.8105
12.0
-1.8086947
0.0
0.0
4.0
1950.7783
12.0
-2.1437383
0.0
0.0
4.0
1948.3696
12.0
-2.441927
0.0
0.0
4.0
1945.6259
12.0
-2.707315
0.0
0.0
4.0
1942.584
12.0
-2.4095104
0.0
0.0
4.0
1939.8767
12.0
-2.1444643
0.0
0.0
4.0
1937.4672
12.0
-1.3745731
0.0
0.0
4.0
1935.9227
12.0
-0.68937004
0.0
0.0
4.0
1935.1482
12.0
0.0
0.0
0.0
4.0
1935.1482
12.0
0.53400004
0.0
0.0
4.0
1935.7482
12.0
1.00926
0.0
0.0
4.0
1936.8822
12.0
1.4322414
0.0
0.0
4.0
1938.4915
12.0
1.8086947
0.0
0.0
4.0
1940.5237
12.0
1.6097382
0.0
0.0
4.0
1942.3324
12.0
1.432667
0.0
0.0
4.0
1943.9421
12.0
1.2750736
0.0
0.0
4.0
1945.3748
12.0
1.1348156
0.0
0.0
4.0
1946.6498
12.0
1.0099858
0.0
0.0
4.0
1947.7845
12.0
0.89888734
0.0
0.0
4.0
1948.7946
12.0
0.8000097
0.0
0.0
4.0
1949.6935
13.0
0.71200866
0.0
0.0
4.0
1950.4935
13.0
0.6336877
0.0
0.0
4.0
1951.2056
13.0
1.0979819
0.0
0.0
4.0
1952.4392
13.0
1.5112039
0.0
0.0
4.0
1954.1372
13.0
1.8789715
0.0
0.0
4.0
1956.2484
13.0
2.2062845
0.0
0.0
4.0
1958.7274
13.0
2.4975932
0.0
0.0
4.0
1961.5337
13.0
2.756858
0.0
0.0
4.0
1964.6312
13.0
2.987604
0.0
0.0
4.0
1967.988
13.0
3.1929677
0.0
0.0
4.0
1971.5757
13.0
3.3757412
0.0
0.0
4.0
1975.3687
13.0
3.5384097
0.0
0.0
4.0
1979.3444
13.0
3.6831844
0.0
0.0
4.0
1983.4828
13.0
3.8120341
0.0
0.0
4.0
1987.766
13.0
3.9267101
0.0
0.0
4.0
1992.178
13.0
4.028772
0.0
0.0
4.0
1996.7047
13.0
4.119607
0.0
0.0
4.0
2001.3335
13.0
4.20045
0.0
0.0
4.0
2006.0531
13.0
4.2724004
0.0
0.0
4.0
2010.8535
13.0
4.3364363
0.0
0.0
4.0
2015.726
13.0
4.3934283
0.0
0.0
4.0
2020.6624
13.0
4.444151
0.0
0.0
4.0
2025.6558
13.0
4.489294
0.0
0.0
4.0
2030.7
13.0
4.5294714
0.0
0.0
4.0
2035.7892
13.0
4.5652294
0.0
0.0
4.0
2040.9187
13.0
4.597054
0.0
0.0
4.0
2046.084
13.0
4.625378
0.0
0.0
4.0
2051.281
13.0
4.6505866
0.0
0.0
4.0
2056.5063
13.0
4.673022
0.0
0.0
4.0
2061.7568
13.0
4.6929893
0.0
0.0
4.0
2067.0298
13.0
4.7107606
0.0
0.0
4.0
2072.3228
13.0
4.726577
0.0
0.0
4.0
2077.6335
13.0
4.740653
0.0
0.0
4.0
2082.9602
13.0
4.753181
0.0
0.0
4.0
2088.3008
13.0
4.764331
0.0
0.0
4.0
2093.654
13.0
4.7742543
0.0
0.0
4.0
2099.0183
13.0
4.7830863
0.0
0.0
4.0
2104.3926
13.0
4.7909465
0.0
0.0
4.0
2109.7756
13.0
4.797942
0.0
0.0
4.0
2115.1665
13.0
4.804168
0.0
0.0
4.0
2120.5645
13.0
4.8097095
0.0
0.0
4.0
2125.9685
13.0
4.8146415
0.0
0.0
4.0
2131.3782
13.0
4.819031
0.0
0.0
4.0
2136.7927
13.0
4.822937
0.0
0.0
4.0
2142.2117
13.0
4.8264136
0.0
0.0
4.0
2147.6345
13.0
4.829508
0.0
0.0
4.0
2153.061
13.0
4.832262
0.0
0.0
4.0
2158.4905
13.0
4.834713
0.0
0.0
4.0
2163.9229
13.0
4.8368945
0.0
0.0
4.0
2169.3577
13.0
4.3048363
0.0
0.0
4.0
2174.1946
13.0
3.8313043
0.0
0.0
4.0
2178.4995
13.0
3.4098608
0.0
0.0
4.0
2182.3308
13.0
3.0347762
0.0
0.0
4.0
2185.7407
13.0
0.0
0.0
0.0
4.0
2187.0
13.0
0.0
0.0
0.0
4.0
2187.0
13.0
0.0
0.0
0.0
4.0
2187.0
13.0
0.0
0.0
0.0
4.0
2187.0
13.0
0.53400004
0.0
0.0
4.0
2187.6
13.0
1.00926
0.0
0.0
4.0
2188.7341
13.0
1.4322414
0.0
0.0
4.0
2190.3435
13.0
1.2746949
0.0
0.0
4.0
2191.7756
13.0
1.1344784
0.0
0.0
4.0
2193.0503
13.0
1.0096858
0.0
0.0
4.0
2194.1848
13.0
0.8986203
0.0
0.0
4.0
2195.1946
13.0
1.3337721
0.0
0.0
4.0
2196.693
13.0
1.7210572
0.0
0.0
4.0
2198.627
13.0
2.065741
0.0
0.0
4.0
2200.948
13.0
2.3725095
0.0
0.0
4.0
2203.6138
13.0
2.6455333
0.0
0.0
4.0
2206.5862
13.0
2.8885248
0.0
0.0
4.0
2209.8318
13.0
3.104787
0.0
0.0
4.0
2213.3203
13.0
3.2972605
0.0
0.0
4.0
2217.0251
13.0
3.468562
0.0
0.0
4.0
2220.9224
13.0
3.62102
0.0
0.0
4.0
2224.991
13.0
3.756708
0.0
0.0
4.0
2229.212
13.0
3.87747
0.0
0.0
4.0
2233.5686
13.0
3.9849482
0.0
0.0
4.0
2238.0461
13.0
4.0806036
0.0
0.0
4.0
2242.631
13.0
4.165737
0.0
0.0
4.0
2247.3118
13.0
4.241506
0.0
0.0
4.0
2252.0774
13.0
4.3089404
0.0
0.0
4.0
2256.919
13.0
4.368957
0.0
0.0
4.0
2261.828
13.0
4.4223714
0.0
0.0
4.0
2266.7969
13.0
4.46991
0.0
0.0
4.0
2271.8193
13.0
4.51222
0.0
0.0
4.0
2276.8892
13.0
4.5498757
0.0
0.0
4.0
2282.0015
13.0
4.5833893
0.0
0.0
4.0
2287.1514
13.0
4.6132164
0.0
0.0
4.0
2292.3347
13.0
4.6397624
0.0
0.0
4.0
2297.5479
13.0
4.6633883
0.0
0.0
4.0
2302.7876
13.0
4.6844153
0.0
0.0
4.0
2308.051
13.0
4.7031293
0.0
0.0
4.0
2313.3354
13.0
4.7197847
0.0
0.0
4.0
2318.6387
13.0
4.734608
0.0
0.0
4.0
2323.9585
13.0
4.7478013
0.0
0.0
4.0
2329.2932
13.0
4.759543
0.0
0.0
4.0
2334.641
13.0
4.769993
0.0
0.0
4.0
2340.0007
13.0
4.7792935
0.0
0.0
4.0
2345.3706
13.0
4.787571
0.0
0.0
4.0
2350.75
13.0
4.794938
0.0
0.0
4.0
2356.1375
13.0
4.8014946
0.0
0.0
4.0
2361.5325
13.0
4.80733
0.0
0.0
4.0
2366.934
13.0
4.812524
0.0
0.0
4.0
2372.3413
13.0
4.817146
0.0
0.0
4.0
2377.754
13.0
4.8212595
0.0
0.0
4.0
2383.1711
13.0
4.8249207
0.0
0.0
4.0
2388.5923
13.0
4.8281794
0.0
0.0
4.0
2394.017
13.0
4.2970796
0.0
0.0
4.0
2398.8452
13.0
3.8244007
0.0
0.0
4.0
2403.1423
13.0
3.4037166
0.0
0.0
4.0
2406.9668
13.0
3.0293076
0.0
0.0
4.0
2410.3706
13.0
0.0
0.0
0.0
4.0
2411.0
13.0
0.0
0.0
0.0
4.0
2411.0
13.0
0.0
0.0
0.0
4.0
2411.0
13.0
0.0
0.0
0.0
4.0
2411.0
13.0
0.0
0.0
0.0
4.0
2411.0
13.0
0.53400004
0.0
0.0
4.0
2411.6
13.0
1.00926
0.0
0.0
4.0
2412.7341
13.0
1.4322414
0.0
0.0
4.0
2414.3435
13.0
1.8086947
0.0
0.0
4.0
2416.3757
13.0
2.1437383
0.0
0.0
4.0
2418.7844
13.0
2.441927
0.0
0.0
4.0
2421.528
13.0
2.707315
0.0
0.0
4.0
2424.57
13.0
2.9435103
0.0
0.0
4.0
2427.8774
13.0
3.1537242
0.0
0.0
4.0
2431.421
13.0
3.3408144
0.0
0.0
4.0
2435.1746
13.0
3.507325
0.0
0.0
4.0
2439.1155
13.0
3.6555192
0.0
0.0
4.0
2443.223
13.0
3.7874122
0.0
0.0
4.0
2447.4785
13.0
3.9047966
0.0
0.0
4.0
2451.866
13.0
4.0092688
0.0
0.0
4.0
2456.3708
13.0
4.102249
0.0
0.0
4.0
2460.9802
13.0
4.1850014
0.0
0.0
4.0
2465.6824
13.0
4.2586513
0.0
0.0
4.0
2470.4673
13.0
4.3241997
0.0
0.0
4.0
2475.326
13.0
4.3825374
0.0
0.0
4.0
2480.2502
13.0
4.4344583
0.0
0.0
4.0
2485.2327
13.0
4.4806676
0.0
0.0
4.0
2490.267
13.0
4.521794
0.0
0.0
4.0
2495.3477
13.0
4.5583963
0.0
0.0
4.0
2500.4695
13.0
4.5909724
0.0
0.0
4.0
2505.628
13.0
4.619965
0.0
0.0
4.0
2510.8188
13.0
4.6457686
0.0
0.0
4.0
2516.0388
13.0
4.668734
0.0
0.0
4.0
2521.2847
13.0
4.689173
0.0
0.0
4.0
2526.5535
13.0
4.707364
0.0
0.0
4.0
2531.8425
13.0
4.7235537
0.0
0.0
4.0
2537.15
13.0
4.7379627
0.0
0.0
4.0
2542.4734
13.0
4.750787
0.0
0.0
4.0
2547.8113
13.0
4.7622
0.0
0.0
4.0
2553.162
13.0
4.772358
0.0
0.0
4.0
2558.5244
13.0
4.7813983
0.0
0.0
4.0
2563.8967
13.0
4.7894444
0.0
0.0
4.0
2569.278
13.0
4.7966056
0.0
0.0
4.0
2574.6675
13.0
4.802979
0.0
0.0
4.0
2580.064
13.0
4.808651
0.0
0.0
4.0
2585.467
13.0
4.8136992
0.0
0.0
4.0
2590.8757
13.0
4.818192
0.0
0.0
4.0
2596.2896
13.0
4.8221908
0.0
0.0
4.0
2601.7078
13.0
4.8257494
0.0
0.0
4.0
2607.13
13.0
4.828917
0.0
0.0
4.0
2612.5557
13.0
4.831736
0.0
0.0
4.0
2617.9846
13.0
4.8342447
0.0
0.0
4.0
2623.4163
13.0
4.8364778
0.0
0.0
4.0
2628.8506
13.0
4.838465
0.0
0.0
4.0
2634.287
13.0
4.840234
0.0
0.0
4.0
2639.7256
13.0
4.841808
0.0
0.0
4.0
2645.1658
13.0
4.843209
0.0
0.0
4.0
2650.6077
13.0
4.8444557
0.0
0.0
4.0
2656.0508
13.0
4.8455653
0.0
0.0
4.0
2661.495
13.0
4.846553
0.0
0.0
4.0
2666.9407
13.0
4.8474317
0.0
0.0
4.0
2672.3872
13.0
4.848214
0.0
0.0
4.0
2677.8347
13.0
4.8489103
0.0
0.0
4.0
2683.283
13.0
4.84953
0.0
0.0
4.0
2688.732
13.0
4.850082
0.0
0.0
4.0
2694.1814
13.0
4.8505726
0.0
0.0
4.0
2699.6316
13.0
4.8510094
0.0
0.0
4.0
2705.0823
13.0
4.851398
0.0
0.0
4.0
2710.5332
13.0
4.851744
0.0
0.0
4.0
2715.9846
13.0
4.852052
0.0
0.0
4.0
2721.4363
13.0
4.8523264
0.0
0.0
4.0
2726.8884
13.0
4.8525705
0.0
0.0
4.0
2732.3408
13.0
4.8527875
0.0
0.0
4.0
2737.7935
13.0
4.8529806
0.0
0.0
4.0
2743.2463
13.0
4.319153
0.0
0.0
4.0
2748.0994
13.0
3.310046
0.0
0.0
4.0
2751.8186
13.0
2.4119408
0.0
0.0
4.0
2754.5286
14.0
1.6126273
0.0
0.0
4.0
2756.3406
14.0
1.4352382
0.0
0.0
4.0
2757.9531
14.0
1.277362
0.0
0.0
4.0
2759.3884
14.0
1.1368521
0.0
0.0
4.0
2760.6658
14.0
1.0117984
0.0
0.0
4.0
2761.8027
14.0
0.90050054
0.0
0.0
4.0
2762.8145
14.0
0.8014455
0.0
0.0
4.0
2763.7148
14.0
0.71328646
0.0
0.0
4.0
2764.5164
14.0
0.63482493
0.0
0.0
4.0
2765.2297
15.0
0.56499416
0.0
0.0
4.0
2765.8645
15.0
0.5028448
0.0
0.0
4.0
2766.4294
15.0
0.98153186
0.0
0.0
4.0
2767.5322
15.0
1.4075633
0.0
0.0
4.0
2769.1138
15.0
1.7867314
0.0
0.0
4.0
2771.1213
15.0
2.1241908
0.0
0.0
4.0
2773.508
15.0
2.4245298
0.0
0.0
4.0
2776.2322
15.0
2.6918316
0.0
0.0
4.0
2779.2566
15.0
2.92973
0.0
0.0
4.0
2782.5483
15.0
3.1414595
0.0
0.0
4.0
2786.0781
15.0
3.3298988
0.0
0.0
4.0
2789.8196
15.0
3.4976099
0.0
0.0
4.0
2793.7495
15.0
3.6468728
0.0
0.0
4.0
2797.8472
15.0
3.7797167
0.0
0.0
4.0
2802.094
15.0
3.897948
0.0
0.0
4.0
2806.4736
15.0
4.003174
0.0
0.0
4.0
2810.9717
15.0
4.0968246
0.0
0.0
4.0
2815.575
15.0
4.180174
0.0
0.0
4.0
2820.2717
15.0
4.2543545
0.0
0.0
4.0
2825.052
15.0
4.3203754
0.0
0.0
4.0
2829.9062
15.0
4.379134
0.0
0.0
4.0
2834.8267
15.0
4.4314294
0.0
0.0
4.0
2839.806
15.0
4.477972
0.0
0.0
4.0
2844.8374
15.0
4.519395
0.0
0.0
4.0
2849.9153
15.0
4.556261
0.0
0.0
4.0
2855.0347
15.0
4.589072
0.0
0.0
4.0
2860.191
15.0
4.618274
0.0
0.0
4.0
2865.38
15.0
4.6442637
0.0
0.0
4.0
2870.5981
15.0
4.6673946
0.0
0.0
4.0
2875.8425
15.0
4.687981
0.0
0.0
4.0
2881.1099
15.0
4.706303
0.0
0.0
4.0
2886.398
15.0
4.7226095
0.0
0.0
4.0
2891.7043
15.0
4.7371225
0.0
0.0
4.0
2897.0269
15.0
4.750039
0.0
0.0
4.0
2902.364
15.0
4.7615347
0.0
0.0
4.0
2907.714
15.0
4.7717657
0.0
0.0
4.0
2913.0757
15.0
4.7808714
0.0
0.0
4.0
2918.4475
15.0
4.7889752
0.0
0.0
4.0
2923.8284
15.0
4.796188
0.0
0.0
4.0
2929.2173
15.0
4.802607
0.0
0.0
4.0
2934.6135
15.0
4.80832
0.0
0.0
4.0
2940.016
15.0
4.8134046
0.0
0.0
4.0
2945.4243
15.0
4.8179297
0.0
0.0
4.0
2950.8376
15.0
4.821957
0.0
0.0
4.0
2956.2556
15.0
4.8255415
0.0
0.0
4.0
2961.6775
15.0
4.8287315
0.0
0.0
4.0
2967.103
15.0
0.0
0.0
0.0
4.0
2971.0
15.0
0.53400004
0.0
0.0
4.0
2971.6
15.0
1.00926
0.0
0.0
4.0
2972.7341
15.0
1.4322414
0.0
0.0
4.0
2974.3435
15.0
1.8086947
0.0
0.0
4.0
2976.3757
15.0
2.1437383
0.0
0.0
4.0
2978.7844
15.0
2.441927
0.0
0.0
4.0
2981.528
15.0
2.707315
0.0
0.0
4.0
2984.57
15.0
2.9435103
0.0
0.0
4.0
2987.8774
15.0
3.1537242
0.0
0.0
4.0
2991.421
15.0
3.3408144
0.0
0.0
4.0
2995.1746
15.0
3.507325
0.0
0.0
4.0
2999.1155
15.0
3.6555192
0.0
0.0
4.0
3003.223
15.0
0.0
0.0
0.0
4.0
3003.0
15.0
0.53400004
0.0
0.0
4.0
3003.6
15.0
0.0
0.0
0.0
4.0
3003.0
15.0
0.53400004
0.0
0.0
4.0
3003.6
15.0
0.0
0.0
0.0
4.0
3003.0
15.0
0.53400004
0.0
0.0
4.0
3003.6
15.0
1.00926
0.0
0.0
4.0
3004.7341
15.0
1.4322414
0.0
0.0
4.0
3006.3435
15.0
1.8086947
0.0
0.0
4.0
3008.3757
15.0
2.1437383
0.0
0.0
4.0
3010.7844
15.0
2.441927
0.0
0.0
4.0
3013.528
15.0
2.707315
0.0
0.0
4.0
3016.57
15.0
2.9435103
0.0
0.0
4.0
3019.8774
15.0
3.1537242
0.0
0.0
4.0
3023.421
15.0
3.3408144
0.0
0.0
4.0
3027.1746
15.0
3.507325
0.0
0.0
4.0
3031.1155
15.0
3.6555192
0.0
0.0
4.0
3035.223
15.0
3.7874122
0.0
0.0
4.0
3039.4785
15.0
3.9047966
0.0
0.0
4.0
3043.866
15.0
4.0092688
0.0
0.0
4.0
3048.3708
15.0
4.102249
0.0
0.0
4.0
3052.9802
15.0
4.1850014
0.0
0.0
4.0
3057.6824
15.0
4.2586513
0.0
0.0
4.0
3062.4673
15.0
4.3241997
0.0
0.0
4.0
3067.326
15.0
4.3825374
0.0
0.0
4.0
3072.2502
15.0
4.4344583
0.0
0.0
4.0
3077.2327
15.0
4.4806676
0.0
0.0
4.0
3082.267
15.0
4.521794
0.0
0.0
4.0
3087.3477
15.0
4.5583963
0.0
0.0
4.0
3092.4695
15.0
4.5909724
0.0
0.0
4.0
3097.628
15.0
4.619965
0.0
0.0
4.0
3102.8188
15.0
4.6457686
0.0
0.0
4.0
3108.0388
15.0
4.668734
0.0
0.0
4.0
3113.2847
15.0
4.689173
0.0
0.0
4.0
3118.5535
15.0
4.707364
0.0
0.0
4.0
3123.8425
15.0
4.7235537
0.0
0.0
4.0
3129.15
15.0
4.7379627
0.0
0.0
4.0
3134.4734
15.0
4.750787
0.0
0.0
4.0
3139.8113
15.0
4.7622
0.0
0.0
4.0
3145.162
15.0
4.772358
0.0
0.0
4.0
3150.5244
15.0
4.7813983
0.0
0.0
4.0
3155.8967
15.0
4.7894444
0.0
0.0
4.0
3161.278
15.0
4.7966056
0.0
0.0
4.0
3166.6675
15.0
0.0
0.0
0.0
4.0
3168.0
15.0
