916, 6
0.0
0.0
0.0
4.0
56.0
0.0
0.0
0.0
0.0
4.0
56.0
0.0
0.0
0.0
0.0
4.0
56.0
0.0
0.0
0.0
0.0
4.0
56.0
0.0
0.0
0.0
0.0
4.0
56.0
0.0
0.0
0.0
0.0
4.0
56.0
0.0
0.0
0.0
0.0
4.0
56.0
0.0
0.0
0.0
0.0
4.0
56.0
0.0
0.53400004
0.0
0.0
4.0
56.6
0.0
1.00926
0.0
0.0
4.0
57.733997
0.0
1.4322414
0.0
0.0
4.0
59.343258
0.0
1.8086947
0.0
0.0
4.0
61.3755
0.0
2.1437383
0.0
0.0
4.0
63.784195
0.0
2.441927
0.0
0.0
4.0
66.52793
0.0
2.707315
0.0
0.0
4.0
69.569855
0.0
2.9435103
0.0
0.0
4.0
72.87717
0.0
3.1537242
0.0
0.0
4.0
76.42068
0.0
3.3408144
0.0
0.0
4.0
80.1744
0.0
3.507325
0.0
0.0
4.0
84.11521
0.0
3.6555192
0.0
0.0
4.0
88.222534
0.0
3.7874122
0.0
0.0
4.0
92.47805
0.0
3.9047966
0.0
0.0
4.0
96.86546
0.0
4.0092688
0.0
0.0
4.0
101.37026
0.0
4.102249
0.0
0.0
4.0
105.97953
0.0
4.1850014
0.0
0.0
4.0
110.68178
0.0
4.2586513
0.0
0.0
4.0
115.46678
0.0
4.3241997
0.0
0.0
4.0
120.32543
0.0
4.3825374
0.0
0.0
4.0
125.24963
0.0
4.4344583
0.0
0.0
4.0
130.23218
0.0
4.4806676
0.0
0.0
4.0
135.26663
0.0
4.521794
0.0
0.0
4.0
140.3473
0.0
4.5583963
0.0
0.0
4.0
145.4691
0.0
4.5909724
0.0
0.0
4.0
150.6275
0.0
4.619965
0.0
0.0
4.0
155.81848
0.0
4.6457686
0.0
0.0
4.0
161.03845
0.0
4.668734
0.0
0.0
4.0
166.28423
0.0
4.689173
0.0
0.0
4.0
171.55296
0.0
4.707364
0.0
0.0
4.0
176.84213
0.0
4.7235537
0.0
0.0
4.0
182.14949
0.0
4.7379627
0.0
0.0
4.0
187.47304
0.0
4.750787
0.0
0.0
4.0
192.811
0.0
4.7622
0.0
0.0
4.0
198.16179
0.0
4.772358
0.0
0.0
4.0
203.52399
0.0
4.7813983
0.0
0.0
4.0
208.89635
0.0
4.7894444
0.0
0.0
4.0
214.27774
0.0
4.7966056
0.0
0.0
4.0
219.66719
0.0
4.802979
0.0
0.0
4.0
225.0638
0.0
4.808651
0.0
0.0
4.0
230.46678
0.0
4.8136992
0.0
0.0
4.0
235.87543
0.0
4.818192
0.0
0.0
4.0
241.28912
0.0
4.8221908
0.0
0.0
4.0
246.70732
0.0
4.8257494
0.0
0.0
4.0
252.12952
0.0
4.828917
0.0
0.0
4.0
257.55527
0.0
4.831736
0.0
0.0
4.0
262.9842
0.0
4.8342447
0.0
0.0
4.0
268.41592
0.0
4.8364778
0.0
0.0
4.0
273.85016
0.0
4.838465
0.0
0.0
4.0
279.28662
0.0
4.306234
0.0
0.0
4.0
284.1251
0.0
3.8325481
0.0
0.0
4.0
288.43134
0.0
2.876968
0.0
0.0
4.0
291.66388
0.0
2.0265014
0.0
0.0
4.0
293.94086
0.0
1.2695862
0.0
0.0
4.0
295.36737
0.0
1.1299317
0.0
0.0
4.0
296.63696
0.0
1.0056392
0.0
0.0
4.0
297.7669
0.0
0.8950189
0.0
0.0
4.0
298.77255
1.0
0.7965668
0.0
0.0
4.0
299.66757
1.0
1.2429445
0.0
0.0
4.0
301.06415
1.0
1.6402205
0.0
0.0
4.0
302.9071
1.0
1.9937962
0.0
0.0
4.0
305.14734
1.0
2.3084786
0.0
0.0
4.0
307.74115
1.0
2.588546
0.0
0.0
4.0
310.64963
1.0
2.837806
0.0
0.0
4.0
313.83817
1.0
3.0596473
0.0
0.0
4.0
317.27597
1.0
3.2570863
0.0
0.0
4.0
320.9356
1.0
3.4328067
0.0
0.0
4.0
324.7927
1.0
3.589198
0.0
0.0
4.0
328.8255
1.0
3.7283862
0.0
0.0
4.0
333.0147
1.0
3.8522637
0.0
0.0
4.0
337.3431
1.0
3.9625146
0.0
0.0
4.0
341.79538
1.0
4.060638
0.0
0.0
4.0
346.35788
1.0
4.147968
0.0
0.0
4.0
351.01852
1.0
4.2256913
0.0
0.0
4.0
355.76648
1.0
4.294865
0.0
0.0
4.0
360.59216
1.0
4.3564296
0.0
0.0
4.0
365.48703
1.0
4.411222
0.0
0.0
4.0
370.44345
1.0
4.4599876
0.0
0.0
4.0
375.45468
1.0
4.503389
0.0
0.0
4.0
380.51468
1.0
4.542016
0.0
0.0
4.0
385.61807
1.0
4.576394
0.0
0.0
4.0
390.7601
1.0
4.6069903
0.0
0.0
4.0
395.9365
1.0
4.634221
0.0
0.0
4.0
401.1435
1.0
4.658457
0.0
0.0
4.0
406.37772
1.0
4.6800265
0.0
0.0
4.0
411.63617
1.0
4.6992235
0.0
0.0
4.0
416.9162
1.0
4.7163086
0.0
0.0
4.0
422.21542
1.0
4.7315145
0.0
0.0
4.0
427.53174
1.0
4.7450476
0.0
0.0
4.0
432.86325
1.0
4.757092
0.0
0.0
4.0
438.2083
1.0
4.767812
0.0
0.0
4.0
443.5654
1.0
4.7773523
0.0
0.0
4.0
448.9332
1.0
4.7858434
0.0
0.0
4.0
454.31055
1.0
4.7934003
0.0
0.0
4.0
459.69638
1.0
4.800126
0.0
0.0
4.0
465.08978
1.0
4.806112
0.0
0.0
4.0
470.4899
1.0
4.8114395
0.0
0.0
4.0
475.896
1.0
4.816181
0.0
0.0
4.0
481.30743
1.0
4.820401
0.0
0.0
4.0
486.7236
1.0
4.8241568
0.0
0.0
4.0
492.144
1.0
4.8274994
0.0
0.0
4.0
497.56818
1.0
4.8304744
0.0
0.0
4.0
502.99567
1.0
4.8331223
0.0
0.0
4.0
508.42615
1.0
4.835479
0.0
0.0
4.0
513.85925
1.0
4.837576
0.0
0.0
4.0
519.29474
1.0
4.8394423
0.0
0.0
4.0
524.7323
1.0
4.8411036
0.0
0.0
4.0
530.17175
1.0
4.842582
0.0
0.0
4.0
535.61285
1.0
4.843898
0.0
0.0
4.0
541.0554
1.0
4.845069
0.0
0.0
4.0
546.4993
1.0
4.8461113
0.0
0.0
4.0
551.9444
1.0
4.8470387
0.0
0.0
4.0
557.3905
1.0
4.847864
0.0
0.0
4.0
562.8375
1.0
4.848599
0.0
0.0
4.0
568.2854
1.0
4.8492527
0.0
0.0
4.0
573.734
1.0
4.849835
0.0
0.0
4.0
579.1833
1.0
4.850353
0.0
0.0
4.0
584.6331
1.0
4.850814
0.0
0.0
4.0
590.0835
1.0
4.851224
0.0
0.0
4.0
595.5343
1.0
4.851589
0.0
0.0
4.0
600.98553
1.0
4.8519144
0.0
0.0
4.0
606.43713
1.0
4.852204
0.0
0.0
4.0
611.88904
1.0
4.8524613
0.0
0.0
4.0
617.34125
1.0
4.85269
0.0
0.0
4.0
622.7937
1.0
4.8528943
0.0
0.0
4.0
628.2464
1.0
4.853076
0.0
0.0
4.0
633.6993
1.0
4.8532376
0.0
0.0
4.0
639.15234
1.0
4.853381
0.0
0.0
4.0
644.6056
1.0
4.853509
0.0
0.0
4.0
650.05896
1.0
4.853623
0.0
0.0
4.0
655.51245
1.0
4.853724
0.0
0.0
4.0
660.96606
1.0
4.853814
0.0
0.0
4.0
666.4198
2.0
4.853894
0.0
0.0
4.0
671.8736
2.0
4.8539658
0.0
0.0
4.0
677.3275
2.0
4.854029
0.0
0.0
4.0
682.7815
2.0
4.854086
0.0
0.0
4.0
688.23553
2.0
4.8541365
0.0
0.0
4.0
693.68964
2.0
4.8541813
0.0
0.0
4.0
699.1438
2.0
4.8542213
0.0
0.0
4.0
704.59796
2.0
4.8542566
0.0
0.0
4.0
710.0522
2.0
4.854288
0.0
0.0
4.0
715.5065
2.0
4.854316
0.0
0.0
4.0
720.96075
2.0
4.8543415
0.0
0.0
4.0
726.4151
2.0
4.854364
0.0
0.0
4.0
731.86945
2.0
0.0
0.0
0.0
4.0
731.0
2.0
0.53400004
0.0
0.0
4.0
731.6
2.0
0.0
0.0
0.0
4.0
731.0
2.0
0.53400004
0.0
0.0
4.0
731.6
2.0
0.0
0.0
0.0
4.0
731.0
2.0
0.53400004
0.0
0.0
4.0
731.6
2.0
0.0
0.0
0.0
4.0
731.0
2.0
0.53400004
0.0
0.0
4.0
731.6
2.0
1.00926
0.0
0.0
4.0
732.73395
2.0
1.4322414
0.0
0.0
4.0
734.3432
2.0
1.8086947
0.0
0.0
4.0
736.3754
2.0
2.1437383
0.0
0.0
4.0
738.7841
2.0
2.441927
0.0
0.0
4.0
741.52783
2.0
2.707315
0.0
0.0
4.0
744.56976
2.0
2.9435103
0.0
0.0
4.0
747.8771
2.0
3.1537242
0.0
0.0
4.0
751.4206
2.0
3.3408144
0.0
0.0
4.0
755.1743
2.0
3.507325
0.0
0.0
4.0
759.1151
2.0
3.6555192
0.0
0.0
4.0
763.2224
2.0
3.7874122
0.0
0.0
4.0
767.4779
2.0
3.9047966
0.0
0.0
4.0
771.8653
2.0
4.0092688
0.0
0.0
4.0
776.3701
2.0
4.102249
0.0
0.0
4.0
780.9794
2.0
4.1850014
0.0
0.0
4.0
785.68164
2.0
4.2586513
0.0
0.0
4.0
790.4666
2.0
4.3241997
0.0
0.0
4.0
795.32526
2.0
4.3825374
0.0
0.0
4.0
800.24945
2.0
4.4344583
0.0
0.0
4.0
805.232
3.0
4.4806676
0.0
0.0
4.0
810.2665
3.0
4.521794
0.0
0.0
4.0
815.34717
3.0
4.5583963
0.0
0.0
4.0
820.46893
3.0
4.5909724
0.0
0.0
4.0
825.6273
3.0
4.619965
0.0
0.0
4.0
830.8183
3.0
4.6457686
0.0
0.0
4.0
836.03827
3.0
4.134734
0.0
0.0
4.0
840.684
3.0
3.1459134
0.0
0.0
4.0
844.21875
3.0
2.7998629
0.0
0.0
4.0
847.3647
4.0
3.0258777
0.0
0.0
4.0
850.7645
4.0
3.2270312
0.0
0.0
4.0
854.3904
4.0
3.4060576
0.0
0.0
4.0
858.2174
4.0
3.5653913
0.0
0.0
4.0
862.22345
4.0
3.7071984
0.0
0.0
4.0
866.38885
4.0
3.8334067
0.0
0.0
4.0
870.69604
4.0
3.945732
0.0
0.0
4.0
875.12946
4.0
4.0457015
0.0
0.0
4.0
879.6752
4.0
4.134674
0.0
0.0
4.0
884.32086
4.0
4.2138596
0.0
0.0
4.0
889.05554
4.0
4.2843347
0.0
0.0
4.0
893.8694
4.0
4.347058
0.0
0.0
4.0
898.7537
4.0
4.402881
0.0
0.0
4.0
903.7008
4.0
0.0
0.0
0.0
4.0
907.0
4.0
0.53400004
0.0
0.0
4.0
907.6
4.0
0.0
0.0
0.0
4.0
907.0
4.0
0.53400004
0.0
0.0
4.0
907.6
4.0
0.0
0.0
0.0
4.0
907.0
4.0
0.53400004
0.0
0.0
4.0
907.6
4.0
1.00926
0.0
0.0
4.0
908.73395
4.0
1.4322414
0.0
0.0
4.0
910.3432
4.0
1.8086947
0.0
0.0
4.0
912.3754
4.0
2.1437383
0.0
0.0
4.0
914.7841
4.0
2.441927
0.0
0.0
4.0
917.52783
4.0
2.707315
0.0
0.0
4.0
920.56976
4.0
2.9435103
0.0
0.0
4.0
923.8771
4.0
3.1537242
0.0
0.0
4.0
927.4206
4.0
3.3408144
0.0
0.0
4.0
931.1743
4.0
3.507325
0.0
0.0
4.0
935.1151
4.0
3.6555192
0.0
0.0
4.0
939.2224
4.0
3.7874122
0.0
0.0
4.0
943.4779
4.0
3.9047966
0.0
0.0
4.0
947.8653
4.0
4.0092688
0.0
0.0
4.0
952.3701
4.0
4.102249
0.0
0.0
4.0
956.9794
4.0
4.1850014
0.0
0.0
4.0
961.68164
4.0
4.2586513
0.0
0.0
4.0
966.4666
4.0
4.3241997
0.0
0.0
4.0
971.32526
4.0
4.3825374
0.0
0.0
4.0
976.24945
4.0
4.4344583
0.0
0.0
4.0
981.232
4.0
4.4806676
0.0
0.0
4.0
986.2665
4.0
4.521794
0.0
0.0
4.0
991.34717
4.0
4.5583963
0.0
0.0
4.0
996.46893
4.0
4.5909724
0.0
0.0
4.0
1001.6273
4.0
4.619965
0.0
0.0
4.0
1006.8183
4.0
4.6457686
0.0
0.0
4.0
1012.03827
4.0
4.668734
0.0
0.0
4.0
1017.28406
4.0
4.689173
0.0
0.0
4.0
1022.5528
4.0
4.707364
0.0
0.0
4.0
1027.8419
4.0
4.7235537
0.0
0.0
4.0
1033.1493
4.0
4.7379627
0.0
0.0
4.0
1038.4729
4.0
4.750787
0.0
0.0
4.0
1043.8109
4.0
4.7622
0.0
0.0
4.0
1049.1617
4.0
4.772358
0.0
0.0
4.0
1054.5239
4.0
4.7813983
0.0
0.0
4.0
1059.8962
4.0
4.7894444
0.0
0.0
4.0
1065.2776
4.0
4.7966056
0.0
0.0
4.0
1070.667
4.0
4.802979
0.0
0.0
4.0
1076.0636
4.0
4.808651
0.0
0.0
4.0
1081.4666
4.0
4.8136992
0.0
0.0
4.0
1086.8752
4.0
4.818192
0.0
0.0
4.0
1092.289
4.0
4.8221908
0.0
0.0
4.0
1097.7072
4.0
4.8257494
0.0
0.0
4.0
1103.1294
4.0
4.828917
0.0
0.0
4.0
1108.5552
4.0
4.831736
0.0
0.0
4.0
1113.9841
4.0
4.8342447
0.0
0.0
4.0
1119.4159
4.0
4.8364778
0.0
0.0
4.0
1124.8501
4.0
4.838465
0.0
0.0
4.0
1130.2866
4.0
4.840234
0.0
0.0
4.0
1135.7251
4.0
4.841808
0.0
0.0
4.0
1141.1653
4.0
4.843209
0.0
0.0
4.0
1146.607
4.0
4.8444557
0.0
0.0
4.0
1152.0503
4.0
4.3115654
0.0
0.0
4.0
1156.8948
4.0
3.8372931
0.0
0.0
4.0
1161.2063
4.0
3.415191
0.0
0.0
4.0
1165.0436
4.0
3.0395198
0.0
0.0
4.0
1168.4587
4.0
2.7051725
0.0
0.0
4.0
1171.4983
4.0
1.8736036
0.0
0.0
4.0
1173.6035
4.0
1.1335071
0.0
0.0
4.0
1174.8771
4.0
0.47482133
0.0
0.0
4.0
1175.4105
4.0
0.0
0.0
0.0
4.0
1175.4105
4.0
-0.53400004
0.0
0.0
4.0
1174.8105
4.0
-0.47526002
0.0
0.0
4.0
1174.2765
4.0
0.0
0.0
0.0
4.0
1174.2765
4.0
0.0
0.0
0.0
4.0
1174.2765
4.0
0.0
0.0
0.0
4.0
1174.2765
4.0
0.0
0.0
0.0
4.0
1174.2765
4.0
0.0
0.0
0.0
4.0
1174.2765
4.0
0.0
0.0
0.0
4.0
1174.2765
4.0
0.0
0.0
0.0
4.0
1174.2765
4.0
0.0
0.0
0.0
4.0
1174.2765
4.0
0.0
0.0
0.0
4.0
1174.2765
4.0
0.0
0.0
0.0
4.0
1174.2765
4.0
0.0
0.0
0.0
4.0
1174.2765
4.0
0.0
0.0
0.0
4.0
1174.2765
4.0
0.0
0.0
0.0
4.0
1174.2765
4.0
0.0
0.0
0.0
4.0
1174.2765
4.0
0.0
0.0
0.0
4.0
1174.2765
4.0
0.0
0.0
0.0
4.0
1174.2765
4.0
0.53400004
0.0
0.0
4.0
1174.8765
4.0
1.00926
0.0
0.0
4.0
1176.0105
4.0
1.4322414
0.0
0.0
4.0
1177.6198
4.0
1.8086947
0.0
0.0
4.0
1179.652
4.0
2.1437383
0.0
0.0
4.0
1182.0607
4.0
2.441927
0.0
0.0
4.0
1184.8044
4.0
2.173315
0.0
0.0
4.0
1187.2463
4.0
1.9342504
0.0
0.0
4.0
1189.4197
4.0
1.7214828
0.0
0.0
4.0
1191.3539
4.0
1.5321196
0.0
0.0
4.0
1193.0753
4.0
1.3635864
0.0
0.0
4.0
1194.6074
4.0
0.6795919
0.0
0.0
4.0
1195.371
4.0
0.0
0.0
0.0
4.0
1195.371
5.0
-0.53400004
0.0
0.0
4.0
1194.771
5.0
-1.00926
0.0
0.0
4.0
1193.637
5.0
-1.4322414
0.0
0.0
4.0
1192.0277
5.0
-1.8086947
0.0
0.0
4.0
1189.9955
5.0
-2.1437383
0.0
0.0
4.0
1187.5868
5.0
-2.441927
0.0
0.0
4.0
1184.843
5.0
-2.173315
0.0
0.0
4.0
1182.4011
5.0
-1.9342504
0.0
0.0
4.0
1180.2278
5.0
-1.7214828
0.0
0.0
4.0
1178.2936
5.0
-1.5321196
0.0
0.0
4.0
1176.5721
5.0
-1.3635864
0.0
0.0
4.0
1175.04
5.0
-1.2135919
0.0
0.0
4.0
1173.6765
5.0
-1.0800968
0.0
0.0
4.0
1172.4629
5.0
-0.9612862
0.0
0.0
4.0
1171.3828
5.0
-0.8555447
0.0
0.0
4.0
1170.4215
5.0
-0.76143473
0.0
0.0
4.0
1169.5659
5.0
-0.6776769
0.0
0.0
4.0
1168.8044
5.0
-0.6031324
0.0
0.0
4.0
1168.1267
5.0
-0.53678787
0.0
0.0
4.0
1167.5236
5.0
0.0
0.0
0.0
4.0
1167.5236
5.0
0.53400004
0.0
0.0
4.0
1168.1235
5.0
1.00926
0.0
0.0
4.0
1169.2576
5.0
1.4322414
0.0
0.0
4.0
1170.8668
5.0
1.8086947
0.0
0.0
4.0
1172.899
5.0
2.1437383
0.0
0.0
4.0
1175.3077
5.0
2.441927
0.0
0.0
4.0
1178.0515
5.0
2.707315
0.0
0.0
4.0
1181.0934
5.0
2.9435103
0.0
0.0
4.0
1184.4008
5.0
2.619724
0.0
0.0
4.0
1187.3442
5.0
2.3315544
0.0
0.0
4.0
1189.964
5.0
2.0750835
0.0
0.0
4.0
1192.2955
5.0
1.8468243
0.0
0.0
4.0
1194.3706
5.0
1.6436735
0.0
0.0
4.0
1196.2174
5.0
1.4628694
0.0
0.0
4.0
1197.8611
5.0
1.3019538
0.0
0.0
4.0
1199.324
6.0
1.1587389
0.0
0.0
4.0
1200.626
6.0
1.5652776
0.0
0.0
4.0
1202.3848
6.0
1.927097
0.0
0.0
4.0
1204.55
6.0
2.2491162
0.0
0.0
4.0
1207.0771
6.0
2.5357134
0.0
0.0
4.0
1209.9263
6.0
2.790785
0.0
0.0
4.0
1213.062
6.0
3.017799
0.0
0.0
4.0
1216.4528
6.0
3.219841
0.0
0.0
4.0
1220.0706
6.0
3.3996584
0.0
0.0
4.0
1223.8904
6.0
3.5596962
0.0
0.0
4.0
1227.89
6.0
3.7021294
0.0
0.0
4.0
1232.0497
6.0
3.828895
0.0
0.0
4.0
1236.3518
6.0
3.9417164
0.0
0.0
4.0
1240.7808
6.0
4.0421276
0.0
0.0
4.0
1245.3225
6.0
4.1314936
0.0
0.0
4.0
1249.9646
6.0
4.211029
0.0
0.0
4.0
1254.696
6.0
4.2818155
0.0
0.0
4.0
1259.5071
6.0
4.3448157
0.0
0.0
4.0
1264.3889
6.0
4.400886
0.0
0.0
4.0
1269.3337
6.0
4.4507885
0.0
0.0
4.0
1274.3346
6.0
4.4952016
0.0
0.0
4.0
1279.3854
6.0
4.5347295
0.0
0.0
4.0
1284.4806
6.0
4.569909
0.0
0.0
4.0
1289.6154
6.0
4.6012187
0.0
0.0
4.0
1294.7853
6.0
4.6290846
0.0
0.0
4.0
1299.9865
6.0
4.653885
0.0
0.0
4.0
1305.2156
6.0
4.675957
0.0
0.0
4.0
1310.4695
6.0
4.695602
0.0
0.0
4.0
1315.7455
6.0
4.7130857
0.0
0.0
4.0
1321.0411
6.0
4.7286463
0.0
0.0
4.0
1326.3542
6.0
4.742495
0.0
0.0
4.0
1331.6829
6.0
4.7548203
0.0
0.0
4.0
1337.0254
6.0
4.76579
0.0
0.0
4.0
1342.3802
6.0
4.7755527
0.0
0.0
4.0
1347.7461
6.0
4.7842417
0.0
0.0
4.0
1353.1217
6.0
4.791975
0.0
0.0
4.0
1358.506
6.0
4.7988577
0.0
0.0
4.0
1363.898
6.0
4.804983
0.0
0.0
4.0
1369.2968
6.0
4.810435
0.0
0.0
4.0
1374.7018
6.0
4.8152866
0.0
0.0
4.0
1380.1122
6.0
4.819605
0.0
0.0
4.0
1385.5275
6.0
4.823448
0.0
0.0
4.0
1390.947
6.0
4.8268685
0.0
0.0
4.0
1396.3705
6.0
4.8299127
0.0
0.0
4.0
1401.7974
6.0
4.832622
0.0
0.0
4.0
1407.2273
6.0
4.8350334
0.0
0.0
4.0
1412.6599
6.0
4.8371797
0.0
0.0
4.0
1418.095
6.0
4.30509
0.0
0.0
4.0
1422.9321
6.0
3.83153
0.0
0.0
4.0
1427.2372
6.0
3.4100618
0.0
0.0
4.0
1431.0687
6.0
2.500955
0.0
0.0
4.0
1433.8788
6.0
1.69185
0.0
0.0
4.0
1435.7798
6.0
0.97174644
0.0
0.0
4.0
1436.8716
6.0
0.86485434
0.0
0.0
4.0
1437.8434
6.0
0.7697204
0.0
0.0
4.0
1438.7083
6.0
0.68505114
0.0
0.0
4.0
1439.478
6.0
0.6096955
0.0
0.0
4.0
1440.1631
6.0
1.076629
0.0
0.0
4.0
1441.3728
6.0
1.4921999
0.0
0.0
4.0
1443.0494
6.0
1.8620578
0.0
0.0
4.0
1445.1416
6.0
2.1912315
0.0
0.0
4.0
1447.6036
6.0
2.4841962
0.0
0.0
4.0
1450.3949
6.0
2.7449346
0.0
0.0
4.0
1453.4791
6.0
2.9769917
0.0
0.0
4.0
1456.8241
6.0
2.6495225
0.0
0.0
4.0
1459.8011
6.0
2.3580751
0.0
0.0
4.0
1462.4507
6.0
2.098687
0.0
0.0
4.0
1464.8087
6.0
1.8678313
0.0
0.0
4.0
1466.9073
6.0
1.6623698
0.0
0.0
4.0
1468.7751
6.0
1.4795091
0.0
0.0
4.0
1470.4375
6.0
1.316763
0.0
0.0
4.0
1471.917
7.0
1.1719191
0.0
0.0
4.0
1473.2338
7.0
0.509008
0.0
0.0
4.0
1473.8057
7.0
0.0
0.0
0.0
4.0
1473.8057
7.0
-0.53400004
0.0
0.0
4.0
1473.2057
7.0
-1.00926
0.0
0.0
4.0
1472.0717
7.0
-1.4322414
0.0
0.0
4.0
1470.4624
7.0
-1.8086947
0.0
0.0
4.0
1468.4302
7.0
-2.1437383
0.0
0.0
4.0
1466.0215
7.0
-1.907927
0.0
0.0
4.0
1463.8777
7.0
-1.698055
0.0
0.0
4.0
1461.9697
7.0
-1.511269
0.0
0.0
4.0
1460.2717
7.0
-1.3450294
0.0
0.0
4.0
1458.7605
7.0
-0.6630761
0.0
0.0
4.0
1458.0155
7.0
0.0
0.0
0.0
4.0
1458.0155
7.0
0.53400004
0.0
0.0
4.0
1458.6155
7.0
1.00926
0.0
0.0
4.0
1459.7495
7.0
1.4322414
0.0
0.0
4.0
1461.3588
7.0
1.8086947
0.0
0.0
4.0
1463.391
7.0
1.6097382
0.0
0.0
4.0
1465.1997
7.0
1.432667
0.0
0.0
4.0
1466.8094
7.0
1.2750736
0.0
0.0
4.0
1468.2421
7.0
1.1348156
0.0
0.0
4.0
1469.5171
7.0
1.0099858
0.0
0.0
4.0
1470.6519
7.0
0.89888734
0.0
0.0
4.0
1471.6619
7.0
0.8000097
0.0
0.0
4.0
1472.5608
8.0
1.2460086
0.0
0.0
4.0
1473.9608
8.0
1.6429477
0.0
0.0
4.0
1475.8069
8.0
1.9962233
0.0
0.0
4.0
1478.0498
8.0
2.3106387
0.0
0.0
4.0
1480.646
8.0
2.5904684
0.0
0.0
4.0
1483.5566
8.0
2.8395166
0.0
0.0
4.0
1486.7471
8.0
3.0611696
0.0
0.0
4.0
1490.1866
8.0
3.2584407
0.0
0.0
4.0
1493.8478
8.0
3.4340124
0.0
0.0
4.0
1497.7062
8.0
3.590271
0.0
0.0
4.0
1501.7402
8.0
3.729341
0.0
0.0
4.0
1505.9305
8.0
3.8531134
0.0
0.0
4.0
1510.2599
8.0
3.963271
0.0
0.0
4.0
1514.713
8.0
4.0613112
0.0
0.0
4.0
1519.2762
8.0
4.1485667
0.0
0.0
4.0
1523.9375
8.0
4.2262244
0.0
0.0
4.0
1528.686
8.0
4.2953396
0.0
0.0
4.0
1533.5122
8.0
4.356852
0.0
0.0
4.0
1538.4076
8.0
4.411598
0.0
0.0
4.0
1543.3645
8.0
4.4603224
0.0
0.0
4.0
1548.3761
8.0
4.503687
0.0
0.0
4.0
1553.4364
8.0
4.542281
0.0
0.0
4.0
1558.54
8.0
4.57663
0.0
0.0
4.0
1563.6824
8.0
4.6072006
0.0
0.0
4.0
1568.859
8.0
4.6344085
0.0
0.0
4.0
1574.0662
8.0
4.658623
0.0
0.0
4.0
1579.3005
8.0
4.6801744
0.0
0.0
4.0
1584.5592
8.0
4.699355
0.0
0.0
4.0
1589.8394
8.0
4.716426
0.0
0.0
4.0
1595.1387
8.0
4.731619
0.0
0.0
4.0
1600.4551
8.0
4.7451406
0.0
0.0
4.0
1605.7867
8.0
4.757175
0.0
0.0
4.0
1611.1318
8.0
4.7678857
0.0
0.0
4.0
1616.489
8.0
4.777418
0.0
0.0
4.0
1621.8569
8.0
4.785902
0.0
0.0
4.0
1627.2344
8.0
4.7934527
0.0
0.0
4.0
1632.6202
8.0
4.800173
0.0
0.0
4.0
1638.0137
8.0
4.806154
0.0
0.0
4.0
1643.4138
8.0
4.8114767
0.0
0.0
4.0
1648.82
8.0
4.282214
0.0
0.0
4.0
1653.6315
8.0
3.2771707
0.0
0.0
4.0
1657.3137
8.0
2.3826818
0.0
0.0
4.0
1659.9908
8.0
1.5865868
0.0
0.0
4.0
1661.7736
8.0
0.87806225
0.0
0.0
4.0
1662.7601
8.0
0.78147537
0.0
0.0
4.0
1663.6382
9.0
0.69551307
0.0
0.0
4.0
1664.4197
9.0
0.61900663
0.0
0.0
4.0
1665.1152
9.0
0.5509159
0.0
0.0
4.0
1665.7343
9.0
0.49031514
0.0
0.0
4.0
1666.2852
9.0
0.0
0.0
0.0
4.0
1666.2852
9.0
0.0
0.0
0.0
4.0
1666.2852
9.0
0.0
0.0
0.0
4.0
1666.2852
9.0
0.0
0.0
0.0
4.0
1666.2852
9.0
0.0
0.0
0.0
4.0
1666.2852
9.0
0.0
0.0
0.0
4.0
1666.2852
9.0
0.0
0.0
0.0
4.0
1666.2852
9.0
0.0
0.0
0.0
4.0
1666.2852
9.0
0.53400004
0.0
0.0
4.0
1666.8851
9.0
1.00926
0.0
0.0
4.0
1668.0192
9.0
1.4322414
0.0
0.0
4.0
1669.6284
9.0
1.8086947
0.0
0.0
4.0
1671.6606
9.0
2.1437383
0.0
0.0
4.0
1674.0693
9.0
2.441927
0.0
0.0
4.0
1676.8131
9.0
2.707315
0.0
0.0
4.0
1679.855
9.0
2.9435103
0.0
0.0
4.0
1683.1624
9.0
3.1537242
0.0
0.0
4.0
1686.7058
9.0
3.3408144
0.0
0.0
4.0
1690.4596
9.0
3.507325
0.0
0.0
4.0
1694.4004
9.0
3.6555192
0.0
0.0
4.0
1698.5077
9.0
3.7874122
0.0
0.0
4.0
1702.7632
9.0
3.9047966
0.0
0.0
4.0
1707.1506
9.0
4.0092688
0.0
0.0
4.0
1711.6554
9.0
4.102249
0.0
0.0
4.0
1716.2646
9.0
4.1850014
0.0
0.0
4.0
1720.9669
9.0
4.2586513
0.0
0.0
4.0
1725.752
9.0
4.3241997
0.0
0.0
4.0
1730.6106
9.0
4.3825374
0.0
0.0
4.0
1735.5348
9.0
4.4344583
0.0
0.0
4.0
1740.5173
9.0
4.4806676
0.0
0.0
4.0
1745.5518
9.0
4.521794
0.0
0.0
4.0
1750.6324
9.0
4.5583963
0.0
0.0
4.0
1755.7543
9.0
4.5909724
0.0
0.0
4.0
1760.9127
9.0
4.619965
0.0
0.0
4.0
1766.1036
9.0
4.6457686
0.0
0.0
4.0
1771.3236
9.0
4.668734
0.0
0.0
4.0
1776.5693
9.0
4.689173
0.0
0.0
4.0
1781.838
9.0
4.707364
0.0
0.0
4.0
1787.1272
9.0
4.7235537
0.0
0.0
4.0
1792.4346
9.0
4.7379627
0.0
0.0
4.0
1797.7582
9.0
4.750787
0.0
0.0
4.0
1803.0962
9.0
4.7622
0.0
0.0
4.0
1808.447
9.0
4.772358
0.0
0.0
4.0
1813.8092
9.0
4.7813983
0.0
0.0
4.0
1819.1815
9.0
4.7894444
0.0
0.0
4.0
1824.5629
9.0
4.7966056
0.0
0.0
4.0
1829.9523
9.0
4.802979
0.0
0.0
4.0
1835.3489
9.0
4.808651
0.0
0.0
4.0
1840.7518
9.0
4.8136992
0.0
0.0
4.0
1846.1605
9.0
4.818192
0.0
0.0
4.0
1851.5742
9.0
4.8221908
0.0
0.0
4.0
1856.9924
9.0
4.8257494
0.0
0.0
4.0
1862.4147
9.0
4.828917
0.0
0.0
4.0
1867.8405
9.0
4.831736
0.0
0.0
4.0
1873.2694
9.0
4.8342447
0.0
0.0
4.0
1878.7012
9.0
4.8364778
0.0
0.0
4.0
1884.1354
9.0
4.838465
0.0
0.0
4.0
1889.5719
9.0
4.840234
0.0
0.0
4.0
1895.0104
9.0
4.841808
0.0
0.0
4.0
1900.4506
9.0
4.843209
0.0
0.0
4.0
1905.8923
9.0
4.8444557
0.0
0.0
4.0
1911.3356
9.0
4.8455653
0.0
0.0
4.0
1916.78
9.0
4.846553
0.0
0.0
4.0
1922.2256
9.0
4.8474317
0.0
0.0
4.0
1927.6721
9.0
4.314214
0.0
0.0
4.0
1932.5195
9.0
3.8396506
0.0
0.0
4.0
1936.8337
9.0
3.417289
0.0
0.0
4.0
1940.6733
9.0
2.5073872
0.0
0.0
4.0
1943.4906
9.0
1.6975745
0.0
0.0
4.0
1945.398
9.0
0.9768413
0.0
0.0
4.0
1946.4955
9.0
0.0
0.0
0.0
4.0
1946.4955
9.0
-0.53400004
0.0
0.0
4.0
1945.8955
10.0
-1.00926
0.0
0.0
4.0
1944.7615
10.0
-0.89824146
0.0
0.0
4.0
1943.7522
10.0
-0.7994349
0.0
0.0
4.0
1942.854
10.0
0.0
0.0
0.0
4.0
1942.854
10.0
0.53400004
0.0
0.0
4.0
1943.454
10.0
1.00926
0.0
0.0
4.0
1944.588
10.0
1.4322414
0.0
0.0
4.0
1946.1973
10.0
1.2746949
0.0
0.0
4.0
1947.6295
10.0
1.1344784
0.0
0.0
4.0
1948.9042
11.0
1.0096858
0.0
0.0
4.0
1950.0387
11.0
0.0
0.0
0.0
4.0
1950.0387
11.0
-0.53400004
0.0
0.0
4.0
1949.4387
11.0
-1.00926
0.0
0.0
4.0
1948.3047
11.0
-1.4322414
0.0
0.0
4.0
1946.6954
11.0
-1.8086947
0.0
0.0
4.0
1944.6632
11.0
-2.1437383
0.0
0.0
4.0
1942.2545
11.0
-2.441927
0.0
0.0
4.0
1939.5107
11.0
-2.173315
0.0
0.0
4.0
1937.0688
11.0
-1.9342504
0.0
0.0
4.0
1934.8955
11.0
-1.7214828
0.0
0.0
4.0
1932.9613
11.0
-0.9981196
0.0
0.0
4.0
1931.8398
11.0
0.0
0.0
0.0
4.0
1931.8398
11.0
0.53400004
0.0
0.0
4.0
1932.4398
11.0
1.00926
0.0
0.0
4.0
1933.5739
11.0
1.4322414
0.0
0.0
4.0
1935.1831
11.0
1.8086947
0.0
0.0
4.0
1937.2153
11.0
2.1437383
0.0
0.0
4.0
1939.624
11.0
2.441927
0.0
0.0
4.0
1942.3678
11.0
2.173315
0.0
0.0
4.0
1944.8097
11.0
1.9342504
0.0
0.0
4.0
1946.983
11.0
1.7214828
0.0
0.0
4.0
1948.9172
11.0
1.5321196
0.0
0.0
4.0
1950.6387
11.0
1.3635864
0.0
0.0
4.0
1952.1708
11.0
0.6795919
0.0
0.0
4.0
1952.9343
11.0
0.0
0.0
0.0
4.0
1952.9343
12.0
-0.53400004
0.0
0.0
4.0
1952.3344
12.0
-1.00926
0.0
0.0
4.0
1951.2003
12.0
-1.4322414
0.0
0.0
4.0
1949.5911
12.0
-1.8086947
0.0
0.0
4.0
1947.5588
12.0
-2.1437383
0.0
0.0
4.0
1945.1501
12.0
-2.441927
0.0
0.0
4.0
1942.4064
12.0
-2.173315
0.0
0.0
4.0
1939.9645
12.0
-1.9342504
0.0
0.0
4.0
1937.7911
12.0
-1.7214828
0.0
0.0
4.0
1935.8569
12.0
-1.5321196
0.0
0.0
4.0
1934.1355
12.0
-0.82958645
0.0
0.0
4.0
1933.2034
12.0
0.0
0.0
0.0
4.0
1933.2034
12.0
0.53400004
0.0
0.0
4.0
1933.8033
12.0
1.00926
0.0
0.0
4.0
1934.9374
12.0
1.4322414
0.0
0.0
4.0
1936.5466
12.0
1.8086947
0.0
0.0
4.0
1938.5789
12.0
2.1437383
0.0
0.0
4.0
1940.9875
12.0
2.441927
0.0
0.0
4.0
1943.7313
12.0
2.173315
0.0
0.0
4.0
1946.1732
12.0
1.9342504
0.0
0.0
4.0
1948.3466
12.0
1.7214828
0.0
0.0
4.0
1950.2808
12.0
1.5321196
0.0
0.0
4.0
1952.0022
12.0
1.3635864
0.0
0.0
4.0
1953.5343
12.0
1.2135919
0.0
0.0
4.0
1954.898
13.0
1.0800968
0.0
0.0
4.0
1956.1116
13.0
0.9612862
0.0
0.0
4.0
1957.1917
13.0
1.3895447
0.0
0.0
4.0
1958.7529
13.0
1.7706949
0.0
0.0
4.0
1960.7424
13.0
2.1099184
0.0
0.0
4.0
1963.1132
13.0
2.4118273
0.0
0.0
4.0
1965.8231
13.0
2.6805265
0.0
0.0
4.0
1968.835
13.0
2.9196687
0.0
0.0
4.0
1972.1155
13.0
3.132505
0.0
0.0
4.0
1975.6351
13.0
3.3219292
0.0
0.0
4.0
1979.3677
13.0
3.4905171
0.0
0.0
4.0
1983.2896
13.0
3.6405602
0.0
0.0
4.0
1987.3801
13.0
3.7740984
0.0
0.0
4.0
1991.6207
13.0
3.8929474
0.0
0.0
4.0
1995.9949
13.0
3.9987233
0.0
0.0
4.0
2000.4878
13.0
4.0928636
0.0
0.0
4.0
2005.0865
13.0
4.1766486
0.0
0.0
4.0
2009.7794
13.0
4.251217
0.0
0.0
4.0
2014.556
13.0
4.317583
0.0
0.0
4.0
2019.4072
13.0
4.376649
0.0
0.0
4.0
2024.3248
13.0
4.4292173
0.0
0.0
4.0
2029.3015
13.0
4.476003
0.0
0.0
4.0
2034.3307
13.0
4.5176425
0.0
0.0
4.0
2039.4067
13.0
4.554702
0.0
0.0
4.0
2044.5244
13.0
4.5876846
0.0
0.0
4.0
2049.6792
13.0
4.617039
0.0
0.0
4.0
2054.867
13.0
4.6431646
0.0
0.0
4.0
2060.084
13.0
4.666416
0.0
0.0
4.0
2065.3271
13.0
4.6871104
0.0
0.0
4.0
2070.5935
13.0
4.7055283
0.0
0.0
4.0
2075.8806
13.0
4.72192
0.0
0.0
4.0
2081.186
13.0
4.736509
0.0
0.0
4.0
2086.508
13.0
4.7494926
0.0
0.0
4.0
2091.8445
13.0
4.7610483
0.0
0.0
4.0
2097.194
13.0
4.7713327
0.0
0.0
4.0
2102.5552
13.0
4.780486
0.0
0.0
4.0
2107.9265
13.0
4.7886324
0.0
0.0
4.0
2113.307
13.0
4.7958827
0.0
0.0
4.0
2118.6956
13.0
4.8023353
0.0
0.0
4.0
2124.0916
13.0
4.8080783
0.0
0.0
4.0
2129.494
13.0
4.8131895
0.0
0.0
4.0
2134.9019
13.0
4.8177385
0.0
0.0
4.0
2140.315
13.0
4.8217874
0.0
0.0
4.0
2145.7327
13.0
4.825391
0.0
0.0
4.0
2151.1545
13.0
4.8285975
0.0
0.0
4.0
2156.5798
13.0
4.8314514
0.0
0.0
4.0
2162.0085
13.0
4.8339915
0.0
0.0
4.0
2167.44
13.0
4.836252
0.0
0.0
4.0
2172.874
13.0
4.8382645
0.0
0.0
4.0
2178.3103
13.0
4.840055
0.0
0.0
4.0
2183.7485
13.0
0.0
0.0
0.0
4.0
2187.0
13.0
0.53400004
0.0
0.0
4.0
2187.6
13.0
0.0
0.0
0.0
4.0
2187.0
13.0
0.53400004
0.0
0.0
4.0
2187.6
13.0
1.00926
0.0
0.0
4.0
2188.7341
13.0
0.89824146
0.0
0.0
4.0
2189.7434
13.0
0.7994349
0.0
0.0
4.0
2190.6416
13.0
0.71149707
0.0
0.0
4.0
2191.441
13.0
0.63323236
0.0
0.0
4.0
2192.1523
13.0
0.56357676
0.0
0.0
4.0
2192.7856
13.0
0.5015833
0.0
0.0
4.0
2193.349
13.0
0.4464091
0.0
0.0
4.0
2193.8506
13.0
0.9313041
0.0
0.0
4.0
2194.897
13.0
1.3628607
0.0
0.0
4.0
2196.4282
13.0
1.746946
0.0
0.0
4.0
2198.391
13.0
2.0887818
0.0
0.0
4.0
2200.738
13.0
2.3930156
0.0
0.0
4.0
2203.4268
13.0
2.663784
0.0
0.0
4.0
2206.4197
13.0
2.9047678
0.0
0.0
4.0
2209.6833
13.0
3.1192434
0.0
0.0
4.0
2213.1882
13.0
3.3101268
0.0
0.0
4.0
2216.9075
13.0
3.4800127
0.0
0.0
4.0
2220.8176
13.0
3.6312113
0.0
0.0
4.0
2224.8977
13.0
3.7657778
0.0
0.0
4.0
2229.129
13.0
3.8855424
0.0
0.0
4.0
2233.4946
13.0
3.9921327
0.0
0.0
4.0
2237.9802
13.0
4.086998
0.0
0.0
4.0
2242.5723
13.0
4.171428
0.0
0.0
4.0
2247.2593
13.0
4.246571
0.0
0.0
4.0
2252.0308
13.0
4.313448
0.0
0.0
4.0
2256.8774
13.0
4.3729687
0.0
0.0
4.0
2261.7908
13.0
4.425942
0.0
0.0
4.0
2266.7637
13.0
4.4730883
0.0
0.0
4.0
2271.7896
13.0
4.5150485
0.0
0.0
4.0
2276.8625
13.0
4.552393
0.0
0.0
4.0
2281.9775
13.0
4.5856295
0.0
0.0
4.0
2287.13
13.0
4.61521
0.0
0.0
4.0
2292.3154
13.0
4.6415367
0.0
0.0
4.0
2297.5308
13.0
4.6649675
0.0
0.0
4.0
2302.7722
13.0
4.685821
0.0
0.0
4.0
2308.037
13.0
4.7043805
0.0
0.0
4.0
2313.323
13.0
4.7208986
0.0
0.0
4.0
2318.6274
13.0
4.7355995
0.0
0.0
4.0
2323.9482
13.0
4.7486835
0.0
0.0
4.0
2329.284
13.0
4.7603283
0.0
0.0
4.0
2334.6326
13.0
4.770692
0.0
0.0
4.0
2339.993
13.0
4.779916
0.0
0.0
4.0
2345.3635
13.0
4.788125
0.0
0.0
4.0
2350.7434
13.0
4.795431
0.0
0.0
4.0
2356.1316
13.0
4.801934
0.0
0.0
4.0
2361.527
13.0
4.8077207
0.0
0.0
4.0
2366.929
13.0
4.8128715
0.0
0.0
4.0
2372.3367
13.0
4.8174553
0.0
0.0
4.0
2377.7495
13.0
4.821535
0.0
0.0
4.0
2383.167
13.0
4.825166
0.0
0.0
4.0
2388.5886
13.0
4.8283978
0.0
0.0
4.0
2394.0137
13.0
4.831274
0.0
0.0
4.0
2399.4421
13.0
4.299834
0.0
0.0
4.0
2404.2734
13.0
3.826852
0.0
0.0
4.0
2408.5732
13.0
0.0
0.0
0.0
4.0
2411.0
13.0
0.0
0.0
0.0
4.0
2411.0
13.0
0.0
0.0
0.0
4.0
2411.0
13.0
0.0
0.0
0.0
4.0
2411.0
13.0
0.0
0.0
0.0
4.0
2411.0
13.0
0.0
0.0
0.0
4.0
2411.0
13.0
0.53400004
0.0
0.0
4.0
2411.6
13.0
1.00926
0.0
0.0
4.0
2412.7341
13.0
1.4322414
0.0
0.0
4.0
2414.3435
13.0
1.8086947
0.0
0.0
4.0
2416.3757
13.0
2.1437383
0.0
0.0
4.0
2418.7844
13.0
2.441927
0.0
0.0
4.0
2421.528
13.0
2.707315
0.0
0.0
4.0
2424.57
13.0
2.9435103
0.0
0.0
4.0
2427.8774
13.0
3.1537242
0.0
0.0
4.0
2431.421
13.0
3.3408144
0.0
0.0
4.0
2435.1746
13.0
3.507325
0.0
0.0
4.0
2439.1155
13.0
3.6555192
0.0
0.0
4.0
2443.223
13.0
3.7874122
0.0
0.0
4.0
2447.4785
13.0
3.9047966
0.0
0.0
4.0
2451.866
13.0
4.0092688
0.0
0.0
4.0
2456.3708
13.0
4.102249
0.0
0.0
4.0
2460.9802
13.0
4.1850014
0.0
0.0
4.0
2465.6824
13.0
4.2586513
0.0
0.0
4.0
2470.4673
13.0
4.3241997
0.0
0.0
4.0
2475.326
13.0
4.3825374
0.0
0.0
4.0
2480.2502
13.0
4.4344583
0.0
0.0
4.0
2485.2327
13.0
4.4806676
0.0
0.0
4.0
2490.267
13.0
4.521794
0.0
0.0
4.0
2495.3477
13.0
4.5583963
0.0
0.0
4.0
2500.4695
13.0
4.5909724
0.0
0.0
4.0
2505.628
13.0
4.619965
0.0
0.0
4.0
2510.8188
13.0
4.6457686
0.0
0.0
4.0
2516.0388
13.0
4.668734
0.0
0.0
4.0
2521.2847
13.0
4.689173
0.0
0.0
4.0
2526.5535
13.0
4.707364
0.0
0.0
4.0
2531.8425
13.0
4.7235537
0.0
0.0
4.0
2537.15
13.0
4.7379627
0.0
0.0
4.0
2542.4734
13.0
4.750787
0.0
0.0
4.0
2547.8113
13.0
4.7622
0.0
0.0
4.0
2553.162
13.0
4.772358
0.0
0.0
4.0
2558.5244
13.0
4.7813983
0.0
0.0
4.0
2563.8967
13.0
4.7894444
0.0
0.0
4.0
2569.278
13.0
4.7966056
0.0
0.0
4.0
2574.6675
13.0
4.802979
0.0
0.0
4.0
2580.064
13.0
4.808651
0.0
0.0
4.0
2585.467
13.0
4.8136992
0.0
0.0
4.0
2590.8757
13.0
4.818192
0.0
0.0
4.0
2596.2896
13.0
4.8221908
0.0
0.0
4.0
2601.7078
13.0
4.8257494
0.0
0.0
4.0
2607.13
13.0
4.828917
0.0
0.0
4.0
2612.5557
13.0
4.831736
0.0
0.0
4.0
2617.9846
13.0
4.8342447
0.0
0.0
4.0
2623.4163
13.0
4.302478
0.0
0.0
4.0
2628.2505
13.0
3.8292053
0.0
0.0
4.0
2632.553
13.0
3.4079926
0.0
0.0
4.0
2636.382
13.0
3.0331135
0.0
0.0
4.0
2639.79
13.0
3.233471
0.0
0.0
4.0
2643.423
13.0
3.411789
0.0
0.0
4.0
2647.2566
13.0
3.570492
0.0
0.0
4.0
2651.2683
13.0
3.7117379
0.0
0.0
4.0
2655.4387
13.0
3.8374467
0.0
0.0
4.0
2659.7505
13.0
3.4153275
0.0
0.0
4.0
2663.588
13.0
3.0396414
0.0
0.0
4.0
2667.0032
13.0
2.7052808
0.0
0.0
4.0
2670.0427
13.0
2.4076998
0.0
0.0
4.0
2672.748
13.0
2.1428528
0.0
0.0
4.0
2675.1558
13.0
2.4411387
0.0
0.0
4.0
2677.8987
13.0
2.7066133
0.0
0.0
4.0
2680.94
13.0
2.9428859
0.0
0.0
4.0
2684.2466
13.0
3.1531682
0.0
0.0
4.0
2687.7896
13.0
3.3403196
0.0
0.0
4.0
2691.5427
13.0
3.5068843
0.0
0.0
4.0
2695.4832
13.0
3.655127
0.0
0.0
4.0
2699.59
13.0
3.787063
0.0
0.0
4.0
2703.8452
13.0
3.904486
0.0
0.0
4.0
2708.2322
13.0
4.0089927
0.0
0.0
4.0
2712.7366
13.0
4.102003
0.0
0.0
4.0
2717.3455
13.0
4.1847825
0.0
0.0
4.0
2722.0474
13.0
4.258456
0.0
0.0
4.0
2726.832
13.0
4.324026
0.0
0.0
4.0
2731.6904
13.0
3.8483832
0.0
0.0
4.0
2736.0144
13.0
3.425061
0.0
0.0
4.0
2739.8628
14.0
3.0483043
0.0
0.0
4.0
2743.2878
14.0
2.7129908
0.0
0.0
4.0
2746.3362
14.0
2.4145617
0.0
0.0
4.0
2749.049
14.0
2.1489599
0.0
0.0
4.0
2751.4636
14.0
1.9125743
0.0
0.0
4.0
2753.6125
14.0
1.7021911
0.0
0.0
4.0
2755.5251
14.0
1.51495
0.0
0.0
4.0
2757.2273
15.0
1.3483055
0.0
0.0
4.0
2758.7422
15.0
1.1999918
0.0
0.0
4.0
2760.0906
15.0
1.0679927
0.0
0.0
4.0
2761.2905
15.0
0.9505135
0.0
0.0
4.0
2762.3584
15.0
0.845957
0.0
0.0
4.0
2763.3088
15.0
1.2869017
0.0
0.0
4.0
2764.755
15.0
1.6793425
0.0
0.0
4.0
2766.6418
15.0
2.028615
0.0
0.0
4.0
2768.9211
15.0
2.3394673
0.0
0.0
4.0
2771.5498
15.0
2.616126
0.0
0.0
4.0
2774.4893
15.0
2.8623521
0.0
0.0
4.0
2777.7053
15.0
3.0814934
0.0
0.0
4.0
2781.1677
15.0
3.276529
0.0
0.0
4.0
2784.849
15.0
3.450111
0.0
0.0
4.0
2788.7256
15.0
3.6045985
0.0
0.0
4.0
2792.7756
15.0
3.7420926
0.0
0.0
4.0
2796.9802
15.0
3.8644624
0.0
0.0
4.0
2801.3223
15.0
3.9733713
0.0
0.0
4.0
2805.7866
15.0
4.0703006
0.0
0.0
4.0
2810.36
15.0
4.1565676
0.0
0.0
4.0
2815.0305
15.0
4.233345
0.0
0.0
4.0
2819.787
15.0
4.3016768
0.0
0.0
4.0
2824.6204
15.0
4.362492
0.0
0.0
4.0
2829.522
15.0
4.416618
0.0
0.0
4.0
2834.4844
15.0
4.46479
0.0
0.0
4.0
2839.501
15.0
4.507663
0.0
0.0
4.0
2844.5657
15.0
4.5458198
0.0
0.0
4.0
2849.6733
15.0
4.5797796
0.0
0.0
4.0
2854.819
15.0
4.6100035
0.0
0.0
4.0
2859.9988
15.0
4.636903
0.0
0.0
4.0
2865.2087
15.0
4.6608434
0.0
0.0
4.0
2870.4456
15.0
4.6821504
0.0
0.0
4.0
2875.7063
15.0
4.7011137
0.0
0.0
4.0
2880.9885
15.0
4.717991
0.0
0.0
4.0
2886.2896
15.0
4.7330117
0.0
0.0
4.0
2891.6074
15.0
4.7463803
0.0
0.0
4.0
2896.9404
15.0
4.7582784
0.0
0.0
4.0
2902.2869
15.0
4.7688675
0.0
0.0
4.0
2907.6453
15.0
4.7782917
0.0
0.0
4.0
2913.0142
15.0
4.7866793
0.0
0.0
4.0
2918.3923
15.0
4.794144
0.0
0.0
4.0
2923.779
15.0
4.800788
0.0
0.0
4.0
2929.173
15.0
4.806701
0.0
0.0
4.0
2934.574
15.0
4.811964
0.0
0.0
4.0
2939.9807
15.0
4.816648
0.0
0.0
4.0
2945.3926
15.0
4.8208165
0.0
0.0
4.0
2950.8093
15.0
4.8245263
0.0
0.0
4.0
2956.2302
15.0
4.8278284
0.0
0.0
4.0
2961.6548
15.0
4.830767
0.0
0.0
4.0
2967.0825
15.0
0.0
0.0
0.0
4.0
2971.0
15.0
0.53400004
0.0
0.0
4.0
2971.6
15.0
0.0
0.0
0.0
4.0
2971.0
15.0
0.53400004
0.0
0.0
4.0
2971.6
15.0
1.00926
0.0
0.0
4.0
2972.7341
15.0
1.4322414
0.0
0.0
4.0
2974.3435
15.0
1.8086947
0.0
0.0
4.0
2976.3757
15.0
2.1437383
0.0
0.0
4.0
2978.7844
15.0
2.441927
0.0
0.0
4.0
2981.528
15.0
2.707315
0.0
0.0
4.0
2984.57
15.0
2.9435103
0.0
0.0
4.0
2987.8774
15.0
3.1537242
0.0
0.0
4.0
2991.421
15.0
3.3408144
0.0
0.0
4.0
2995.1746
15.0
3.507325
0.0
0.0
4.0
2999.1155
15.0
3.6555192
0.0
0.0
4.0
3003.223
15.0
0.0
0.0
0.0
4.0
3003.0
15.0
0.53400004
0.0
0.0
4.0
3003.6
15.0
0.0
0.0
0.0
4.0
3003.0
15.0
0.53400004
0.0
0.0
4.0
3003.6
15.0
1.00926
0.0
0.0
4.0
3004.7341
15.0
1.4322414
0.0
0.0
4.0
3006.3435
15.0
1.8086947
0.0
0.0
4.0
3008.3757
15.0
2.1437383
0.0
0.0
4.0
3010.7844
15.0
2.441927
0.0
0.0
4.0
3013.528
15.0
2.707315
0.0
0.0
4.0
3016.57
15.0
2.9435103
0.0
0.0
4.0
3019.8774
15.0
3.1537242
0.0
0.0
4.0
3023.421
15.0
3.3408144
0.0
0.0
4.0
3027.1746
15.0
3.507325
0.0
0.0
4.0
3031.1155
15.0
3.6555192
0.0
0.0
4.0
3035.223
15.0
3.7874122
0.0
0.0
4.0
3039.4785
15.0
3.9047966
0.0
0.0
4.0
3043.866
15.0
4.0092688
0.0
0.0
4.0
3048.3708
15.0
4.102249
0.0
0.0
4.0
3052.9802
15.0
4.1850014
0.0
0.0
4.0
3057.6824
15.0
4.2586513
0.0
0.0
4.0
3062.4673
15.0
4.3241997
0.0
0.0
4.0
3067.326
15.0
4.3825374
0.0
0.0
4.0
3072.2502
15.0
4.4344583
0.0
0.0
4.0
3077.2327
15.0
4.4806676
0.0
0.0
4.0
3082.267
15.0
4.521794
0.0
0.0
4.0
3087.3477
15.0
4.5583963
0.0
0.0
4.0
3092.4695
15.0
4.5909724
0.0
0.0
4.0
3097.628
15.0
4.619965
0.0
0.0
4.0
3102.8188
15.0
4.6457686
0.0
0.0
4.0
3108.0388
15.0
4.668734
0.0
0.0
4.0
3113.2847
15.0
4.689173
0.0
0.0
4.0
3118.5535
15.0
4.707364
0.0
0.0
4.0
3123.8425
15.0
4.7235537
0.0
0.0
4.0
3129.15
15.0
4.7379627
0.0
0.0
4.0
3134.4734
15.0
4.750787
0.0
0.0
4.0
3139.8113
15.0
4.7622
0.0
0.0
4.0
3145.162
15.0
4.772358
0.0
0.0
4.0
3150.5244
15.0
4.7813983
0.0
0.0
4.0
3155.8967
15.0
4.7894444
0.0
0.0
4.0
3161.278
15.0
4.7966056
0.0
0.0
4.0
3166.6675
15.0
0.0
0.0
0.0
4.0
3168.0
15.0
