931, 6
0.0
0.0
0.0
4.0
56.0
0.0
0.0
0.0
0.0
4.0
56.0
0.0
0.0
0.0
0.0
4.0
56.0
0.0
0.0
0.0
0.0
4.0
56.0
0.0
0.0
0.0
0.0
4.0
56.0
0.0
0.0
0.0
0.0
4.0
56.0
0.0
0.0
0.0
0.0
4.0
56.0
0.0
0.53400004
0.0
0.0
4.0
56.6
0.0
1.00926
0.0
0.0
4.0
57.733997
0.0
1.4322414
0.0
0.0
4.0
59.343258
0.0
1.8086947
0.0
0.0
4.0
61.3755
0.0
2.1437383
0.0
0.0
4.0
63.784195
0.0
2.441927
0.0
0.0
4.0
66.52793
0.0
2.707315
0.0
0.0
4.0
69.569855
0.0
2.9435103
0.0
0.0
4.0
72.87717
0.0
3.1537242
0.0
0.0
4.0
76.42068
0.0
3.3408144
0.0
0.0
4.0
80.1744
0.0
3.507325
0.0
0.0
4.0
84.11521
0.0
3.6555192
0.0
0.0
4.0
88.222534
0.0
3.7874122
0.0
0.0
4.0
92.47805
0.0
3.9047966
0.0
0.0
4.0
96.86546
0.0
4.0092688
0.0
0.0
4.0
101.37026
0.0
4.102249
0.0
0.0
4.0
105.97953
0.0
4.1850014
0.0
0.0
4.0
110.68178
0.0
4.2586513
0.0
0.0
4.0
115.46678
0.0
4.3241997
0.0
0.0
4.0
120.32543
0.0
4.3825374
0.0
0.0
4.0
125.24963
0.0
4.4344583
0.0
0.0
4.0
130.23218
0.0
4.4806676
0.0
0.0
4.0
135.26663
0.0
4.521794
0.0
0.0
4.0
140.3473
0.0
4.5583963
0.0
0.0
4.0
145.4691
0.0
4.5909724
0.0
0.0
4.0
150.6275
0.0
4.619965
0.0
0.0
4.0
155.81848
0.0
4.6457686
0.0
0.0
4.0
161.03845
0.0
4.668734
0.0
0.0
4.0
166.28423
0.0
4.689173
0.0
0.0
4.0
171.55296
0.0
4.707364
0.0
0.0
4.0
176.84213
0.0
4.7235537
0.0
0.0
4.0
182.14949
0.0
4.7379627
0.0
0.0
4.0
187.47304
0.0
4.750787
0.0
0.0
4.0
192.811
0.0
4.7622
0.0
0.0
4.0
198.16179
0.0
4.772358
0.0
0.0
4.0
203.52399
0.0
4.7813983
0.0
0.0
4.0
208.89635
0.0
4.7894444
0.0
0.0
4.0
214.27774
0.0
4.7966056
0.0
0.0
4.0
219.66719
0.0
4.802979
0.0
0.0
4.0
225.0638
0.0
4.808651
0.0
0.0
4.0
230.46678
0.0
4.8136992
0.0
0.0
4.0
235.87543
0.0
4.818192
0.0
0.0
4.0
241.28912
0.0
4.8221908
0.0
0.0
4.0
246.70732
0.0
4.8257494
0.0
0.0
4.0
252.12952
0.0
4.828917
0.0
0.0
4.0
257.55527
0.0
4.831736
0.0
0.0
4.0
262.9842
0.0
4.8342447
0.0
0.0
4.0
268.41592
0.0
4.8364778
0.0
0.0
4.0
273.85016
0.0
4.838465
0.0
0.0
4.0
279.28662
0.0
4.840234
0.0
0.0
4.0
284.7251
0.0
4.307808
0.0
0.0
4.0
289.56534
0.0
3.2999492
0.0
0.0
4.0
293.27313
0.0
2.4029548
0.0
0.0
4.0
295.97308
0.0
1.6046298
0.0
0.0
4.0
297.77603
0.0
0.89412045
0.0
0.0
4.0
298.78067
0.0
0.0
0.0
0.0
4.0
298.78067
0.0
0.0
0.0
0.0
4.0
298.78067
0.0
0.0
0.0
0.0
4.0
298.78067
1.0
0.0
0.0
0.0
4.0
298.78067
1.0
0.53400004
0.0
0.0
4.0
299.38068
1.0
1.00926
0.0
0.0
4.0
300.51468
1.0
1.4322414
0.0
0.0
4.0
302.12393
1.0
1.8086947
0.0
0.0
4.0
304.15616
1.0
2.1437383
0.0
0.0
4.0
306.56485
1.0
2.441927
0.0
0.0
4.0
309.3086
1.0
2.707315
0.0
0.0
4.0
312.35052
1.0
2.9435103
0.0
0.0
4.0
315.65784
1.0
3.1537242
0.0
0.0
4.0
319.20135
1.0
3.3408144
0.0
0.0
4.0
322.95508
1.0
3.507325
0.0
0.0
4.0
326.8959
1.0
3.6555192
0.0
0.0
4.0
331.00323
1.0
3.7874122
0.0
0.0
4.0
335.25876
1.0
3.9047966
0.0
0.0
4.0
339.64618
1.0
4.0092688
0.0
0.0
4.0
344.15097
1.0
4.102249
0.0
0.0
4.0
348.76025
1.0
4.1850014
0.0
0.0
4.0
353.4625
1.0
4.2586513
0.0
0.0
4.0
358.2475
1.0
4.3241997
0.0
0.0
4.0
363.10614
1.0
4.3825374
0.0
0.0
4.0
368.03033
1.0
4.4344583
0.0
0.0
4.0
373.01288
1.0
4.4806676
0.0
0.0
4.0
378.04733
1.0
4.521794
0.0
0.0
4.0
383.128
1.0
4.5583963
0.0
0.0
4.0
388.2498
1.0
4.5909724
0.0
0.0
4.0
393.40817
1.0
4.619965
0.0
0.0
4.0
398.59915
1.0
4.6457686
0.0
0.0
4.0
403.81912
1.0
4.668734
0.0
0.0
4.0
409.06488
1.0
4.689173
0.0
0.0
4.0
414.33362
1.0
4.707364
0.0
0.0
4.0
419.6228
1.0
4.7235537
0.0
0.0
4.0
424.93018
1.0
4.7379627
0.0
0.0
4.0
430.25372
1.0
4.750787
0.0
0.0
4.0
435.59167
1.0
4.7622
0.0
0.0
4.0
440.94247
1.0
4.772358
0.0
0.0
4.0
446.3047
1.0
4.7813983
0.0
0.0
4.0
451.67703
1.0
4.7894444
0.0
0.0
4.0
457.05844
1.0
4.7966056
0.0
0.0
4.0
462.44788
1.0
4.802979
0.0
0.0
4.0
467.84448
1.0
4.808651
0.0
0.0
4.0
473.24747
1.0
4.8136992
0.0
0.0
4.0
478.65613
1.0
4.818192
0.0
0.0
4.0
484.06982
1.0
4.8221908
0.0
0.0
4.0
489.488
1.0
4.8257494
0.0
0.0
4.0
494.9102
1.0
4.828917
0.0
0.0
4.0
500.33594
1.0
4.831736
0.0
0.0
4.0
505.76486
1.0
4.8342447
0.0
0.0
4.0
511.1966
1.0
4.8364778
0.0
0.0
4.0
516.63086
1.0
4.838465
0.0
0.0
4.0
522.0673
1.0
4.840234
0.0
0.0
4.0
527.5058
1.0
4.841808
0.0
0.0
4.0
532.94604
1.0
4.843209
0.0
0.0
4.0
538.3879
1.0
4.8444557
0.0
0.0
4.0
543.8311
1.0
4.8455653
0.0
0.0
4.0
549.2756
1.0
4.846553
0.0
0.0
4.0
554.7211
1.0
4.8474317
0.0
0.0
4.0
560.16766
1.0
4.848214
0.0
0.0
4.0
565.6151
1.0
4.8489103
0.0
0.0
4.0
571.06335
1.0
4.84953
0.0
0.0
4.0
576.51227
1.0
4.850082
0.0
0.0
4.0
581.9618
1.0
4.8505726
0.0
0.0
4.0
587.41187
1.0
4.8510094
0.0
0.0
4.0
592.8624
1.0
4.851398
0.0
0.0
4.0
598.3134
1.0
4.851744
0.0
0.0
4.0
603.76483
1.0
4.852052
0.0
0.0
4.0
609.21655
1.0
4.8523264
0.0
0.0
4.0
614.6686
1.0
4.8525705
0.0
0.0
4.0
620.1209
1.0
4.8527875
0.0
0.0
4.0
625.5735
1.0
4.8529806
0.0
0.0
4.0
631.02625
1.0
4.8531528
0.0
0.0
4.0
636.47925
1.0
4.853306
0.0
0.0
4.0
641.9324
1.0
4.853442
0.0
0.0
4.0
647.3857
1.0
4.8535633
0.0
0.0
4.0
652.8391
1.0
4.853671
0.0
0.0
4.0
658.29266
1.0
4.853767
0.0
0.0
4.0
663.74634
1.0
4.8538523
0.0
0.0
4.0
669.20013
2.0
4.8539286
0.0
0.0
4.0
674.654
2.0
4.8539963
0.0
0.0
4.0
680.1079
2.0
4.8540564
0.0
0.0
4.0
685.5619
2.0
4.85411
0.0
0.0
4.0
691.0159
2.0
4.8541574
0.0
0.0
4.0
696.47003
2.0
4.3202
0.0
0.0
4.0
701.3242
2.0
3.8449779
0.0
0.0
4.0
705.6444
2.0
3.4220302
0.0
0.0
4.0
709.4894
2.0
3.0456069
0.0
0.0
4.0
712.91144
2.0
2.7105901
0.0
0.0
4.0
715.95703
2.0
2.4124253
0.0
0.0
4.0
718.6676
2.0
2.6810586
0.0
0.0
4.0
721.68005
2.0
2.9201422
0.0
0.0
4.0
724.9611
2.0
3.1329265
0.0
0.0
4.0
728.48126
2.0
0.0
0.0
0.0
4.0
731.0
2.0
0.53400004
0.0
0.0
4.0
731.6
2.0
0.0
0.0
0.0
4.0
731.0
2.0
0.53400004
0.0
0.0
4.0
731.6
2.0
0.0
0.0
0.0
4.0
731.0
2.0
0.53400004
0.0
0.0
4.0
731.6
2.0
1.00926
0.0
0.0
4.0
732.73395
2.0
1.4322414
0.0
0.0
4.0
734.3432
2.0
1.8086947
0.0
0.0
4.0
736.3754
2.0
2.1437383
0.0
0.0
4.0
738.7841
2.0
2.441927
0.0
0.0
4.0
741.52783
2.0
2.707315
0.0
0.0
4.0
744.56976
2.0
2.9435103
0.0
0.0
4.0
747.8771
2.0
3.1537242
0.0
0.0
4.0
751.4206
2.0
3.3408144
0.0
0.0
4.0
755.1743
2.0
3.507325
0.0
0.0
4.0
759.1151
2.0
3.6555192
0.0
0.0
4.0
763.2224
2.0
3.7874122
0.0
0.0
4.0
767.4779
2.0
3.9047966
0.0
0.0
4.0
771.8653
2.0
4.0092688
0.0
0.0
4.0
776.3701
2.0
4.102249
0.0
0.0
4.0
780.9794
2.0
4.1850014
0.0
0.0
4.0
785.68164
2.0
3.724651
0.0
0.0
4.0
789.86664
2.0
3.3149395
0.0
0.0
4.0
793.5913
2.0
3.484296
0.0
0.0
4.0
797.5062
2.0
3.6350236
0.0
0.0
4.0
801.5905
2.0
3.7691708
0.0
0.0
4.0
805.82556
3.0
3.8885617
0.0
0.0
4.0
810.1947
3.0
3.9948199
0.0
0.0
4.0
814.6833
3.0
4.08939
0.0
0.0
4.0
819.27814
3.0
4.173557
0.0
0.0
4.0
823.9675
3.0
4.2484655
0.0
0.0
4.0
828.7411
3.0
4.315134
0.0
0.0
4.0
833.58954
3.0
3.8404694
0.0
0.0
4.0
837.90466
3.0
3.4180176
0.0
0.0
4.0
841.7451
3.0
3.0420356
0.0
0.0
4.0
845.16315
4.0
3.2414114
0.0
0.0
4.0
848.8052
4.0
3.4188561
0.0
0.0
4.0
852.6466
4.0
3.5767817
0.0
0.0
4.0
856.66547
4.0
3.7173357
0.0
0.0
4.0
860.8422
4.0
3.8424287
0.0
0.0
4.0
865.15955
4.0
3.9537613
0.0
0.0
4.0
869.602
4.0
4.052848
0.0
0.0
4.0
874.15576
4.0
4.1410346
0.0
0.0
4.0
878.8086
4.0
4.2195206
0.0
0.0
4.0
883.5496
4.0
4.289373
0.0
0.0
4.0
888.36914
4.0
4.3515415
0.0
0.0
4.0
893.2585
4.0
4.406872
0.0
0.0
4.0
898.21
4.0
4.4561157
0.0
0.0
4.0
903.2169
4.0
0.0
0.0
0.0
4.0
907.0
4.0
0.53400004
0.0
0.0
4.0
907.6
4.0
0.0
0.0
0.0
4.0
907.0
4.0
0.53400004
0.0
0.0
4.0
907.6
4.0
0.0
0.0
0.0
4.0
907.0
4.0
0.53400004
0.0
0.0
4.0
907.6
4.0
1.00926
0.0
0.0
4.0
908.73395
4.0
1.4322414
0.0
0.0
4.0
910.3432
4.0
1.8086947
0.0
0.0
4.0
912.3754
4.0
2.1437383
0.0
0.0
4.0
914.7841
4.0
2.441927
0.0
0.0
4.0
917.52783
4.0
2.707315
0.0
0.0
4.0
920.56976
4.0
2.9435103
0.0
0.0
4.0
923.8771
4.0
3.1537242
0.0
0.0
4.0
927.4206
4.0
3.3408144
0.0
0.0
4.0
931.1743
4.0
3.507325
0.0
0.0
4.0
935.1151
4.0
3.6555192
0.0
0.0
4.0
939.2224
4.0
3.7874122
0.0
0.0
4.0
943.4779
4.0
3.9047966
0.0
0.0
4.0
947.8653
4.0
4.0092688
0.0
0.0
4.0
952.3701
4.0
4.102249
0.0
0.0
4.0
956.9794
4.0
4.1850014
0.0
0.0
4.0
961.68164
4.0
4.2586513
0.0
0.0
4.0
966.4666
4.0
4.3241997
0.0
0.0
4.0
971.32526
4.0
4.3825374
0.0
0.0
4.0
976.24945
4.0
4.4344583
0.0
0.0
4.0
981.232
4.0
4.4806676
0.0
0.0
4.0
986.2665
4.0
4.521794
0.0
0.0
4.0
991.34717
4.0
4.5583963
0.0
0.0
4.0
996.46893
4.0
4.5909724
0.0
0.0
4.0
1001.6273
4.0
4.619965
0.0
0.0
4.0
1006.8183
4.0
4.6457686
0.0
0.0
4.0
1012.03827
4.0
4.668734
0.0
0.0
4.0
1017.28406
4.0
4.689173
0.0
0.0
4.0
1022.5528
4.0
4.707364
0.0
0.0
4.0
1027.8419
4.0
4.7235537
0.0
0.0
4.0
1033.1493
4.0
4.7379627
0.0
0.0
4.0
1038.4729
4.0
4.750787
0.0
0.0
4.0
1043.8109
4.0
4.7622
0.0
0.0
4.0
1049.1617
4.0
4.772358
0.0
0.0
4.0
1054.5239
4.0
4.7813983
0.0
0.0
4.0
1059.8962
4.0
4.7894444
0.0
0.0
4.0
1065.2776
4.0
4.7966056
0.0
0.0
4.0
1070.667
4.0
4.802979
0.0
0.0
4.0
1076.0636
4.0
4.808651
0.0
0.0
4.0
1081.4666
4.0
4.8136992
0.0
0.0
4.0
1086.8752
4.0
4.818192
0.0
0.0
4.0
1092.289
4.0
4.8221908
0.0
0.0
4.0
1097.7072
4.0
4.8257494
0.0
0.0
4.0
1103.1294
4.0
4.828917
0.0
0.0
4.0
1108.5552
4.0
4.831736
0.0
0.0
4.0
1113.9841
4.0
4.8342447
0.0
0.0
4.0
1119.4159
4.0
4.8364778
0.0
0.0
4.0
1124.8501
4.0
4.838465
0.0
0.0
4.0
1130.2866
4.0
4.840234
0.0
0.0
4.0
1135.7251
4.0
4.841808
0.0
0.0
4.0
1141.1653
4.0
4.843209
0.0
0.0
4.0
1146.607
4.0
4.8444557
0.0
0.0
4.0
1152.0503
4.0
4.8455653
0.0
0.0
4.0
1157.4948
4.0
4.846553
0.0
0.0
4.0
1162.9403
4.0
4.8474317
0.0
0.0
4.0
1168.3868
4.0
4.848214
0.0
0.0
4.0
1173.8342
4.0
4.3149104
0.0
0.0
4.0
1178.6825
4.0
3.3062704
0.0
0.0
4.0
1182.3975
4.0
2.4085805
0.0
0.0
4.0
1185.1038
4.0
1.6096367
0.0
0.0
4.0
1186.9124
4.0
0.8985766
0.0
0.0
4.0
1187.922
4.0
0.0
0.0
0.0
4.0
1187.922
4.0
-0.53400004
0.0
0.0
4.0
1187.322
4.0
-1.00926
0.0
0.0
4.0
1186.188
4.0
-1.4322414
0.0
0.0
4.0
1184.5787
4.0
-1.8086947
0.0
0.0
4.0
1182.5465
4.0
-2.1437383
0.0
0.0
4.0
1180.1378
4.0
-2.441927
0.0
0.0
4.0
1177.394
4.0
-2.707315
0.0
0.0
4.0
1174.3522
4.0
-2.4095104
0.0
0.0
4.0
1171.6449
4.0
-2.1444643
0.0
0.0
4.0
1169.2354
4.0
-1.9085732
0.0
0.0
4.0
1167.091
4.0
-1.6986301
0.0
0.0
4.0
1165.1824
4.0
-0.97778076
0.0
0.0
4.0
1164.0837
4.0
0.0
0.0
0.0
4.0
1164.0837
4.0
0.53400004
0.0
0.0
4.0
1164.6837
4.0
1.00926
0.0
0.0
4.0
1165.8177
4.0
1.4322414
0.0
0.0
4.0
1167.427
4.0
1.8086947
0.0
0.0
4.0
1169.4592
4.0
2.1437383
0.0
0.0
4.0
1171.8679
4.0
2.441927
0.0
0.0
4.0
1174.6117
4.0
2.707315
0.0
0.0
4.0
1177.6536
4.0
2.9435103
0.0
0.0
4.0
1180.9609
4.0
2.619724
0.0
0.0
4.0
1183.9044
4.0
2.3315544
0.0
0.0
4.0
1186.5242
4.0
2.0750835
0.0
0.0
4.0
1188.8557
4.0
1.8468243
0.0
0.0
4.0
1190.9308
4.0
1.6436735
0.0
0.0
4.0
1192.7776
4.0
1.4628694
0.0
0.0
4.0
1194.4213
5.0
1.3019538
0.0
0.0
4.0
1195.8842
5.0
0.6247389
0.0
0.0
4.0
1196.586
5.0
0.0
0.0
0.0
4.0
1196.586
5.0
-0.53400004
0.0
0.0
4.0
1195.9861
5.0
-1.00926
0.0
0.0
4.0
1194.852
5.0
-1.4322414
0.0
0.0
4.0
1193.2428
5.0
-1.8086947
0.0
0.0
4.0
1191.2106
5.0
-2.1437383
0.0
0.0
4.0
1188.8019
5.0
-2.441927
0.0
0.0
4.0
1186.0581
5.0
-2.707315
0.0
0.0
4.0
1183.0162
5.0
-2.9435103
0.0
0.0
4.0
1179.7089
5.0
-2.619724
0.0
0.0
4.0
1176.7654
5.0
-2.3315544
0.0
0.0
4.0
1174.1456
5.0
-2.0750835
0.0
0.0
4.0
1171.8141
5.0
-1.8468243
0.0
0.0
4.0
1169.739
5.0
-1.6436735
0.0
0.0
4.0
1167.8922
5.0
-1.4628694
0.0
0.0
4.0
1166.2485
5.0
-1.3019538
0.0
0.0
4.0
1164.7856
5.0
-1.1587389
0.0
0.0
4.0
1163.4836
5.0
-1.0312775
0.0
0.0
4.0
1162.325
5.0
0.0
0.0
0.0
4.0
1162.325
5.0
0.53400004
0.0
0.0
4.0
1162.9249
5.0
1.00926
0.0
0.0
4.0
1164.059
5.0
1.4322414
0.0
0.0
4.0
1165.6682
5.0
1.8086947
0.0
0.0
4.0
1167.7004
5.0
2.1437383
0.0
0.0
4.0
1170.1091
5.0
2.441927
0.0
0.0
4.0
1172.8529
5.0
2.707315
0.0
0.0
4.0
1175.8948
5.0
2.9435103
0.0
0.0
4.0
1179.2021
5.0
3.1537242
0.0
0.0
4.0
1182.7456
5.0
3.3408144
0.0
0.0
4.0
1186.4994
5.0
2.9733248
0.0
0.0
4.0
1189.8402
5.0
2.646259
0.0
0.0
4.0
1192.8135
5.0
2.3551705
0.0
0.0
4.0
1195.4597
5.0
2.0961018
0.0
0.0
4.0
1197.815
5.0
1.8655305
0.0
0.0
4.0
1199.911
6.0
1.6603221
0.0
0.0
4.0
1201.7765
6.0
1.4776866
0.0
0.0
4.0
1203.4368
6.0
1.3151411
0.0
0.0
4.0
1204.9144
6.0
1.7044755
0.0
0.0
4.0
1206.8296
6.0
2.0509832
0.0
0.0
4.0
1209.134
6.0
2.3593752
0.0
0.0
4.0
1211.785
6.0
2.6338441
0.0
0.0
4.0
1214.7444
6.0
2.8781214
0.0
0.0
4.0
1217.9783
6.0
3.095528
0.0
0.0
4.0
1221.4564
6.0
3.2890198
0.0
0.0
4.0
1225.152
6.0
3.4612277
0.0
0.0
4.0
1229.041
6.0
3.6144927
0.0
0.0
4.0
1233.1023
6.0
3.7508986
0.0
0.0
4.0
1237.3168
6.0
3.8723
0.0
0.0
4.0
1241.6677
6.0
3.980347
0.0
0.0
4.0
1246.14
6.0
4.076509
0.0
0.0
4.0
1250.7203
6.0
4.1620927
0.0
0.0
4.0
1255.3969
6.0
4.238262
0.0
0.0
4.0
1260.1589
6.0
4.306053
0.0
0.0
4.0
1264.9972
6.0
4.3663874
0.0
0.0
4.0
1269.9032
6.0
4.4200845
0.0
0.0
4.0
1274.8696
6.0
4.467875
0.0
0.0
4.0
1279.8898
6.0
4.5104084
0.0
0.0
4.0
1284.9576
6.0
4.5482635
0.0
0.0
4.0
1290.068
6.0
4.5819545
0.0
0.0
4.0
1295.2163
6.0
4.6119394
0.0
0.0
4.0
1300.3983
6.0
4.638626
0.0
0.0
4.0
1305.6102
6.0
4.662377
0.0
0.0
4.0
1310.8489
6.0
4.683515
0.0
0.0
4.0
1316.1112
6.0
4.702328
0.0
0.0
4.0
1321.3948
6.0
4.719072
0.0
0.0
4.0
1326.6971
6.0
4.733974
0.0
0.0
4.0
1332.0162
6.0
4.7472367
0.0
0.0
4.0
1337.3502
6.0
4.7590404
0.0
0.0
4.0
1342.6975
6.0
4.7695456
0.0
0.0
4.0
1348.0565
6.0
4.7788954
0.0
0.0
4.0
1353.426
6.0
4.7872167
0.0
0.0
4.0
1358.8049
6.0
4.794623
0.0
0.0
4.0
1364.1921
6.0
4.801214
0.0
0.0
4.0
1369.5868
6.0
4.8070803
0.0
0.0
4.0
1374.988
6.0
4.812301
0.0
0.0
4.0
1380.3951
6.0
4.816948
0.0
0.0
4.0
1385.8075
6.0
4.8210835
0.0
0.0
4.0
1391.2245
6.0
4.8247643
0.0
0.0
4.0
1396.6456
6.0
4.82804
0.0
0.0
4.0
1402.0704
6.0
4.8309555
0.0
0.0
4.0
1407.4985
6.0
4.8335505
0.0
0.0
4.0
1412.9294
6.0
4.83586
0.0
0.0
4.0
1418.363
6.0
4.837915
0.0
0.0
4.0
1423.799
6.0
4.839744
0.0
0.0
4.0
1429.2368
6.0
4.307372
0.0
0.0
4.0
1434.0765
6.0
3.8335612
0.0
0.0
4.0
1438.3839
6.0
2.8778694
0.0
0.0
4.0
1441.6174
6.0
2.0273037
0.0
0.0
4.0
1443.8953
6.0
1.8043003
0.0
0.0
4.0
1445.9226
6.0
1.6058272
0.0
0.0
4.0
1447.7269
6.0
1.4291862
0.0
0.0
4.0
1449.3328
6.0
1.8059757
0.0
0.0
4.0
1451.3619
6.0
2.1413186
0.0
0.0
4.0
1453.768
6.0
2.4397736
0.0
0.0
4.0
1456.5093
6.0
2.7053983
0.0
0.0
4.0
1459.5491
6.0
2.9418046
0.0
0.0
4.0
1462.8545
6.0
2.618206
0.0
0.0
4.0
1465.7963
6.0
2.3302033
0.0
0.0
4.0
1468.4144
6.0
2.073881
0.0
0.0
4.0
1470.7446
6.0
1.845754
0.0
0.0
4.0
1472.8185
6.0
1.642721
0.0
0.0
4.0
1474.6642
6.0
1.4620217
0.0
0.0
4.0
1476.3069
6.0
0.7671993
0.0
0.0
4.0
1477.169
6.0
0.0
0.0
0.0
4.0
1477.169
7.0
-0.53400004
0.0
0.0
4.0
1476.569
7.0
-1.00926
0.0
0.0
4.0
1475.4349
7.0
-1.4322414
0.0
0.0
4.0
1473.8257
7.0
-1.8086947
0.0
0.0
4.0
1471.7935
7.0
-2.1437383
0.0
0.0
4.0
1469.3848
7.0
-2.441927
0.0
0.0
4.0
1466.641
7.0
-2.173315
0.0
0.0
4.0
1464.1991
7.0
-1.9342504
0.0
0.0
4.0
1462.0258
7.0
-1.7214828
0.0
0.0
4.0
1460.0916
7.0
-0.9981196
0.0
0.0
4.0
1458.9701
7.0
0.0
0.0
0.0
4.0
1458.9701
7.0
0.53400004
0.0
0.0
4.0
1459.5701
7.0
1.00926
0.0
0.0
4.0
1460.7041
7.0
1.4322414
0.0
0.0
4.0
1462.3134
7.0
1.8086947
0.0
0.0
4.0
1464.3456
7.0
2.1437383
0.0
0.0
4.0
1466.7543
7.0
2.441927
0.0
0.0
4.0
1469.498
7.0
2.173315
0.0
0.0
4.0
1471.94
7.0
1.9342504
0.0
0.0
4.0
1474.1133
7.0
1.7214828
0.0
0.0
4.0
1476.0475
7.0
1.5321196
0.0
0.0
4.0
1477.7689
7.0
1.3635864
0.0
0.0
4.0
1479.301
7.0
1.2135919
0.0
0.0
4.0
1480.6646
8.0
1.0800968
0.0
0.0
4.0
1481.8782
8.0
1.4952862
0.0
0.0
4.0
1483.5582
8.0
1.8648049
0.0
0.0
4.0
1485.6536
8.0
2.1936762
0.0
0.0
4.0
1488.1184
8.0
2.486372
0.0
0.0
4.0
1490.9121
8.0
2.746871
0.0
0.0
4.0
1493.9985
8.0
2.978715
0.0
0.0
4.0
1497.3455
8.0
3.1850562
0.0
0.0
4.0
1500.9242
8.0
3.3686998
0.0
0.0
4.0
1504.7092
8.0
3.5321429
0.0
0.0
4.0
1508.678
8.0
3.6776073
0.0
0.0
4.0
1512.8102
8.0
3.8070705
0.0
0.0
4.0
1517.0878
8.0
3.9222927
0.0
0.0
4.0
1521.4949
8.0
4.0248404
0.0
0.0
4.0
1526.0172
8.0
4.116108
0.0
0.0
4.0
1530.6421
8.0
4.1973357
0.0
0.0
4.0
1535.3582
8.0
4.2696285
0.0
0.0
4.0
1540.1555
8.0
4.333969
0.0
0.0
4.0
1545.0251
8.0
4.3912325
0.0
0.0
4.0
1549.9591
8.0
4.442197
0.0
0.0
4.0
1554.9503
8.0
4.487555
0.0
0.0
4.0
1559.9926
8.0
4.5279236
0.0
0.0
4.0
1565.0801
8.0
4.563852
0.0
0.0
4.0
1570.208
8.0
4.595828
0.0
0.0
4.0
1575.3718
8.0
4.6242867
0.0
0.0
4.0
1580.5676
8.0
4.649615
0.0
0.0
4.0
1585.7919
8.0
4.672157
0.0
0.0
4.0
1591.0415
8.0
4.6922193
0.0
0.0
4.0
1596.3137
8.0
4.710075
0.0
0.0
4.0
1601.606
8.0
4.7259665
0.0
0.0
4.0
1606.916
8.0
4.74011
0.0
0.0
4.0
1612.242
8.0
4.7526975
0.0
0.0
4.0
1617.582
8.0
4.7639008
0.0
0.0
4.0
1622.9347
8.0
4.7738714
0.0
0.0
4.0
1628.2986
8.0
4.7827454
0.0
0.0
4.0
1633.6725
8.0
4.790643
0.0
0.0
4.0
1639.0552
8.0
4.7976723
0.0
0.0
4.0
1644.4458
8.0
4.8039284
0.0
0.0
4.0
1649.8435
8.0
4.809496
0.0
0.0
4.0
1655.2474
8.0
3.7464514
0.0
0.0
4.0
1659.4569
8.0
2.8003418
0.0
0.0
4.0
1662.6034
8.0
1.958304
0.0
0.0
4.0
1664.8037
8.0
1.2088906
0.0
0.0
4.0
1666.162
8.0
1.0759126
0.0
0.0
4.0
1667.3708
8.0
0.9575622
0.0
0.0
4.0
1668.4468
9.0
0.85223037
0.0
0.0
4.0
1669.4043
9.0
0.758485
0.0
0.0
4.0
1670.2565
9.0
0.6750516
0.0
0.0
4.0
1671.015
9.0
0.6007959
0.0
0.0
4.0
1671.6901
9.0
0.5347084
0.0
0.0
4.0
1672.2909
9.0
0.47589046
0.0
0.0
4.0
1672.8256
9.0
0.0
0.0
0.0
4.0
1672.8256
9.0
0.0
0.0
0.0
4.0
1672.8256
9.0
0.0
0.0
0.0
4.0
1672.8256
9.0
0.0
0.0
0.0
4.0
1672.8256
9.0
0.0
0.0
0.0
4.0
1672.8256
9.0
0.0
0.0
0.0
4.0
1672.8256
9.0
0.0
0.0
0.0
4.0
1672.8256
9.0
0.0
0.0
0.0
4.0
1672.8256
9.0
0.0
0.0
0.0
4.0
1672.8256
9.0
0.0
0.0
0.0
4.0
1672.8256
9.0
0.0
0.0
0.0
4.0
1672.8256
9.0
0.0
0.0
0.0
4.0
1672.8256
9.0
0.0
0.0
0.0
4.0
1672.8256
9.0
0.53400004
0.0
0.0
4.0
1673.4255
9.0
1.00926
0.0
0.0
4.0
1674.5596
9.0
1.4322414
0.0
0.0
4.0
1676.1688
9.0
1.8086947
0.0
0.0
4.0
1678.201
9.0
2.1437383
0.0
0.0
4.0
1680.6097
9.0
2.441927
0.0
0.0
4.0
1683.3535
9.0
2.707315
0.0
0.0
4.0
1686.3954
9.0
2.9435103
0.0
0.0
4.0
1689.7028
9.0
3.1537242
0.0
0.0
4.0
1693.2462
9.0
3.3408144
0.0
0.0
4.0
1697.0
9.0
3.507325
0.0
0.0
4.0
1700.9408
9.0
3.6555192
0.0
0.0
4.0
1705.0481
9.0
3.7874122
0.0
0.0
4.0
1709.3036
9.0
3.9047966
0.0
0.0
4.0
1713.691
9.0
4.0092688
0.0
0.0
4.0
1718.1958
9.0
4.102249
0.0
0.0
4.0
1722.805
9.0
4.1850014
0.0
0.0
4.0
1727.5073
9.0
4.2586513
0.0
0.0
4.0
1732.2924
9.0
4.3241997
0.0
0.0
4.0
1737.151
9.0
4.3825374
0.0
0.0
4.0
1742.0752
9.0
4.4344583
0.0
0.0
4.0
1747.0577
9.0
4.4806676
0.0
0.0
4.0
1752.0922
9.0
4.521794
0.0
0.0
4.0
1757.1729
9.0
4.5583963
0.0
0.0
4.0
1762.2947
9.0
4.5909724
0.0
0.0
4.0
1767.4531
9.0
4.619965
0.0
0.0
4.0
1772.644
9.0
4.6457686
0.0
0.0
4.0
1777.864
9.0
4.668734
0.0
0.0
4.0
1783.1097
9.0
4.689173
0.0
0.0
4.0
1788.3784
9.0
4.707364
0.0
0.0
4.0
1793.6676
9.0
4.7235537
0.0
0.0
4.0
1798.975
9.0
4.7379627
0.0
0.0
4.0
1804.2986
9.0
4.750787
0.0
0.0
4.0
1809.6366
9.0
4.7622
0.0
0.0
4.0
1814.9874
9.0
4.772358
0.0
0.0
4.0
1820.3496
9.0
4.7813983
0.0
0.0
4.0
1825.7219
9.0
4.7894444
0.0
0.0
4.0
1831.1033
9.0
4.7966056
0.0
0.0
4.0
1836.4927
9.0
4.802979
0.0
0.0
4.0
1841.8893
9.0
4.808651
0.0
0.0
4.0
1847.2922
9.0
4.8136992
0.0
0.0
4.0
1852.7009
9.0
4.818192
0.0
0.0
4.0
1858.1146
9.0
4.8221908
0.0
0.0
4.0
1863.5328
9.0
4.8257494
0.0
0.0
4.0
1868.9551
9.0
4.828917
0.0
0.0
4.0
1874.3809
9.0
4.831736
0.0
0.0
4.0
1879.8098
9.0
4.8342447
0.0
0.0
4.0
1885.2416
9.0
4.8364778
0.0
0.0
4.0
1890.6758
9.0
4.838465
0.0
0.0
4.0
1896.1123
9.0
4.840234
0.0
0.0
4.0
1901.5508
9.0
4.841808
0.0
0.0
4.0
1906.991
9.0
4.843209
0.0
0.0
4.0
1912.4327
9.0
4.8444557
0.0
0.0
4.0
1917.876
9.0
4.8455653
0.0
0.0
4.0
1923.3204
9.0
4.846553
0.0
0.0
4.0
1928.766
9.0
4.3134317
0.0
0.0
4.0
1933.6125
9.0
3.8389542
0.0
0.0
4.0
1937.926
9.0
2.882669
0.0
0.0
4.0
1941.165
9.0
2.0315754
0.0
0.0
4.0
1943.4478
9.0
1.8081021
0.0
0.0
4.0
1945.4794
9.0
1.6092108
0.0
0.0
4.0
1947.2875
9.0
1.4321977
0.0
0.0
4.0
1948.8967
9.0
1.2746559
0.0
0.0
4.0
1950.329
10.0
1.1344438
0.0
0.0
4.0
1951.6036
10.0
1.0096549
0.0
0.0
4.0
1952.738
10.0
0.8985928
0.0
0.0
4.0
1953.7477
10.0
0.7997476
0.0
0.0
4.0
1954.6462
10.0
0.71177536
0.0
0.0
4.0
1955.446
10.0
0.6334801
0.0
0.0
4.0
1956.1578
10.0
0.56379724
0.0
0.0
4.0
1956.7913
10.0
0.50177956
0.0
0.0
4.0
1957.3551
10.0
0.4465838
0.0
0.0
4.0
1957.8569
11.0
0.0
0.0
0.0
4.0
1957.8569
11.0
-0.53400004
0.0
0.0
4.0
1957.257
11.0
-1.00926
0.0
0.0
4.0
1956.1229
11.0
-1.4322414
0.0
0.0
4.0
1954.5137
11.0
-1.8086947
0.0
0.0
4.0
1952.4814
11.0
-2.1437383
0.0
0.0
4.0
1950.0728
11.0
-2.441927
0.0
0.0
4.0
1947.329
11.0
-2.173315
0.0
0.0
4.0
1944.8871
11.0
-1.9342504
0.0
0.0
4.0
1942.7137
11.0
-1.7214828
0.0
0.0
4.0
1940.7795
11.0
-1.5321196
0.0
0.0
4.0
1939.0581
11.0
-0.82958645
0.0
0.0
4.0
1938.126
11.0
0.0
0.0
0.0
4.0
1938.126
11.0
0.53400004
0.0
0.0
4.0
1938.726
11.0
1.00926
0.0
0.0
4.0
1939.86
11.0
1.4322414
0.0
0.0
4.0
1941.4692
11.0
1.8086947
0.0
0.0
4.0
1943.5015
11.0
2.1437383
0.0
0.0
4.0
1945.9102
11.0
1.907927
0.0
0.0
4.0
1948.054
11.0
1.698055
0.0
0.0
4.0
1949.9619
11.0
1.511269
0.0
0.0
4.0
1951.6599
11.0
1.3450294
0.0
0.0
4.0
1953.1711
11.0
1.1970761
0.0
0.0
4.0
1954.5161
11.0
0.5313977
0.0
0.0
4.0
1955.1132
11.0
0.0
0.0
0.0
4.0
1955.1132
12.0
-0.53400004
0.0
0.0
4.0
1954.5132
12.0
-1.00926
0.0
0.0
4.0
1953.3792
12.0
-1.4322414
0.0
0.0
4.0
1951.7699
12.0
-1.8086947
0.0
0.0
4.0
1949.7377
12.0
-2.1437383
0.0
0.0
4.0
1947.329
12.0
-2.441927
0.0
0.0
4.0
1944.5852
12.0
-2.707315
0.0
0.0
4.0
1941.5433
12.0
-2.9435103
0.0
0.0
4.0
1938.236
12.0
-2.619724
0.0
0.0
4.0
1935.2925
12.0
-2.3315544
0.0
0.0
4.0
1932.6727
12.0
-1.5410833
0.0
0.0
4.0
1930.9412
12.0
-0.8375641
0.0
0.0
4.0
1930.0001
12.0
0.0
0.0
0.0
4.0
1930.0001
12.0
0.53400004
0.0
0.0
4.0
1930.6001
12.0
1.00926
0.0
0.0
4.0
1931.7341
12.0
1.4322414
0.0
0.0
4.0
1933.3434
12.0
1.8086947
0.0
0.0
4.0
1935.3756
12.0
2.1437383
0.0
0.0
4.0
1937.7843
12.0
2.441927
0.0
0.0
4.0
1940.5281
12.0
2.707315
0.0
0.0
4.0
1943.57
12.0
2.9435103
0.0
0.0
4.0
1946.8773
12.0
2.619724
0.0
0.0
4.0
1949.8208
12.0
2.3315544
0.0
0.0
4.0
1952.4406
12.0
2.0750835
0.0
0.0
4.0
1954.7721
12.0
1.8468243
0.0
0.0
4.0
1956.8472
13.0
1.6436735
0.0
0.0
4.0
1958.694
13.0
1.4628694
0.0
0.0
4.0
1960.3376
13.0
1.3019538
0.0
0.0
4.0
1961.8005
13.0
1.6927389
0.0
0.0
4.0
1963.7025
13.0
2.0405376
0.0
0.0
4.0
1965.9952
13.0
2.3500786
0.0
0.0
4.0
1968.6357
13.0
2.6255698
0.0
0.0
4.0
1971.5858
13.0
2.870757
0.0
0.0
4.0
1974.8114
13.0
3.0889738
0.0
0.0
4.0
1978.2821
13.0
3.2831867
0.0
0.0
4.0
1981.9711
13.0
3.4560363
0.0
0.0
4.0
1985.8542
13.0
3.6098723
0.0
0.0
4.0
1989.9103
13.0
3.7467864
0.0
0.0
4.0
1994.1201
13.0
3.86864
0.0
0.0
4.0
1998.4669
13.0
3.9770894
0.0
0.0
4.0
2002.9355
13.0
4.0736094
0.0
0.0
4.0
2007.5127
13.0
4.159512
0.0
0.0
4.0
2012.1863
13.0
4.2359657
0.0
0.0
4.0
2016.9458
13.0
4.3040094
0.0
0.0
4.0
2021.7817
13.0
4.364568
0.0
0.0
4.0
2026.6858
13.0
4.4184656
0.0
0.0
4.0
2031.6504
13.0
4.466434
0.0
0.0
4.0
2036.6688
13.0
4.509126
0.0
0.0
4.0
2041.7352
13.0
4.547122
0.0
0.0
4.0
2046.8444
13.0
4.5809383
0.0
0.0
4.0
2051.9915
13.0
4.611035
0.0
0.0
4.0
2057.1724
13.0
4.6378207
0.0
0.0
4.0
2062.3833
13.0
4.66166
0.0
0.0
4.0
2067.621
13.0
4.6828775
0.0
0.0
4.0
2072.8828
13.0
4.701761
0.0
0.0
4.0
2078.1658
13.0
4.718567
0.0
0.0
4.0
2083.4675
13.0
4.7335243
0.0
0.0
4.0
2088.7861
13.0
4.7468367
0.0
0.0
4.0
2094.1196
13.0
4.7586846
0.0
0.0
4.0
2099.4666
13.0
4.769229
0.0
0.0
4.0
2104.8252
13.0
4.7786136
0.0
0.0
4.0
2110.1943
13.0
4.786966
0.0
0.0
4.0
2115.573
13.0
4.7943993
0.0
0.0
4.0
2120.96
13.0
4.8010154
0.0
0.0
4.0
2126.3542
13.0
4.8069034
0.0
0.0
4.0
2131.7554
13.0
4.812144
0.0
0.0
4.0
2137.1624
13.0
4.8168077
0.0
0.0
4.0
2142.5745
13.0
4.8209586
0.0
0.0
4.0
2147.9912
13.0
4.824653
0.0
0.0
4.0
2153.412
13.0
4.827941
0.0
0.0
4.0
2158.8367
13.0
4.8308673
0.0
0.0
4.0
2164.2646
13.0
4.833472
0.0
0.0
4.0
2169.6956
13.0
4.8357897
0.0
0.0
4.0
2175.129
13.0
4.8378525
0.0
0.0
4.0
2180.5647
13.0
4.839689
0.0
0.0
4.0
2186.0024
13.0
0.0
0.0
0.0
4.0
2187.0
13.0
0.53400004
0.0
0.0
4.0
2187.6
13.0
0.0
0.0
0.0
4.0
2187.0
13.0
0.0
0.0
0.0
4.0
2187.0
13.0
0.0
0.0
0.0
4.0
2187.0
13.0
0.0
0.0
0.0
4.0
2187.0
13.0
0.53400004
0.0
0.0
4.0
2187.6
13.0
1.00926
0.0
0.0
4.0
2188.7341
13.0
1.4322414
0.0
0.0
4.0
2190.3435
13.0
1.8086947
0.0
0.0
4.0
2192.3757
13.0
2.1437383
0.0
0.0
4.0
2194.7844
13.0
2.441927
0.0
0.0
4.0
2197.528
13.0
2.707315
0.0
0.0
4.0
2200.57
13.0
2.9435103
0.0
0.0
4.0
2203.8774
13.0
3.1537242
0.0
0.0
4.0
2207.421
13.0
3.3408144
0.0
0.0
4.0
2211.1746
13.0
3.507325
0.0
0.0
4.0
2215.1155
13.0
3.6555192
0.0
0.0
4.0
2219.223
13.0
3.7874122
0.0
0.0
4.0
2223.4785
13.0
3.9047966
0.0
0.0
4.0
2227.866
13.0
4.0092688
0.0
0.0
4.0
2232.3708
13.0
0.0
0.0
0.0
4.0
2235.0
13.0
0.53400004
0.0
0.0
4.0
2235.6
13.0
0.0
0.0
0.0
4.0
2235.0
13.0
0.53400004
0.0
0.0
4.0
2235.6
13.0
0.0
0.0
0.0
4.0
2235.0
13.0
0.53400004
0.0
0.0
4.0
2235.6
13.0
0.0
0.0
0.0
4.0
2235.0
13.0
0.53400004
0.0
0.0
4.0
2235.6
13.0
0.0
0.0
0.0
4.0
2235.0
13.0
0.53400004
0.0
0.0
4.0
2235.6
13.0
1.00926
0.0
0.0
4.0
2236.7341
13.0
1.4322414
0.0
0.0
4.0
2238.3435
13.0
1.8086947
0.0
0.0
4.0
2240.3757
13.0
2.1437383
0.0
0.0
4.0
2242.7844
13.0
2.441927
0.0
0.0
4.0
2245.528
13.0
2.707315
0.0
0.0
4.0
2248.57
13.0
2.9435103
0.0
0.0
4.0
2251.8774
13.0
3.1537242
0.0
0.0
4.0
2255.421
13.0
3.3408144
0.0
0.0
4.0
2259.1746
13.0
3.507325
0.0
0.0
4.0
2263.1155
13.0
3.6555192
0.0
0.0
4.0
2267.223
13.0
3.7874122
0.0
0.0
4.0
2271.4785
13.0
3.9047966
0.0
0.0
4.0
2275.866
13.0
4.0092688
0.0
0.0
4.0
2280.3708
13.0
4.102249
0.0
0.0
4.0
2284.9802
13.0
4.1850014
0.0
0.0
4.0
2289.6824
13.0
4.2586513
0.0
0.0
4.0
2294.4673
13.0
4.3241997
0.0
0.0
4.0
2299.326
13.0
4.3825374
0.0
0.0
4.0
2304.2502
13.0
4.4344583
0.0
0.0
4.0
2309.2327
13.0
4.4806676
0.0
0.0
4.0
2314.267
13.0
4.521794
0.0
0.0
4.0
2319.3477
13.0
4.5583963
0.0
0.0
4.0
2324.4695
13.0
4.5909724
0.0
0.0
4.0
2329.628
13.0
4.619965
0.0
0.0
4.0
2334.8188
13.0
4.6457686
0.0
0.0
4.0
2340.0388
13.0
4.668734
0.0
0.0
4.0
2345.2847
13.0
4.689173
0.0
0.0
4.0
2350.5535
13.0
4.707364
0.0
0.0
4.0
2355.8425
13.0
4.7235537
0.0
0.0
4.0
2361.15
13.0
4.7379627
0.0
0.0
4.0
2366.4734
13.0
4.750787
0.0
0.0
4.0
2371.8113
13.0
4.7622
0.0
0.0
4.0
2377.162
13.0
4.772358
0.0
0.0
4.0
2382.5244
13.0
4.7813983
0.0
0.0
4.0
2387.8967
13.0
4.7894444
0.0
0.0
4.0
2393.278
13.0
4.7966056
0.0
0.0
4.0
2398.6675
13.0
4.802979
0.0
0.0
4.0
2404.064
13.0
4.274651
0.0
0.0
4.0
2408.867
13.0
0.0
0.0
0.0
4.0
2411.0
13.0
0.0
0.0
0.0
4.0
2411.0
13.0
0.0
0.0
0.0
4.0
2411.0
13.0
0.0
0.0
0.0
4.0
2411.0
13.0
0.0
0.0
0.0
4.0
2411.0
13.0
0.0
0.0
0.0
4.0
2411.0
13.0
0.53400004
0.0
0.0
4.0
2411.6
13.0
1.00926
0.0
0.0
4.0
2412.7341
13.0
1.4322414
0.0
0.0
4.0
2414.3435
13.0
1.8086947
0.0
0.0
4.0
2416.3757
13.0
2.1437383
0.0
0.0
4.0
2418.7844
13.0
2.441927
0.0
0.0
4.0
2421.528
13.0
2.707315
0.0
0.0
4.0
2424.57
13.0
2.9435103
0.0
0.0
4.0
2427.8774
13.0
3.1537242
0.0
0.0
4.0
2431.421
13.0
3.3408144
0.0
0.0
4.0
2435.1746
13.0
3.507325
0.0
0.0
4.0
2439.1155
13.0
3.6555192
0.0
0.0
4.0
2443.223
13.0
3.7874122
0.0
0.0
4.0
2447.4785
13.0
3.9047966
0.0
0.0
4.0
2451.866
13.0
4.0092688
0.0
0.0
4.0
2456.3708
13.0
4.102249
0.0
0.0
4.0
2460.9802
13.0
4.1850014
0.0
0.0
4.0
2465.6824
13.0
4.2586513
0.0
0.0
4.0
2470.4673
13.0
4.3241997
0.0
0.0
4.0
2475.326
13.0
4.3825374
0.0
0.0
4.0
2480.2502
13.0
4.4344583
0.0
0.0
4.0
2485.2327
13.0
4.4806676
0.0
0.0
4.0
2490.267
13.0
4.521794
0.0
0.0
4.0
2495.3477
13.0
4.5583963
0.0
0.0
4.0
2500.4695
13.0
4.5909724
0.0
0.0
4.0
2505.628
13.0
4.619965
0.0
0.0
4.0
2510.8188
13.0
4.6457686
0.0
0.0
4.0
2516.0388
13.0
4.668734
0.0
0.0
4.0
2521.2847
13.0
4.689173
0.0
0.0
4.0
2526.5535
13.0
4.707364
0.0
0.0
4.0
2531.8425
13.0
4.7235537
0.0
0.0
4.0
2537.15
13.0
4.7379627
0.0
0.0
4.0
2542.4734
13.0
4.750787
0.0
0.0
4.0
2547.8113
13.0
4.7622
0.0
0.0
4.0
2553.162
13.0
4.772358
0.0
0.0
4.0
2558.5244
13.0
4.7813983
0.0
0.0
4.0
2563.8967
13.0
4.7894444
0.0
0.0
4.0
2569.278
13.0
4.7966056
0.0
0.0
4.0
2574.6675
13.0
4.802979
0.0
0.0
4.0
2580.064
13.0
4.808651
0.0
0.0
4.0
2585.467
13.0
4.8136992
0.0
0.0
4.0
2590.8757
13.0
4.818192
0.0
0.0
4.0
2596.2896
13.0
4.8221908
0.0
0.0
4.0
2601.7078
13.0
4.8257494
0.0
0.0
4.0
2607.13
13.0
4.828917
0.0
0.0
4.0
2612.5557
13.0
4.831736
0.0
0.0
4.0
2617.9846
13.0
4.8342447
0.0
0.0
4.0
2623.4163
13.0
4.8364778
0.0
0.0
4.0
2628.8506
13.0
4.838465
0.0
0.0
4.0
2634.287
13.0
4.840234
0.0
0.0
4.0
2639.7256
13.0
4.841808
0.0
0.0
4.0
2645.1658
13.0
4.843209
0.0
0.0
4.0
2650.6077
13.0
4.8444557
0.0
0.0
4.0
2656.0508
13.0
4.8455653
0.0
0.0
4.0
2661.495
13.0
4.846553
0.0
0.0
4.0
2666.9407
13.0
4.8474317
0.0
0.0
4.0
2672.3872
13.0
4.848214
0.0
0.0
4.0
2677.8347
13.0
4.8489103
0.0
0.0
4.0
2683.283
13.0
4.84953
0.0
0.0
4.0
2688.732
13.0
4.316082
0.0
0.0
4.0
2693.5815
13.0
3.841313
0.0
0.0
4.0
2697.8977
13.0
3.4187684
0.0
0.0
4.0
2701.739
13.0
3.0427039
0.0
0.0
4.0
2705.1577
13.0
2.7080064
0.0
0.0
4.0
2708.2004
13.0
2.4101257
0.0
0.0
4.0
2710.9084
13.0
2.145012
0.0
0.0
4.0
2713.3186
13.0
1.9090606
0.0
0.0
4.0
2715.4636
13.0
1.6990639
0.0
0.0
4.0
2717.3728
13.0
1.5121669
0.0
0.0
4.0
2719.0718
13.0
1.3458285
0.0
0.0
4.0
2720.584
13.0
1.1977874
0.0
0.0
4.0
2721.93
13.0
1.6000308
0.0
0.0
4.0
2723.7278
13.0
1.9580274
0.0
0.0
4.0
2725.9277
13.0
2.2766442
0.0
0.0
4.0
2728.4858
13.0
2.5602133
0.0
0.0
4.0
2731.3625
13.0
2.81259
0.0
0.0
4.0
2734.5227
13.0
2.503205
0.0
0.0
4.0
2737.3352
13.0
1.6938524
0.0
0.0
4.0
2739.2385
13.0
0.9735286
0.0
0.0
4.0
2740.3323
14.0
0.0
0.0
0.0
4.0
2740.3323
14.0
0.53400004
0.0
0.0
4.0
2740.9324
14.0
1.00926
0.0
0.0
4.0
2742.0664
14.0
1.4322414
0.0
0.0
4.0
2743.6758
14.0
1.8086947
0.0
0.0
4.0
2745.708
14.0
2.1437383
0.0
0.0
4.0
2748.1167
14.0
2.441927
0.0
0.0
4.0
2750.8604
15.0
2.707315
0.0
0.0
4.0
2753.9023
15.0
2.4095104
0.0
0.0
4.0
2756.6096
15.0
2.6784644
0.0
0.0
4.0
2759.6191
15.0
2.917833
0.0
0.0
4.0
2762.8977
15.0
3.1308715
0.0
0.0
4.0
2766.4155
15.0
3.3204758
0.0
0.0
4.0
2770.1465
15.0
3.4892235
0.0
0.0
4.0
2774.067
15.0
3.6394088
0.0
0.0
4.0
2778.156
15.0
3.773074
0.0
0.0
4.0
2782.3955
15.0
3.892036
0.0
0.0
4.0
2786.7686
15.0
3.997912
0.0
0.0
4.0
2791.2605
15.0
4.0921416
0.0
0.0
4.0
2795.8584
15.0
4.176006
0.0
0.0
4.0
2800.5505
15.0
4.250645
0.0
0.0
4.0
2805.3267
15.0
4.317074
0.0
0.0
4.0
2810.1772
15.0
4.3761954
0.0
0.0
4.0
2815.0942
15.0
4.428814
0.0
0.0
4.0
2820.0703
15.0
4.475644
0.0
0.0
4.0
2825.099
15.0
4.517323
0.0
0.0
4.0
2830.1748
15.0
4.554417
0.0
0.0
4.0
2835.2922
15.0
4.587431
0.0
0.0
4.0
2840.4465
15.0
4.616813
0.0
0.0
4.0
2845.634
15.0
4.6429634
0.0
0.0
4.0
2850.8508
15.0
4.6662374
0.0
0.0
4.0
2856.0938
15.0
4.686951
0.0
0.0
4.0
2861.36
15.0
4.705386
0.0
0.0
4.0
2866.647
15.0
4.7217937
0.0
0.0
4.0
2871.9524
15.0
4.7363963
0.0
0.0
4.0
2877.2742
15.0
4.7493925
0.0
0.0
4.0
2882.6106
15.0
4.760959
0.0
0.0
4.0
2887.96
15.0
4.7712536
0.0
0.0
4.0
2893.3208
15.0
4.7804155
0.0
0.0
4.0
2898.6921
15.0
4.7885695
0.0
0.0
4.0
2904.0725
15.0
4.7958264
0.0
0.0
4.0
2909.4612
15.0
4.802285
0.0
0.0
4.0
2914.857
15.0
4.8080335
0.0
0.0
4.0
2920.2593
15.0
4.8131495
0.0
0.0
4.0
2925.6672
15.0
4.817703
0.0
0.0
4.0
2931.0803
15.0
4.8217554
0.0
0.0
4.0
2936.498
15.0
4.825362
0.0
0.0
4.0
2941.92
15.0
4.8285723
0.0
0.0
4.0
2947.3452
15.0
4.831429
0.0
0.0
4.0
2952.7737
15.0
4.8339715
0.0
0.0
4.0
2958.205
15.0
4.8362346
0.0
0.0
4.0
2963.6392
15.0
4.8382487
0.0
0.0
4.0
2969.0754
15.0
0.0
0.0
0.0
4.0
2971.0
15.0
0.53400004
0.0
0.0
4.0
2971.6
15.0
0.0
0.0
0.0
4.0
2971.0
15.0
0.53400004
0.0
0.0
4.0
2971.6
15.0
1.00926
0.0
0.0
4.0
2972.7341
15.0
1.4322414
0.0
0.0
4.0
2974.3435
15.0
1.8086947
0.0
0.0
4.0
2976.3757
15.0
2.1437383
0.0
0.0
4.0
2978.7844
15.0
2.441927
0.0
0.0
4.0
2981.528
15.0
2.707315
0.0
0.0
4.0
2984.57
15.0
2.9435103
0.0
0.0
4.0
2987.8774
15.0
3.1537242
0.0
0.0
4.0
2991.421
15.0
3.3408144
0.0
0.0
4.0
2995.1746
15.0
3.507325
0.0
0.0
4.0
2999.1155
15.0
3.6555192
0.0
0.0
4.0
3003.223
15.0
0.0
0.0
0.0
4.0
3003.0
15.0
0.53400004
0.0
0.0
4.0
3003.6
15.0
0.0
0.0
0.0
4.0
3003.0
15.0
0.53400004
0.0
0.0
4.0
3003.6
15.0
0.0
0.0
0.0
4.0
3003.0
15.0
0.53400004
0.0
0.0
4.0
3003.6
15.0
1.00926
0.0
0.0
4.0
3004.7341
15.0
1.4322414
0.0
0.0
4.0
3006.3435
15.0
1.8086947
0.0
0.0
4.0
3008.3757
15.0
2.1437383
0.0
0.0
4.0
3010.7844
15.0
2.441927
0.0
0.0
4.0
3013.528
15.0
2.707315
0.0
0.0
4.0
3016.57
15.0
2.9435103
0.0
0.0
4.0
3019.8774
15.0
3.1537242
0.0
0.0
4.0
3023.421
15.0
3.3408144
0.0
0.0
4.0
3027.1746
15.0
3.507325
0.0
0.0
4.0
3031.1155
15.0
3.6555192
0.0
0.0
4.0
3035.223
15.0
3.7874122
0.0
0.0
4.0
3039.4785
15.0
3.9047966
0.0
0.0
4.0
3043.866
15.0
4.0092688
0.0
0.0
4.0
3048.3708
15.0
4.102249
0.0
0.0
4.0
3052.9802
15.0
4.1850014
0.0
0.0
4.0
3057.6824
15.0
4.2586513
0.0
0.0
4.0
3062.4673
15.0
4.3241997
0.0
0.0
4.0
3067.326
15.0
4.3825374
0.0
0.0
4.0
3072.2502
15.0
4.4344583
0.0
0.0
4.0
3077.2327
15.0
4.4806676
0.0
0.0
4.0
3082.267
15.0
4.521794
0.0
0.0
4.0
3087.3477
15.0
4.5583963
0.0
0.0
4.0
3092.4695
15.0
4.5909724
0.0
0.0
4.0
3097.628
15.0
4.619965
0.0
0.0
4.0
3102.8188
15.0
4.6457686
0.0
0.0
4.0
3108.0388
15.0
4.668734
0.0
0.0
4.0
3113.2847
15.0
4.689173
0.0
0.0
4.0
3118.5535
15.0
4.707364
0.0
0.0
4.0
3123.8425
15.0
4.7235537
0.0
0.0
4.0
3129.15
15.0
4.7379627
0.0
0.0
4.0
3134.4734
15.0
4.750787
0.0
0.0
4.0
3139.8113
15.0
4.7622
0.0
0.0
4.0
3145.162
15.0
4.772358
0.0
0.0
4.0
3150.5244
15.0
4.7813983
0.0
0.0
4.0
3155.8967
15.0
4.7894444
0.0
0.0
4.0
3161.278
15.0
4.7966056
0.0
0.0
4.0
3166.6675
15.0
0.0
0.0
0.0
4.0
3168.0
15.0
