920, 6
0.0
0.0
0.0
4.0
56.0
0.0
0.0
0.0
0.0
4.0
56.0
0.0
0.0
0.0
0.0
4.0
56.0
0.0
0.0
0.0
0.0
4.0
56.0
0.0
0.0
0.0
0.0
4.0
56.0
0.0
0.0
0.0
0.0
4.0
56.0
0.0
0.0
0.0
0.0
4.0
56.0
0.0
0.53400004
0.0
0.0
4.0
56.6
0.0
1.00926
0.0
0.0
4.0
57.733997
0.0
1.4322414
0.0
0.0
4.0
59.343258
0.0
1.8086947
0.0
0.0
4.0
61.3755
0.0
2.1437383
0.0
0.0
4.0
63.784195
0.0
2.441927
0.0
0.0
4.0
66.52793
0.0
2.707315
0.0
0.0
4.0
69.569855
0.0
2.9435103
0.0
0.0
4.0
72.87717
0.0
3.1537242
0.0
0.0
4.0
76.42068
0.0
3.3408144
0.0
0.0
4.0
80.1744
0.0
3.507325
0.0
0.0
4.0
84.11521
0.0
3.6555192
0.0
0.0
4.0
88.222534
0.0
3.7874122
0.0
0.0
4.0
92.47805
0.0
3.9047966
0.0
0.0
4.0
96.86546
0.0
4.0092688
0.0
0.0
4.0
101.37026
0.0
4.102249
0.0
0.0
4.0
105.97953
0.0
4.1850014
0.0
0.0
4.0
110.68178
0.0
4.2586513
0.0
0.0
4.0
115.46678
0.0
4.3241997
0.0
0.0
4.0
120.32543
0.0
4.3825374
0.0
0.0
4.0
125.24963
0.0
4.4344583
0.0
0.0
4.0
130.23218
0.0
4.4806676
0.0
0.0
4.0
135.26663
0.0
4.521794
0.0
0.0
4.0
140.3473
0.0
4.5583963
0.0
0.0
4.0
145.4691
0.0
4.5909724
0.0
0.0
4.0
150.6275
0.0
4.619965
0.0
0.0
4.0
155.81848
0.0
4.6457686
0.0
0.0
4.0
161.03845
0.0
4.668734
0.0
0.0
4.0
166.28423
0.0
4.689173
0.0
0.0
4.0
171.55296
0.0
4.707364
0.0
0.0
4.0
176.84213
0.0
4.7235537
0.0
0.0
4.0
182.14949
0.0
4.7379627
0.0
0.0
4.0
187.47304
0.0
4.750787
0.0
0.0
4.0
192.811
0.0
4.7622
0.0
0.0
4.0
198.16179
0.0
4.772358
0.0
0.0
4.0
203.52399
0.0
4.7813983
0.0
0.0
4.0
208.89635
0.0
4.7894444
0.0
0.0
4.0
214.27774
0.0
4.7966056
0.0
0.0
4.0
219.66719
0.0
4.802979
0.0
0.0
4.0
225.0638
0.0
4.808651
0.0
0.0
4.0
230.46678
0.0
4.8136992
0.0
0.0
4.0
235.87543
0.0
4.818192
0.0
0.0
4.0
241.28912
0.0
4.8221908
0.0
0.0
4.0
246.70732
0.0
4.8257494
0.0
0.0
4.0
252.12952
0.0
4.828917
0.0
0.0
4.0
257.55527
0.0
4.831736
0.0
0.0
4.0
262.9842
0.0
4.8342447
0.0
0.0
4.0
268.41592
0.0
4.8364778
0.0
0.0
4.0
273.85016
0.0
4.838465
0.0
0.0
4.0
279.28662
0.0
4.840234
0.0
0.0
4.0
284.7251
0.0
4.307808
0.0
0.0
4.0
289.56534
0.0
3.833949
0.0
0.0
4.0
293.87314
0.0
3.4122145
0.0
0.0
4.0
297.7071
0.0
3.036871
0.0
0.0
4.0
301.1193
0.0
2.1688151
0.0
0.0
4.0
303.55615
0.0
1.3962455
0.0
0.0
4.0
305.12497
0.0
1.2426585
0.0
0.0
4.0
306.5212
0.0
1.639966
0.0
0.0
4.0
308.36386
1.0
1.9935696
0.0
0.0
4.0
310.60382
1.0
2.3082771
0.0
0.0
4.0
313.1974
1.0
2.5883665
0.0
0.0
4.0
316.10565
1.0
2.837646
0.0
0.0
4.0
319.294
1.0
3.0595047
0.0
0.0
4.0
322.73166
1.0
3.2569592
0.0
0.0
4.0
326.39117
1.0
3.4326937
0.0
0.0
4.0
330.24814
1.0
3.5890975
0.0
0.0
4.0
334.28082
1.0
3.7282965
0.0
0.0
4.0
338.4699
1.0
3.852184
0.0
0.0
4.0
342.79822
1.0
3.9624438
0.0
0.0
4.0
347.2504
1.0
4.060575
0.0
0.0
4.0
351.81284
1.0
4.1479115
0.0
0.0
4.0
356.47342
1.0
4.2256413
0.0
0.0
4.0
361.22134
1.0
4.294821
0.0
0.0
4.0
366.047
1.0
4.3563905
0.0
0.0
4.0
370.9418
1.0
4.411187
0.0
0.0
4.0
375.8982
1.0
4.4599566
0.0
0.0
4.0
380.9094
1.0
4.503361
0.0
0.0
4.0
385.96936
1.0
4.541991
0.0
0.0
4.0
391.07272
1.0
4.576372
0.0
0.0
4.0
396.21472
1.0
4.6069713
0.0
0.0
4.0
401.39108
1.0
4.6342044
0.0
0.0
4.0
406.59805
1.0
4.6584415
0.0
0.0
4.0
411.83224
1.0
4.6800127
0.0
0.0
4.0
417.0907
1.0
4.699211
0.0
0.0
4.0
422.3707
1.0
4.7162976
0.0
0.0
4.0
427.66992
1.0
4.731505
0.0
0.0
4.0
432.9862
1.0
4.745039
0.0
0.0
4.0
438.31772
1.0
4.7570844
0.0
0.0
4.0
443.66275
1.0
4.767805
0.0
0.0
4.0
449.01984
1.0
4.7773466
0.0
0.0
4.0
454.38763
1.0
4.785838
0.0
0.0
4.0
459.76498
1.0
4.793396
0.0
0.0
4.0
465.15082
1.0
4.8001223
0.0
0.0
4.0
470.54422
1.0
4.8061085
0.0
0.0
4.0
475.94434
1.0
4.811436
0.0
0.0
4.0
481.35043
1.0
4.816178
0.0
0.0
4.0
486.76187
1.0
4.8203983
0.0
0.0
4.0
492.17804
1.0
4.8241544
0.0
0.0
4.0
497.59845
1.0
4.827497
0.0
0.0
4.0
503.0226
1.0
4.830472
0.0
0.0
4.0
508.4501
1.0
4.83312
0.0
0.0
4.0
513.88055
1.0
4.8354764
0.0
0.0
4.0
519.31366
1.0
4.837574
0.0
0.0
4.0
524.74915
1.0
4.839441
0.0
0.0
4.0
530.1867
1.0
4.841102
0.0
0.0
4.0
535.62616
1.0
4.842581
0.0
0.0
4.0
541.06726
1.0
4.843897
0.0
0.0
4.0
546.5098
1.0
4.845068
0.0
0.0
4.0
551.95374
1.0
4.8461103
0.0
0.0
4.0
557.3988
1.0
4.8470383
0.0
0.0
4.0
562.8449
1.0
4.8478637
0.0
0.0
4.0
568.29193
1.0
4.8485985
0.0
0.0
4.0
573.7398
1.0
4.8492527
0.0
0.0
4.0
579.1884
1.0
4.849835
0.0
0.0
4.0
584.6377
1.0
4.850353
0.0
0.0
4.0
590.0875
1.0
4.850814
0.0
0.0
4.0
595.5379
1.0
4.851224
0.0
0.0
4.0
600.9887
1.0
4.851589
0.0
0.0
4.0
606.43994
1.0
4.8519144
0.0
0.0
4.0
611.89154
1.0
4.852204
0.0
0.0
4.0
617.34344
1.0
4.8524613
0.0
0.0
4.0
622.79565
1.0
4.85269
0.0
0.0
4.0
628.2481
1.0
4.8528943
0.0
0.0
4.0
633.7008
1.0
4.853076
0.0
0.0
4.0
639.1537
1.0
4.8532376
0.0
0.0
4.0
644.60675
1.0
4.853381
0.0
0.0
4.0
650.06
1.0
4.853509
0.0
0.0
4.0
655.51337
1.0
4.853623
0.0
0.0
4.0
660.96686
1.0
4.853724
0.0
0.0
4.0
666.4205
1.0
4.853814
0.0
0.0
4.0
671.8742
2.0
4.853894
0.0
0.0
4.0
677.328
2.0
4.8539658
0.0
0.0
4.0
682.7819
2.0
4.854029
0.0
0.0
4.0
688.2359
2.0
4.854086
0.0
0.0
4.0
693.68994
2.0
4.8541365
0.0
0.0
4.0
699.14404
2.0
4.8541813
0.0
0.0
4.0
704.5982
2.0
4.8542213
0.0
0.0
4.0
710.05237
2.0
4.8542566
0.0
0.0
4.0
715.5066
2.0
4.854288
0.0
0.0
4.0
720.9609
2.0
4.854316
0.0
0.0
4.0
726.41516
2.0
4.8543415
0.0
0.0
4.0
731.8695
2.0
0.0
0.0
0.0
4.0
731.0
2.0
0.53400004
0.0
0.0
4.0
731.6
2.0
0.0
0.0
0.0
4.0
731.0
2.0
0.53400004
0.0
0.0
4.0
731.6
2.0
0.0
0.0
0.0
4.0
731.0
2.0
0.53400004
0.0
0.0
4.0
731.6
2.0
0.0
0.0
0.0
4.0
731.0
2.0
0.53400004
0.0
0.0
4.0
731.6
2.0
1.00926
0.0
0.0
4.0
732.73395
2.0
1.4322414
0.0
0.0
4.0
734.3432
2.0
1.8086947
0.0
0.0
4.0
736.3754
2.0
2.1437383
0.0
0.0
4.0
738.7841
2.0
2.441927
0.0
0.0
4.0
741.52783
2.0
2.707315
0.0
0.0
4.0
744.56976
2.0
2.9435103
0.0
0.0
4.0
747.8771
2.0
3.1537242
0.0
0.0
4.0
751.4206
2.0
3.3408144
0.0
0.0
4.0
755.1743
2.0
3.507325
0.0
0.0
4.0
759.1151
2.0
3.6555192
0.0
0.0
4.0
763.2224
2.0
3.7874122
0.0
0.0
4.0
767.4779
2.0
3.9047966
0.0
0.0
4.0
771.8653
2.0
4.0092688
0.0
0.0
4.0
776.3701
2.0
4.102249
0.0
0.0
4.0
780.9794
2.0
4.1850014
0.0
0.0
4.0
785.68164
2.0
4.2586513
0.0
0.0
4.0
790.4666
2.0
4.3241997
0.0
0.0
4.0
795.32526
2.0
3.8485377
0.0
0.0
4.0
799.6495
2.0
2.8911984
0.0
0.0
4.0
802.898
3.0
2.0391665
0.0
0.0
4.0
805.1892
3.0
1.280858
0.0
0.0
4.0
806.62836
3.0
1.6739637
0.0
0.0
4.0
808.5092
3.0
2.0238276
0.0
0.0
4.0
810.7832
3.0
2.3352065
0.0
0.0
4.0
813.40704
3.0
2.6123338
0.0
0.0
4.0
816.3422
3.0
2.8589768
0.0
0.0
4.0
819.55457
3.0
3.0784893
0.0
0.0
4.0
823.01355
3.0
3.2738554
0.0
0.0
4.0
826.692
3.0
3.4477315
0.0
0.0
4.0
830.56586
4.0
3.602481
0.0
0.0
4.0
834.6136
4.0
3.740208
0.0
0.0
4.0
838.81604
4.0
3.862785
0.0
0.0
4.0
843.15625
4.0
3.9718788
0.0
0.0
4.0
847.619
4.0
4.068972
0.0
0.0
4.0
852.1909
4.0
4.155385
0.0
0.0
4.0
856.85986
4.0
4.2322927
0.0
0.0
4.0
861.61523
4.0
4.3007402
0.0
0.0
4.0
866.4475
4.0
4.3616586
0.0
0.0
4.0
871.34827
4.0
4.415876
0.0
0.0
4.0
876.30994
4.0
4.4641294
0.0
0.0
4.0
881.3258
4.0
4.507075
0.0
0.0
4.0
886.38995
4.0
4.5452967
0.0
0.0
4.0
891.497
4.0
4.5793138
0.0
0.0
4.0
896.64233
4.0
4.609589
0.0
0.0
4.0
901.82166
4.0
4.636534
0.0
0.0
4.0
907.03125
4.0
0.0
0.0
0.0
4.0
907.0
4.0
0.53400004
0.0
0.0
4.0
907.6
4.0
1.00926
0.0
0.0
4.0
908.73395
4.0
1.4322414
0.0
0.0
4.0
910.3432
4.0
1.8086947
0.0
0.0
4.0
912.3754
4.0
2.1437383
0.0
0.0
4.0
914.7841
4.0
2.441927
0.0
0.0
4.0
917.52783
4.0
2.707315
0.0
0.0
4.0
920.56976
4.0
2.9435103
0.0
0.0
4.0
923.8771
4.0
3.1537242
0.0
0.0
4.0
927.4206
4.0
3.3408144
0.0
0.0
4.0
931.1743
4.0
3.507325
0.0
0.0
4.0
935.1151
4.0
3.6555192
0.0
0.0
4.0
939.2224
4.0
3.7874122
0.0
0.0
4.0
943.4779
4.0
3.9047966
0.0
0.0
4.0
947.8653
4.0
4.0092688
0.0
0.0
4.0
952.3701
4.0
4.102249
0.0
0.0
4.0
956.9794
4.0
4.1850014
0.0
0.0
4.0
961.68164
4.0
4.2586513
0.0
0.0
4.0
966.4666
4.0
4.3241997
0.0
0.0
4.0
971.32526
4.0
4.3825374
0.0
0.0
4.0
976.24945
4.0
4.4344583
0.0
0.0
4.0
981.232
4.0
4.4806676
0.0
0.0
4.0
986.2665
4.0
4.521794
0.0
0.0
4.0
991.34717
4.0
4.5583963
0.0
0.0
4.0
996.46893
4.0
4.5909724
0.0
0.0
4.0
1001.6273
4.0
4.619965
0.0
0.0
4.0
1006.8183
4.0
4.6457686
0.0
0.0
4.0
1012.03827
4.0
4.668734
0.0
0.0
4.0
1017.28406
4.0
4.689173
0.0
0.0
4.0
1022.5528
4.0
4.707364
0.0
0.0
4.0
1027.8419
4.0
4.7235537
0.0
0.0
4.0
1033.1493
4.0
4.7379627
0.0
0.0
4.0
1038.4729
4.0
4.750787
0.0
0.0
4.0
1043.8109
4.0
4.7622
0.0
0.0
4.0
1049.1617
4.0
4.772358
0.0
0.0
4.0
1054.5239
4.0
4.7813983
0.0
0.0
4.0
1059.8962
4.0
4.7894444
0.0
0.0
4.0
1065.2776
4.0
4.7966056
0.0
0.0
4.0
1070.667
4.0
4.802979
0.0
0.0
4.0
1076.0636
4.0
4.808651
0.0
0.0
4.0
1081.4666
4.0
4.8136992
0.0
0.0
4.0
1086.8752
4.0
4.818192
0.0
0.0
4.0
1092.289
4.0
4.8221908
0.0
0.0
4.0
1097.7072
4.0
4.8257494
0.0
0.0
4.0
1103.1294
4.0
4.828917
0.0
0.0
4.0
1108.5552
4.0
4.831736
0.0
0.0
4.0
1113.9841
4.0
4.8342447
0.0
0.0
4.0
1119.4159
4.0
4.8364778
0.0
0.0
4.0
1124.8501
4.0
4.838465
0.0
0.0
4.0
1130.2866
4.0
4.840234
0.0
0.0
4.0
1135.7251
4.0
4.841808
0.0
0.0
4.0
1141.1653
4.0
4.843209
0.0
0.0
4.0
1146.607
4.0
4.8444557
0.0
0.0
4.0
1152.0503
4.0
4.8455653
0.0
0.0
4.0
1157.4948
4.0
4.846553
0.0
0.0
4.0
1162.9403
4.0
4.8474317
0.0
0.0
4.0
1168.3868
4.0
4.314214
0.0
0.0
4.0
1173.2343
4.0
3.3056507
0.0
0.0
4.0
1176.9485
4.0
2.408029
0.0
0.0
4.0
1179.6542
4.0
1.6091459
0.0
0.0
4.0
1181.4622
4.0
0.8981398
0.0
0.0
4.0
1182.4713
4.0
0.0
0.0
0.0
4.0
1182.4713
4.0
-0.53400004
0.0
0.0
4.0
1181.8713
4.0
-1.00926
0.0
0.0
4.0
1180.7373
4.0
-1.4322414
0.0
0.0
4.0
1179.128
4.0
-1.2746949
0.0
0.0
4.0
1177.6958
4.0
-1.1344784
0.0
0.0
4.0
1176.4211
4.0
-1.0096858
0.0
0.0
4.0
1175.2866
4.0
-0.8986203
0.0
0.0
4.0
1174.277
4.0
-0.7997721
0.0
0.0
4.0
1173.3784
4.0
-0.7117971
0.0
0.0
4.0
1172.5786
4.0
-0.63349944
0.0
0.0
4.0
1171.8668
4.0
-0.5638145
0.0
0.0
4.0
1171.2333
4.0
0.0
0.0
0.0
4.0
1171.2333
4.0
0.53400004
0.0
0.0
4.0
1171.8333
4.0
1.00926
0.0
0.0
4.0
1172.9673
4.0
1.4322414
0.0
0.0
4.0
1174.5765
4.0
1.8086947
0.0
0.0
4.0
1176.6088
4.0
2.1437383
0.0
0.0
4.0
1179.0175
4.0
2.441927
0.0
0.0
4.0
1181.7612
4.0
2.707315
0.0
0.0
4.0
1184.8031
4.0
2.9435103
0.0
0.0
4.0
1188.1105
4.0
2.619724
0.0
0.0
4.0
1191.054
4.0
2.3315544
0.0
0.0
4.0
1193.6737
4.0
2.0750835
0.0
0.0
4.0
1196.0052
4.0
1.8468243
0.0
0.0
4.0
1198.0803
4.0
1.6436735
0.0
0.0
4.0
1199.9271
5.0
0.9288694
0.0
0.0
4.0
1200.9708
5.0
0.0
0.0
0.0
4.0
1200.9708
5.0
-0.53400004
0.0
0.0
4.0
1200.3708
5.0
-1.00926
0.0
0.0
4.0
1199.2368
5.0
-1.4322414
0.0
0.0
4.0
1197.6276
5.0
-1.8086947
0.0
0.0
4.0
1195.5953
5.0
-2.1437383
0.0
0.0
4.0
1193.1866
5.0
-2.441927
0.0
0.0
4.0
1190.4429
5.0
-2.707315
0.0
0.0
4.0
1187.401
5.0
-2.4095104
0.0
0.0
4.0
1184.6937
5.0
-2.1444643
0.0
0.0
4.0
1182.2842
5.0
-1.9085732
0.0
0.0
4.0
1180.1398
5.0
-1.6986301
0.0
0.0
4.0
1178.2312
5.0
-1.5117807
0.0
0.0
4.0
1176.5326
5.0
-1.3454849
0.0
0.0
4.0
1175.0208
5.0
-1.1974815
0.0
0.0
4.0
1173.6753
5.0
-1.0657586
0.0
0.0
4.0
1172.4778
5.0
-0.94852513
0.0
0.0
4.0
1171.412
5.0
-0.8441874
0.0
0.0
4.0
1170.4635
5.0
-0.75132674
0.0
0.0
4.0
1169.6193
5.0
-0.6686808
0.0
0.0
4.0
1168.8679
5.0
-0.5951259
0.0
0.0
4.0
1168.1992
5.0
-0.5296621
0.0
0.0
4.0
1167.6041
5.0
-0.47139925
0.0
0.0
4.0
1167.0745
5.0
0.0
0.0
0.0
4.0
1167.0745
5.0
0.0
0.0
0.0
4.0
1167.0745
5.0
0.0
0.0
0.0
4.0
1167.0745
5.0
0.53400004
0.0
0.0
4.0
1167.6744
5.0
1.00926
0.0
0.0
4.0
1168.8085
5.0
1.4322414
0.0
0.0
4.0
1170.4177
5.0
1.8086947
0.0
0.0
4.0
1172.45
5.0
2.1437383
0.0
0.0
4.0
1174.8586
5.0
2.441927
0.0
0.0
4.0
1177.6024
5.0
2.707315
0.0
0.0
4.0
1180.6443
5.0
2.9435103
0.0
0.0
4.0
1183.9517
5.0
2.619724
0.0
0.0
4.0
1186.8951
5.0
2.3315544
0.0
0.0
4.0
1189.5149
5.0
2.0750835
0.0
0.0
4.0
1191.8464
5.0
1.8468243
0.0
0.0
4.0
1193.9215
5.0
1.6436735
0.0
0.0
4.0
1195.7683
5.0
1.4628694
0.0
0.0
4.0
1197.412
5.0
0.76795375
0.0
0.0
4.0
1198.2749
5.0
0.0
0.0
0.0
4.0
1198.2749
6.0
-0.53400004
0.0
0.0
4.0
1197.6749
6.0
-0.47526002
0.0
0.0
4.0
1197.1409
6.0
0.0
0.0
0.0
4.0
1197.1409
6.0
0.53400004
0.0
0.0
4.0
1197.7408
6.0
1.00926
0.0
0.0
4.0
1198.8749
6.0
1.4322414
0.0
0.0
4.0
1200.4841
6.0
1.8086947
0.0
0.0
4.0
1202.5164
6.0
2.1437383
0.0
0.0
4.0
1204.925
6.0
2.441927
0.0
0.0
4.0
1207.6688
6.0
2.707315
0.0
0.0
4.0
1210.7107
6.0
2.9435103
0.0
0.0
4.0
1214.0181
6.0
3.1537242
0.0
0.0
4.0
1217.5615
6.0
3.3408144
0.0
0.0
4.0
1221.3153
6.0
3.507325
0.0
0.0
4.0
1225.2561
6.0
3.6555192
0.0
0.0
4.0
1229.3634
6.0
3.7874122
0.0
0.0
4.0
1233.6189
6.0
3.9047966
0.0
0.0
4.0
1238.0063
6.0
4.0092688
0.0
0.0
4.0
1242.5111
6.0
4.102249
0.0
0.0
4.0
1247.1204
6.0
4.1850014
0.0
0.0
4.0
1251.8226
6.0
4.2586513
0.0
0.0
4.0
1256.6077
6.0
4.3241997
0.0
0.0
4.0
1261.4663
6.0
4.3825374
0.0
0.0
4.0
1266.3905
6.0
4.4344583
0.0
0.0
4.0
1271.373
6.0
4.4806676
0.0
0.0
4.0
1276.4075
6.0
4.521794
0.0
0.0
4.0
1281.4882
6.0
4.5583963
0.0
0.0
4.0
1286.61
6.0
4.5909724
0.0
0.0
4.0
1291.7684
6.0
4.619965
0.0
0.0
4.0
1296.9594
6.0
4.6457686
0.0
0.0
4.0
1302.1793
6.0
4.668734
0.0
0.0
4.0
1307.425
6.0
4.689173
0.0
0.0
4.0
1312.6937
6.0
4.707364
0.0
0.0
4.0
1317.9829
6.0
4.7235537
0.0
0.0
4.0
1323.2903
6.0
4.7379627
0.0
0.0
4.0
1328.6139
6.0
4.750787
0.0
0.0
4.0
1333.9519
6.0
4.7622
0.0
0.0
4.0
1339.3027
6.0
4.772358
0.0
0.0
4.0
1344.6649
6.0
4.7813983
0.0
0.0
4.0
1350.0372
6.0
4.7894444
0.0
0.0
4.0
1355.4186
6.0
4.7966056
0.0
0.0
4.0
1360.808
6.0
4.802979
0.0
0.0
4.0
1366.2046
6.0
4.808651
0.0
0.0
4.0
1371.6075
6.0
4.8136992
0.0
0.0
4.0
1377.0162
6.0
4.818192
0.0
0.0
4.0
1382.4299
6.0
4.8221908
0.0
0.0
4.0
1387.8481
6.0
4.8257494
0.0
0.0
4.0
1393.2704
6.0
4.828917
0.0
0.0
4.0
1398.6962
6.0
4.831736
0.0
0.0
4.0
1404.1251
6.0
4.8342447
0.0
0.0
4.0
1409.5569
6.0
4.8364778
0.0
0.0
4.0
1414.9911
6.0
4.838465
0.0
0.0
4.0
1420.4276
6.0
4.840234
0.0
0.0
4.0
1425.8661
6.0
4.307808
0.0
0.0
4.0
1430.7063
6.0
3.833949
0.0
0.0
4.0
1435.0142
6.0
3.4122145
0.0
0.0
4.0
1438.8481
6.0
3.036871
0.0
0.0
4.0
1442.2604
6.0
2.702815
0.0
0.0
4.0
1445.2972
6.0
2.4055054
0.0
0.0
4.0
1448.0
6.0
2.1409
0.0
0.0
4.0
1450.4055
6.0
2.439401
0.0
0.0
4.0
1453.1464
6.0
2.705067
0.0
0.0
4.0
1456.1858
6.0
2.9415097
0.0
0.0
4.0
1459.4908
6.0
3.1519434
0.0
0.0
4.0
1463.0323
6.0
3.3392298
0.0
0.0
4.0
1466.7843
6.0
2.9719145
0.0
0.0
4.0
1470.1235
6.0
2.6450038
0.0
0.0
4.0
1473.0955
6.0
1.8200535
0.0
0.0
4.0
1475.1405
6.0
1.0858475
0.0
0.0
4.0
1476.3606
6.0
0.0
0.0
0.0
4.0
1476.3606
6.0
-0.53400004
0.0
0.0
4.0
1475.7606
6.0
-1.00926
0.0
0.0
4.0
1474.6266
6.0
-1.4322414
0.0
0.0
4.0
1473.0173
7.0
-1.8086947
0.0
0.0
4.0
1470.9851
7.0
-2.1437383
0.0
0.0
4.0
1468.5764
7.0
-2.441927
0.0
0.0
4.0
1465.8326
7.0
-2.707315
0.0
0.0
4.0
1462.7908
7.0
-2.4095104
0.0
0.0
4.0
1460.0835
7.0
-2.1444643
0.0
0.0
4.0
1457.674
7.0
-1.9085732
0.0
0.0
4.0
1455.5295
7.0
-1.6986301
0.0
0.0
4.0
1453.621
7.0
-0.97778076
0.0
0.0
4.0
1452.5223
7.0
0.0
0.0
0.0
4.0
1452.5223
7.0
0.53400004
0.0
0.0
4.0
1453.1223
7.0
1.00926
0.0
0.0
4.0
1454.2563
7.0
1.4322414
0.0
0.0
4.0
1455.8656
7.0
1.8086947
0.0
0.0
4.0
1457.8978
7.0
2.1437383
0.0
0.0
4.0
1460.3065
7.0
2.441927
0.0
0.0
4.0
1463.0503
7.0
2.707315
0.0
0.0
4.0
1466.0922
7.0
2.4095104
0.0
0.0
4.0
1468.7994
7.0
2.1444643
0.0
0.0
4.0
1471.209
7.0
1.9085732
0.0
0.0
4.0
1473.3534
7.0
1.6986301
0.0
0.0
4.0
1475.262
7.0
1.5117807
0.0
0.0
4.0
1476.9606
7.0
1.3454849
0.0
0.0
4.0
1478.4724
7.0
1.1974815
0.0
0.0
4.0
1479.8179
8.0
1.5997585
0.0
0.0
4.0
1481.6154
8.0
1.957785
0.0
0.0
4.0
1483.8151
8.0
2.2764287
0.0
0.0
4.0
1486.3728
8.0
2.5600214
0.0
0.0
4.0
1489.2493
8.0
2.812419
0.0
0.0
4.0
1492.4093
8.0
3.0370526
0.0
0.0
4.0
1495.8218
8.0
3.2369766
0.0
0.0
4.0
1499.4589
8.0
3.4149091
0.0
0.0
4.0
1503.2959
8.0
3.5732691
0.0
0.0
4.0
1507.3108
8.0
3.7142096
0.0
0.0
4.0
1511.484
8.0
3.8396463
0.0
0.0
4.0
1515.7982
8.0
3.9512851
0.0
0.0
4.0
1520.2379
8.0
4.050644
0.0
0.0
4.0
1524.7892
8.0
4.139073
0.0
0.0
4.0
1529.4398
8.0
4.217775
0.0
0.0
4.0
1534.1788
8.0
4.2878194
0.0
0.0
4.0
1538.9966
8.0
4.350159
0.0
0.0
4.0
1543.8844
8.0
4.4056416
0.0
0.0
4.0
1548.8346
8.0
4.455021
0.0
0.0
4.0
1553.8402
8.0
4.4989686
0.0
0.0
4.0
1558.8953
8.0
4.538082
0.0
0.0
4.0
1563.9943
8.0
4.572893
0.0
0.0
4.0
1569.1323
8.0
4.6038747
0.0
0.0
4.0
1574.3052
8.0
4.6314483
0.0
0.0
4.0
1579.509
8.0
4.6559887
0.0
0.0
4.0
1584.7405
8.0
4.6778297
0.0
0.0
4.0
1589.9965
8.0
4.6972685
0.0
0.0
4.0
1595.2743
8.0
4.7145686
0.0
0.0
4.0
1600.5715
8.0
4.7299657
0.0
0.0
4.0
1605.8861
8.0
4.7436695
0.0
0.0
4.0
1611.2161
8.0
4.7558656
0.0
0.0
4.0
1616.5597
8.0
4.7667203
0.0
0.0
4.0
1621.9155
8.0
4.776381
0.0
0.0
4.0
1627.2822
8.0
4.784979
0.0
0.0
4.0
1632.6586
8.0
4.792631
0.0
0.0
4.0
1638.0436
8.0
4.7994413
0.0
0.0
4.0
1643.4362
8.0
4.8055024
0.0
0.0
4.0
1648.8356
8.0
4.810897
0.0
0.0
4.0
1654.2411
8.0
4.281698
0.0
0.0
4.0
1659.052
8.0
3.2767115
0.0
0.0
4.0
1662.7336
8.0
2.3822732
0.0
0.0
4.0
1665.4104
8.0
1.5862231
0.0
0.0
4.0
1667.1926
8.0
0.87773854
0.0
0.0
4.0
1668.1788
8.0
0.7811873
0.0
0.0
4.0
1669.0565
9.0
0.6952567
0.0
0.0
4.0
1669.8376
9.0
0.61877847
0.0
0.0
4.0
1670.533
9.0
0.5507128
0.0
0.0
4.0
1671.1517
9.0
0.49013442
0.0
0.0
4.0
1671.7024
9.0
0.0
0.0
0.0
4.0
1671.7024
9.0
0.0
0.0
0.0
4.0
1671.7024
9.0
0.0
0.0
0.0
4.0
1671.7024
9.0
0.0
0.0
0.0
4.0
1671.7024
9.0
0.0
0.0
0.0
4.0
1671.7024
9.0
0.0
0.0
0.0
4.0
1671.7024
9.0
0.0
0.0
0.0
4.0
1671.7024
9.0
0.0
0.0
0.0
4.0
1671.7024
9.0
0.0
0.0
0.0
4.0
1671.7024
9.0
0.0
0.0
0.0
4.0
1671.7024
9.0
0.0
0.0
0.0
4.0
1671.7024
9.0
0.0
0.0
0.0
4.0
1671.7024
9.0
0.0
0.0
0.0
4.0
1671.7024
9.0
0.0
0.0
0.0
4.0
1671.7024
9.0
0.53400004
0.0
0.0
4.0
1672.3024
9.0
1.00926
0.0
0.0
4.0
1673.4364
9.0
1.4322414
0.0
0.0
4.0
1675.0457
9.0
1.8086947
0.0
0.0
4.0
1677.0779
9.0
2.1437383
0.0
0.0
4.0
1679.4866
9.0
2.441927
0.0
0.0
4.0
1682.2303
9.0
2.707315
0.0
0.0
4.0
1685.2722
9.0
2.9435103
0.0
0.0
4.0
1688.5796
9.0
3.1537242
0.0
0.0
4.0
1692.123
9.0
3.3408144
0.0
0.0
4.0
1695.8768
9.0
3.507325
0.0
0.0
4.0
1699.8176
9.0
3.6555192
0.0
0.0
4.0
1703.9249
9.0
3.7874122
0.0
0.0
4.0
1708.1804
9.0
3.9047966
0.0
0.0
4.0
1712.5679
9.0
4.0092688
0.0
0.0
4.0
1717.0726
9.0
4.102249
0.0
0.0
4.0
1721.6819
9.0
4.1850014
0.0
0.0
4.0
1726.3842
9.0
4.2586513
0.0
0.0
4.0
1731.1692
9.0
4.3241997
0.0
0.0
4.0
1736.0278
9.0
4.3825374
0.0
0.0
4.0
1740.952
9.0
4.4344583
0.0
0.0
4.0
1745.9346
9.0
4.4806676
0.0
0.0
4.0
1750.969
9.0
4.521794
0.0
0.0
4.0
1756.0497
9.0
4.5583963
0.0
0.0
4.0
1761.1715
9.0
4.5909724
0.0
0.0
4.0
1766.33
9.0
4.619965
0.0
0.0
4.0
1771.5209
9.0
4.6457686
0.0
0.0
4.0
1776.7408
9.0
4.668734
0.0
0.0
4.0
1781.9866
9.0
4.689173
0.0
0.0
4.0
1787.2552
9.0
4.707364
0.0
0.0
4.0
1792.5444
9.0
4.7235537
0.0
0.0
4.0
1797.8518
9.0
4.7379627
0.0
0.0
4.0
1803.1754
9.0
4.750787
0.0
0.0
4.0
1808.5134
9.0
4.7622
0.0
0.0
4.0
1813.8643
9.0
4.772358
0.0
0.0
4.0
1819.2264
9.0
4.7813983
0.0
0.0
4.0
1824.5988
9.0
4.7894444
0.0
0.0
4.0
1829.9801
9.0
4.7966056
0.0
0.0
4.0
1835.3695
9.0
4.802979
0.0
0.0
4.0
1840.7661
9.0
4.808651
0.0
0.0
4.0
1846.1691
9.0
4.8136992
0.0
0.0
4.0
1851.5778
9.0
4.818192
0.0
0.0
4.0
1856.9915
9.0
4.8221908
0.0
0.0
4.0
1862.4097
9.0
4.8257494
0.0
0.0
4.0
1867.8319
9.0
4.828917
0.0
0.0
4.0
1873.2577
9.0
4.831736
0.0
0.0
4.0
1878.6866
9.0
4.8342447
0.0
0.0
4.0
1884.1184
9.0
4.8364778
0.0
0.0
4.0
1889.5526
9.0
4.838465
0.0
0.0
4.0
1894.9891
9.0
4.840234
0.0
0.0
4.0
1900.4276
9.0
4.841808
0.0
0.0
4.0
1905.8678
9.0
4.843209
0.0
0.0
4.0
1911.3096
9.0
4.8444557
0.0
0.0
4.0
1916.7528
9.0
4.8455653
0.0
0.0
4.0
1922.1973
9.0
4.846553
0.0
0.0
4.0
1927.6428
9.0
4.8474317
0.0
0.0
4.0
1933.0894
9.0
4.314214
0.0
0.0
4.0
1937.9368
9.0
3.3056507
0.0
0.0
4.0
1941.651
9.0
2.408029
0.0
0.0
4.0
1944.3567
9.0
1.6091459
0.0
0.0
4.0
1946.1647
9.0
1.4321398
0.0
0.0
4.0
1947.7738
10.0
1.2746043
0.0
0.0
4.0
1949.2059
10.0
1.1343979
0.0
0.0
4.0
1950.4806
10.0
1.0096141
0.0
0.0
4.0
1951.615
10.0
1.4325565
0.0
0.0
4.0
1953.2246
10.0
1.8089753
0.0
0.0
4.0
1955.2572
10.0
2.1439881
0.0
0.0
4.0
1957.6661
10.0
1.9081494
0.0
0.0
4.0
1959.8102
10.0
1.6982529
0.0
0.0
4.0
1961.7184
10.0
0.97744507
0.0
0.0
4.0
1962.8167
11.0
0.0
0.0
0.0
4.0
1962.8167
11.0
-0.53400004
0.0
0.0
4.0
1962.2167
11.0
-1.00926
0.0
0.0
4.0
1961.0826
11.0
-1.4322414
0.0
0.0
4.0
1959.4734
11.0
-1.8086947
0.0
0.0
4.0
1957.4412
11.0
-2.1437383
0.0
0.0
4.0
1955.0325
11.0
-2.441927
0.0
0.0
4.0
1952.2887
11.0
-2.173315
0.0
0.0
4.0
1949.8468
11.0
-1.9342504
0.0
0.0
4.0
1947.6735
11.0
-1.7214828
0.0
0.0
4.0
1945.7393
11.0
-0.9981196
0.0
0.0
4.0
1944.6178
11.0
0.0
0.0
0.0
4.0
1944.6178
11.0
0.53400004
0.0
0.0
4.0
1945.2178
11.0
1.00926
0.0
0.0
4.0
1946.3518
11.0
1.4322414
0.0
0.0
4.0
1947.961
11.0
1.8086947
0.0
0.0
4.0
1949.9933
11.0
2.1437383
0.0
0.0
4.0
1952.402
11.0
1.907927
0.0
0.0
4.0
1954.5458
11.0
1.698055
0.0
0.0
4.0
1956.4537
11.0
1.511269
0.0
0.0
4.0
1958.1517
11.0
1.3450294
0.0
0.0
4.0
1959.663
11.0
1.1970761
0.0
0.0
4.0
1961.0079
11.0
1.0653977
0.0
0.0
4.0
1962.205
11.0
0.948204
0.0
0.0
4.0
1963.2704
12.0
0.8439015
0.0
0.0
4.0
1964.2186
12.0
0.0
0.0
0.0
4.0
1964.2186
12.0
-0.53400004
0.0
0.0
4.0
1963.6187
12.0
-1.00926
0.0
0.0
4.0
1962.4846
12.0
-1.4322414
0.0
0.0
4.0
1960.8754
12.0
-1.8086947
0.0
0.0
4.0
1958.8431
12.0
-2.1437383
0.0
0.0
4.0
1956.4344
12.0
-2.441927
0.0
0.0
4.0
1953.6907
12.0
-2.707315
0.0
0.0
4.0
1950.6488
12.0
-2.9435103
0.0
0.0
4.0
1947.3414
12.0
-2.085724
0.0
0.0
4.0
1944.9979
12.0
-1.3222945
0.0
0.0
4.0
1943.5122
12.0
-0.64284205
0.0
0.0
4.0
1942.7899
12.0
0.0
0.0
0.0
4.0
1942.7899
12.0
0.53400004
0.0
0.0
4.0
1943.3899
12.0
1.00926
0.0
0.0
4.0
1944.5239
12.0
1.4322414
0.0
0.0
4.0
1946.1332
12.0
1.2746949
0.0
0.0
4.0
1947.5654
12.0
1.1344784
0.0
0.0
4.0
1948.8401
12.0
1.0096858
0.0
0.0
4.0
1949.9746
12.0
0.8986203
0.0
0.0
4.0
1950.9843
12.0
0.7997721
0.0
0.0
4.0
1951.8828
12.0
0.7117971
0.0
0.0
4.0
1952.6826
12.0
0.63349944
0.0
0.0
4.0
1953.3944
12.0
0.5638145
0.0
0.0
4.0
1954.028
13.0
0.50179493
0.0
0.0
4.0
1954.5918
13.0
0.4465975
0.0
0.0
4.0
1955.0936
13.0
0.93147177
0.0
0.0
4.0
1956.1403
13.0
1.3630098
0.0
0.0
4.0
1957.6718
13.0
1.7470788
0.0
0.0
4.0
1959.6348
13.0
2.0889
0.0
0.0
4.0
1961.9818
13.0
2.393121
0.0
0.0
4.0
1964.6707
13.0
2.6638777
0.0
0.0
4.0
1967.6638
13.0
2.9048512
0.0
0.0
4.0
1970.9277
13.0
3.1193175
0.0
0.0
4.0
1974.4326
13.0
3.3101923
0.0
0.0
4.0
1978.152
13.0
3.4800713
0.0
0.0
4.0
1982.0621
13.0
3.6312635
0.0
0.0
4.0
1986.1422
13.0
3.7658246
0.0
0.0
4.0
1990.3735
13.0
3.8855839
0.0
0.0
4.0
1994.7394
13.0
3.9921696
0.0
0.0
4.0
1999.225
13.0
4.087031
0.0
0.0
4.0
2003.8171
13.0
4.1714573
0.0
0.0
4.0
2008.5042
13.0
4.246597
0.0
0.0
4.0
2013.2756
13.0
4.313471
0.0
0.0
4.0
2018.1222
13.0
4.3729887
0.0
0.0
4.0
2023.0356
13.0
4.4259596
0.0
0.0
4.0
2028.0087
13.0
4.473104
0.0
0.0
4.0
2033.0347
13.0
4.5150623
0.0
0.0
4.0
2038.1078
13.0
4.5524054
0.0
0.0
4.0
2043.2229
13.0
4.5856404
0.0
0.0
4.0
2048.3752
13.0
4.6152196
0.0
0.0
4.0
2053.5608
13.0
4.6415453
0.0
0.0
4.0
2058.7761
13.0
4.664975
0.0
0.0
4.0
2064.0176
13.0
4.6858277
0.0
0.0
4.0
2069.2825
13.0
4.7043867
0.0
0.0
4.0
2074.5684
13.0
4.720904
0.0
0.0
4.0
2079.8728
13.0
4.7356043
0.0
0.0
4.0
2085.1936
13.0
4.7486877
0.0
0.0
4.0
2090.5293
13.0
4.760332
0.0
0.0
4.0
2095.878
13.0
4.770695
0.0
0.0
4.0
2101.2383
13.0
4.7799187
0.0
0.0
4.0
2106.609
13.0
4.7881274
0.0
0.0
4.0
2111.9888
13.0
4.795433
0.0
0.0
4.0
2117.377
13.0
4.801935
0.0
0.0
4.0
2122.7725
13.0
4.807722
0.0
0.0
4.0
2128.1743
13.0
4.8128724
0.0
0.0
4.0
2133.582
13.0
4.8174562
0.0
0.0
4.0
2138.9949
13.0
4.821536
0.0
0.0
4.0
2144.4124
13.0
4.8251667
0.0
0.0
4.0
2149.834
13.0
4.828398
0.0
0.0
4.0
2155.259
13.0
4.831274
0.0
0.0
4.0
2160.6875
13.0
4.8338337
0.0
0.0
4.0
2166.1187
13.0
4.836112
0.0
0.0
4.0
2171.5525
13.0
4.8381395
0.0
0.0
4.0
2176.9885
13.0
4.839944
0.0
0.0
4.0
2182.4268
13.0
4.84155
0.0
0.0
4.0
2187.8667
13.0
0.0
0.0
0.0
4.0
2187.0
13.0
0.53400004
0.0
0.0
4.0
2187.6
13.0
0.0
0.0
0.0
4.0
2187.0
13.0
0.53400004
0.0
0.0
4.0
2187.6
13.0
1.00926
0.0
0.0
4.0
2188.7341
13.0
1.4322414
0.0
0.0
4.0
2190.3435
13.0
1.8086947
0.0
0.0
4.0
2192.3757
13.0
1.6097382
0.0
0.0
4.0
2194.1843
13.0
1.432667
0.0
0.0
4.0
2195.794
13.0
1.2750736
0.0
0.0
4.0
2197.2266
13.0
1.1348156
0.0
0.0
4.0
2198.5017
13.0
1.0099858
0.0
0.0
4.0
2199.6365
13.0
0.89888734
0.0
0.0
4.0
2200.6465
13.0
0.8000097
0.0
0.0
4.0
2201.5454
13.0
0.71200866
0.0
0.0
4.0
2202.3455
13.0
1.1676877
0.0
0.0
4.0
2203.6575
13.0
1.573242
0.0
0.0
4.0
2205.425
13.0
1.9341854
0.0
0.0
4.0
2207.5984
13.0
2.255425
0.0
0.0
4.0
2210.1326
13.0
2.5413282
0.0
0.0
4.0
2212.988
13.0
2.795782
0.0
0.0
4.0
2216.1294
13.0
3.022246
0.0
0.0
4.0
2219.5251
13.0
3.2237988
0.0
0.0
4.0
2223.1475
13.0
3.4031808
0.0
0.0
4.0
2226.9712
13.0
3.562831
0.0
0.0
4.0
2230.9744
13.0
3.7049193
0.0
0.0
4.0
2235.1372
13.0
3.831378
0.0
0.0
4.0
2239.4421
13.0
3.9439263
0.0
0.0
4.0
2243.8735
13.0
4.044094
0.0
0.0
4.0
2248.4175
13.0
4.1332436
0.0
0.0
4.0
2253.0615
13.0
4.2125864
0.0
0.0
4.0
2257.7947
13.0
4.2832017
0.0
0.0
4.0
2262.6072
13.0
4.3460493
0.0
0.0
4.0
2267.4905
13.0
4.4019837
0.0
0.0
4.0
2272.4365
13.0
4.4517655
0.0
0.0
4.0
2277.4385
13.0
4.4960713
0.0
0.0
4.0
2282.4902
13.0
4.5355034
0.0
0.0
4.0
2287.5864
13.0
4.5705976
0.0
0.0
4.0
2292.722
13.0
4.601832
0.0
0.0
4.0
2297.8926
13.0
4.62963
0.0
0.0
4.0
2303.0945
13.0
4.654371
0.0
0.0
4.0
2308.3242
13.0
4.6763897
0.0
0.0
4.0
2313.5786
13.0
4.6959867
0.0
0.0
4.0
2318.855
13.0
4.713428
0.0
0.0
4.0
2324.151
13.0
4.728951
0.0
0.0
4.0
2329.4644
13.0
4.7427664
0.0
0.0
4.0
2334.7932
13.0
4.755062
0.0
0.0
4.0
2340.136
13.0
4.766005
0.0
0.0
4.0
2345.491
13.0
4.7757444
0.0
0.0
4.0
2350.857
13.0
4.7844124
0.0
0.0
4.0
2356.2327
13.0
4.7921267
0.0
0.0
4.0
2361.6172
13.0
4.7989926
0.0
0.0
4.0
2367.0093
13.0
4.8051033
0.0
0.0
4.0
2372.4082
13.0
4.8105416
0.0
0.0
4.0
2377.8132
13.0
4.815382
0.0
0.0
4.0
2383.2239
13.0
4.8196898
0.0
0.0
4.0
2388.6392
13.0
4.8235235
0.0
0.0
4.0
2394.0588
13.0
4.826936
0.0
0.0
4.0
2399.4824
13.0
4.295973
0.0
0.0
4.0
2404.3093
13.0
3.8234158
0.0
0.0
4.0
2408.6052
13.0
0.0
0.0
0.0
4.0
2411.0
13.0
0.0
0.0
0.0
4.0
2411.0
13.0
0.0
0.0
0.0
4.0
2411.0
13.0
0.0
0.0
0.0
4.0
2411.0
13.0
0.0
0.0
0.0
4.0
2411.0
13.0
0.0
0.0
0.0
4.0
2411.0
13.0
0.53400004
0.0
0.0
4.0
2411.6
13.0
1.00926
0.0
0.0
4.0
2412.7341
13.0
1.4322414
0.0
0.0
4.0
2414.3435
13.0
1.8086947
0.0
0.0
4.0
2416.3757
13.0
2.1437383
0.0
0.0
4.0
2418.7844
13.0
2.441927
0.0
0.0
4.0
2421.528
13.0
2.707315
0.0
0.0
4.0
2424.57
13.0
2.9435103
0.0
0.0
4.0
2427.8774
13.0
3.1537242
0.0
0.0
4.0
2431.421
13.0
3.3408144
0.0
0.0
4.0
2435.1746
13.0
3.507325
0.0
0.0
4.0
2439.1155
13.0
3.6555192
0.0
0.0
4.0
2443.223
13.0
3.7874122
0.0
0.0
4.0
2447.4785
13.0
3.9047966
0.0
0.0
4.0
2451.866
13.0
4.0092688
0.0
0.0
4.0
2456.3708
13.0
4.102249
0.0
0.0
4.0
2460.9802
13.0
4.1850014
0.0
0.0
4.0
2465.6824
13.0
4.2586513
0.0
0.0
4.0
2470.4673
13.0
4.3241997
0.0
0.0
4.0
2475.326
13.0
4.3825374
0.0
0.0
4.0
2480.2502
13.0
4.4344583
0.0
0.0
4.0
2485.2327
13.0
4.4806676
0.0
0.0
4.0
2490.267
13.0
4.521794
0.0
0.0
4.0
2495.3477
13.0
4.5583963
0.0
0.0
4.0
2500.4695
13.0
4.5909724
0.0
0.0
4.0
2505.628
13.0
4.619965
0.0
0.0
4.0
2510.8188
13.0
4.6457686
0.0
0.0
4.0
2516.0388
13.0
4.668734
0.0
0.0
4.0
2521.2847
13.0
4.689173
0.0
0.0
4.0
2526.5535
13.0
4.707364
0.0
0.0
4.0
2531.8425
13.0
4.7235537
0.0
0.0
4.0
2537.15
13.0
4.7379627
0.0
0.0
4.0
2542.4734
13.0
4.750787
0.0
0.0
4.0
2547.8113
13.0
4.7622
0.0
0.0
4.0
2553.162
13.0
4.772358
0.0
0.0
4.0
2558.5244
13.0
4.7813983
0.0
0.0
4.0
2563.8967
13.0
4.7894444
0.0
0.0
4.0
2569.278
13.0
4.7966056
0.0
0.0
4.0
2574.6675
13.0
4.802979
0.0
0.0
4.0
2580.064
13.0
4.808651
0.0
0.0
4.0
2585.467
13.0
4.8136992
0.0
0.0
4.0
2590.8757
13.0
4.818192
0.0
0.0
4.0
2596.2896
13.0
4.8221908
0.0
0.0
4.0
2601.7078
13.0
4.8257494
0.0
0.0
4.0
2607.13
13.0
4.828917
0.0
0.0
4.0
2612.5557
13.0
4.831736
0.0
0.0
4.0
2617.9846
13.0
4.8342447
0.0
0.0
4.0
2623.4163
13.0
4.8364778
0.0
0.0
4.0
2628.8506
13.0
4.838465
0.0
0.0
4.0
2634.287
13.0
4.840234
0.0
0.0
4.0
2639.7256
13.0
4.841808
0.0
0.0
4.0
2645.1658
13.0
4.843209
0.0
0.0
4.0
2650.6077
13.0
4.8444557
0.0
0.0
4.0
2656.0508
13.0
4.8455653
0.0
0.0
4.0
2661.495
13.0
4.312553
0.0
0.0
4.0
2666.3406
13.0
3.838172
0.0
0.0
4.0
2670.653
13.0
3.9499729
0.0
0.0
4.0
2675.0913
13.0
4.049476
0.0
0.0
4.0
2679.6414
13.0
4.1380334
0.0
0.0
4.0
2684.2908
13.0
4.2168493
0.0
0.0
4.0
2689.0288
13.0
4.286996
0.0
0.0
4.0
2693.8457
13.0
4.3494263
0.0
0.0
4.0
2698.7327
13.0
4.4049892
0.0
0.0
4.0
2703.6821
13.0
4.45444
0.0
0.0
4.0
2708.687
13.0
4.4984517
0.0
0.0
4.0
2713.7415
13.0
4.537622
0.0
0.0
4.0
2718.8398
13.0
4.5724835
0.0
0.0
4.0
2723.9775
13.0
4.6035104
0.0
0.0
4.0
2729.15
13.0
4.631124
0.0
0.0
4.0
2734.3535
13.0
4.6557
0.0
0.0
4.0
2739.5847
13.0
4.677573
0.0
0.0
4.0
2744.8403
13.0
4.69704
0.0
0.0
4.0
2750.118
13.0
4.1803656
0.0
0.0
4.0
2754.815
13.0
3.7205253
0.0
0.0
4.0
2758.9954
14.0
2.7772675
0.0
0.0
4.0
2762.116
14.0
1.9377681
0.0
0.0
4.0
2764.2932
14.0
1.1906136
0.0
0.0
4.0
2765.6309
14.0
0.5256461
0.0
0.0
4.0
2766.2214
14.0
0.46782503
0.0
0.0
4.0
2766.747
14.0
0.0
0.0
0.0
4.0
2766.747
14.0
0.0
0.0
0.0
4.0
2766.747
14.0
0.0
0.0
0.0
4.0
2766.747
14.0
0.0
0.0
0.0
4.0
2766.747
15.0
-0.53400004
0.0
0.0
4.0
2766.147
15.0
-0.47526002
0.0
0.0
4.0
2765.613
15.0
0.0
0.0
0.0
4.0
2765.613
15.0
0.0
0.0
0.0
4.0
2765.613
15.0
0.53400004
0.0
0.0
4.0
2766.2131
15.0
1.00926
0.0
0.0
4.0
2767.3472
15.0
1.4322414
0.0
0.0
4.0
2768.9565
15.0
1.8086947
0.0
0.0
4.0
2770.9888
15.0
2.1437383
0.0
0.0
4.0
2773.3975
15.0
2.441927
0.0
0.0
4.0
2776.141
15.0
2.707315
0.0
0.0
4.0
2779.183
15.0
2.9435103
0.0
0.0
4.0
2782.4905
15.0
3.1537242
0.0
0.0
4.0
2786.034
15.0
3.3408144
0.0
0.0
4.0
2789.7876
15.0
3.507325
0.0
0.0
4.0
2793.7285
15.0
3.6555192
0.0
0.0
4.0
2797.836
15.0
3.7874122
0.0
0.0
4.0
2802.0916
15.0
3.9047966
0.0
0.0
4.0
2806.479
15.0
4.0092688
0.0
0.0
4.0
2810.984
15.0
4.102249
0.0
0.0
4.0
2815.5933
15.0
4.1850014
0.0
0.0
4.0
2820.2954
15.0
4.2586513
0.0
0.0
4.0
2825.0803
15.0
4.3241997
0.0
0.0
4.0
2829.939
15.0
4.3825374
0.0
0.0
4.0
2834.8633
15.0
4.4344583
0.0
0.0
4.0
2839.8457
15.0
4.4806676
0.0
0.0
4.0
2844.8801
15.0
4.521794
0.0
0.0
4.0
2849.9607
15.0
4.5583963
0.0
0.0
4.0
2855.0825
15.0
4.5909724
0.0
0.0
4.0
2860.241
15.0
4.619965
0.0
0.0
4.0
2865.432
15.0
4.6457686
0.0
0.0
4.0
2870.6519
15.0
4.668734
0.0
0.0
4.0
2875.8977
15.0
4.689173
0.0
0.0
4.0
2881.1665
15.0
4.707364
0.0
0.0
4.0
2886.4556
15.0
4.7235537
0.0
0.0
4.0
2891.763
15.0
4.7379627
0.0
0.0
4.0
2897.0864
15.0
4.750787
0.0
0.0
4.0
2902.4243
15.0
4.7622
0.0
0.0
4.0
2907.7751
15.0
4.772358
0.0
0.0
4.0
2913.1375
15.0
4.7813983
0.0
0.0
4.0
2918.5098
15.0
4.7894444
0.0
0.0
4.0
2923.891
15.0
4.7966056
0.0
0.0
4.0
2929.2805
15.0
4.802979
0.0
0.0
4.0
2934.677
15.0
4.808651
0.0
0.0
4.0
2940.08
15.0
4.8136992
0.0
0.0
4.0
2945.4888
15.0
4.818192
0.0
0.0
4.0
2950.9026
15.0
0.0
0.0
0.0
4.0
2955.0
15.0
0.53400004
0.0
0.0
4.0
2955.6
15.0
0.0
0.0
0.0
4.0
2955.0
15.0
0.53400004
0.0
0.0
4.0
2955.6
15.0
0.0
0.0
0.0
4.0
2955.0
15.0
0.53400004
0.0
0.0
4.0
2955.6
15.0
1.00926
0.0
0.0
4.0
2956.7341
15.0
1.4322414
0.0
0.0
4.0
2958.3435
15.0
1.8086947
0.0
0.0
4.0
2960.3757
15.0
2.1437383
0.0
0.0
4.0
2962.7844
15.0
2.441927
0.0
0.0
4.0
2965.528
15.0
2.707315
0.0
0.0
4.0
2968.57
15.0
2.9435103
0.0
0.0
4.0
2971.8774
15.0
3.1537242
0.0
0.0
4.0
2975.421
15.0
3.3408144
0.0
0.0
4.0
2979.1746
15.0
3.507325
0.0
0.0
4.0
2983.1155
15.0
3.6555192
0.0
0.0
4.0
2987.223
15.0
0.0
0.0
0.0
4.0
2987.0
15.0
0.53400004
0.0
0.0
4.0
2987.6
15.0
0.0
0.0
0.0
4.0
2987.0
15.0
0.53400004
0.0
0.0
4.0
2987.6
15.0
1.00926
0.0
0.0
4.0
2988.7341
15.0
1.4322414
0.0
0.0
4.0
2990.3435
15.0
1.8086947
0.0
0.0
4.0
2992.3757
15.0
2.1437383
0.0
0.0
4.0
2994.7844
15.0
2.441927
0.0
0.0
4.0
2997.528
15.0
2.707315
0.0
0.0
4.0
3000.57
15.0
2.9435103
0.0
0.0
4.0
3003.8774
15.0
3.1537242
0.0
0.0
4.0
3007.421
15.0
3.3408144
0.0
0.0
4.0
3011.1746
15.0
3.507325
0.0
0.0
4.0
3015.1155
15.0
3.6555192
0.0
0.0
4.0
3019.223
15.0
3.7874122
0.0
0.0
4.0
3023.4785
15.0
3.9047966
0.0
0.0
4.0
3027.866
15.0
4.0092688
0.0
0.0
4.0
3032.3708
15.0
4.102249
0.0
0.0
4.0
3036.9802
15.0
4.1850014
0.0
0.0
4.0
3041.6824
15.0
4.2586513
0.0
0.0
4.0
3046.4673
15.0
4.3241997
0.0
0.0
4.0
3051.326
15.0
4.3825374
0.0
0.0
4.0
3056.2502
15.0
4.4344583
0.0
0.0
4.0
3061.2327
15.0
4.4806676
0.0
0.0
4.0
3066.267
15.0
4.521794
0.0
0.0
4.0
3071.3477
15.0
4.5583963
0.0
0.0
4.0
3076.4695
15.0
4.5909724
0.0
0.0
4.0
3081.628
15.0
4.619965
0.0
0.0
4.0
3086.8188
15.0
4.6457686
0.0
0.0
4.0
3092.0388
15.0
4.668734
0.0
0.0
4.0
3097.2847
15.0
4.689173
0.0
0.0
4.0
3102.5535
15.0
4.707364
0.0
0.0
4.0
3107.8425
15.0
4.7235537
0.0
0.0
4.0
3113.15
15.0
4.7379627
0.0
0.0
4.0
3118.4734
15.0
4.750787
0.0
0.0
4.0
3123.8113
15.0
4.7622
0.0
0.0
4.0
3129.162
15.0
4.772358
0.0
0.0
4.0
3134.5244
15.0
4.7813983
0.0
0.0
4.0
3139.8967
15.0
4.7894444
0.0
0.0
4.0
3145.278
15.0
4.7966056
0.0
0.0
4.0
3150.6675
15.0
4.802979
0.0
0.0
4.0
3156.064
15.0
4.808651
0.0
0.0
4.0
3161.467
15.0
4.8136992
0.0
0.0
4.0
3166.8757
15.0
0.0
0.0
0.0
4.0
3168.0
15.0
