1107, 6
0.0
0.0
0.0
4.0
56.0
0.0
0.0
0.0
0.0
4.0
56.0
0.0
0.0
0.0
0.0
4.0
56.0
0.0
0.0
0.0
0.0
4.0
56.0
0.0
0.53400004
0.0
0.0
4.0
56.6
0.0
1.00926
0.0
0.0
4.0
57.733997
0.0
1.4322414
0.0
0.0
4.0
59.343258
0.0
1.8086947
0.0
0.0
4.0
61.3755
0.0
2.1437383
0.0
0.0
4.0
63.784195
0.0
2.441927
0.0
0.0
4.0
66.52793
0.0
2.707315
0.0
0.0
4.0
69.569855
0.0
2.9435103
0.0
0.0
4.0
72.87717
0.0
3.1537242
0.0
0.0
4.0
76.42068
0.0
3.3408144
0.0
0.0
4.0
80.1744
0.0
3.507325
0.0
0.0
4.0
84.11521
0.0
3.6555192
0.0
0.0
4.0
88.222534
0.0
3.7874122
0.0
0.0
4.0
92.47805
0.0
3.9047966
0.0
0.0
4.0
96.86546
0.0
4.0092688
0.0
0.0
4.0
101.37026
0.0
4.102249
0.0
0.0
4.0
105.97953
0.0
4.1850014
0.0
0.0
4.0
110.68178
0.0
4.2586513
0.0
0.0
4.0
115.46678
0.0
4.3241997
0.0
0.0
4.0
120.32543
0.0
4.3825374
0.0
0.0
4.0
125.24963
0.0
4.4344583
0.0
0.0
4.0
130.23218
0.0
4.4806676
0.0
0.0
4.0
135.26663
0.0
4.521794
0.0
0.0
4.0
140.3473
0.0
4.5583963
0.0
0.0
4.0
145.4691
0.0
4.5909724
0.0
0.0
4.0
150.6275
0.0
4.619965
0.0
0.0
4.0
155.81848
0.0
4.6457686
0.0
0.0
4.0
161.03845
0.0
4.668734
0.0
0.0
4.0
166.28423
0.0
4.689173
0.0
0.0
4.0
171.55296
0.0
4.707364
0.0
0.0
4.0
176.84213
0.0
4.7235537
0.0
0.0
4.0
182.14949
0.0
4.7379627
0.0
0.0
4.0
187.47304
0.0
4.750787
0.0
0.0
4.0
192.811
0.0
4.7622
0.0
0.0
4.0
198.16179
0.0
4.772358
0.0
0.0
4.0
203.52399
0.0
4.7813983
0.0
0.0
4.0
208.89635
0.0
4.7894444
0.0
0.0
4.0
214.27774
0.0
4.7966056
0.0
0.0
4.0
219.66719
0.0
4.802979
0.0
0.0
4.0
225.0638
0.0
4.808651
0.0
0.0
4.0
230.46678
0.0
4.8136992
0.0
0.0
4.0
235.87543
0.0
4.818192
0.0
0.0
4.0
241.28912
0.0
4.8221908
0.0
0.0
4.0
246.70732
0.0
4.8257494
0.0
0.0
4.0
252.12952
0.0
4.828917
0.0
0.0
4.0
257.55527
0.0
4.831736
0.0
0.0
4.0
262.9842
0.0
4.8342447
0.0
0.0
4.0
268.41592
0.0
4.8364778
0.0
0.0
4.0
273.85016
0.0
4.838465
0.0
0.0
4.0
279.28662
0.0
4.306234
0.0
0.0
4.0
284.1251
0.0
3.2985482
0.0
0.0
4.0
287.83133
0.0
2.401708
0.0
0.0
4.0
290.52988
0.0
1.6035199
0.0
0.0
4.0
292.33157
0.0
0.8931327
0.0
0.0
4.0
293.33508
0.0
0.0
0.0
0.0
4.0
293.33508
0.0
-0.53400004
0.0
0.0
4.0
292.73508
0.0
-1.00926
0.0
0.0
4.0
291.60107
0.0
-1.4322414
0.0
0.0
4.0
289.99182
1.0
-1.2746949
0.0
0.0
4.0
288.55957
1.0
-1.1344784
0.0
0.0
4.0
287.28488
1.0
-1.0096858
0.0
0.0
4.0
286.1504
1.0
-0.8986203
0.0
0.0
4.0
285.14072
1.0
-0.7997721
0.0
0.0
4.0
284.2421
1.0
-0.7117971
0.0
0.0
4.0
283.44232
1.0
-0.63349944
0.0
0.0
4.0
282.73053
1.0
-0.5638145
0.0
0.0
4.0
282.09702
1.0
0.0
0.0
0.0
4.0
282.09702
1.0
0.53400004
0.0
0.0
4.0
282.69702
1.0
1.00926
0.0
0.0
4.0
283.83102
1.0
1.4322414
0.0
0.0
4.0
285.44028
1.0
1.8086947
0.0
0.0
4.0
287.4725
1.0
2.1437383
0.0
0.0
4.0
289.8812
1.0
2.441927
0.0
0.0
4.0
292.62494
1.0
2.707315
0.0
0.0
4.0
295.66687
1.0
2.9435103
0.0
0.0
4.0
298.97418
1.0
3.1537242
0.0
0.0
4.0
302.5177
1.0
3.3408144
0.0
0.0
4.0
306.27142
1.0
3.507325
0.0
0.0
4.0
310.21225
1.0
3.6555192
0.0
0.0
4.0
314.31958
1.0
3.7874122
0.0
0.0
4.0
318.5751
1.0
3.9047966
0.0
0.0
4.0
322.96252
1.0
4.0092688
0.0
0.0
4.0
327.46732
1.0
4.102249
0.0
0.0
4.0
332.0766
1.0
4.1850014
0.0
0.0
4.0
336.77884
1.0
4.2586513
0.0
0.0
4.0
341.56384
1.0
4.3241997
0.0
0.0
4.0
346.4225
1.0
4.3825374
0.0
0.0
4.0
351.34668
1.0
4.4344583
0.0
0.0
4.0
356.32922
1.0
4.4806676
0.0
0.0
4.0
361.36368
1.0
4.521794
0.0
0.0
4.0
366.44434
1.0
4.5583963
0.0
0.0
4.0
371.56613
1.0
4.5909724
0.0
0.0
4.0
376.72452
1.0
4.619965
0.0
0.0
4.0
381.9155
1.0
4.6457686
0.0
0.0
4.0
387.13547
1.0
4.668734
0.0
0.0
4.0
392.38123
1.0
4.689173
0.0
0.0
4.0
397.64996
1.0
4.707364
0.0
0.0
4.0
402.93915
1.0
4.7235537
0.0
0.0
4.0
408.24652
1.0
4.7379627
0.0
0.0
4.0
413.57007
1.0
4.750787
0.0
0.0
4.0
418.90802
1.0
4.7622
0.0
0.0
4.0
424.25882
1.0
4.772358
0.0
0.0
4.0
429.62103
1.0
4.7813983
0.0
0.0
4.0
434.99338
1.0
4.7894444
0.0
0.0
4.0
440.3748
1.0
4.7966056
0.0
0.0
4.0
445.76422
1.0
4.802979
0.0
0.0
4.0
451.16083
1.0
4.808651
0.0
0.0
4.0
456.5638
1.0
4.8136992
0.0
0.0
4.0
461.97247
1.0
4.818192
0.0
0.0
4.0
467.38617
1.0
4.8221908
0.0
0.0
4.0
472.80435
1.0
4.8257494
0.0
0.0
4.0
478.22653
1.0
4.828917
0.0
0.0
4.0
483.65228
1.0
4.831736
0.0
0.0
4.0
489.0812
1.0
4.8342447
0.0
0.0
4.0
494.51294
1.0
4.8364778
0.0
0.0
4.0
499.94717
1.0
4.838465
0.0
0.0
4.0
505.38367
1.0
4.840234
0.0
0.0
4.0
510.82214
1.0
4.841808
0.0
0.0
4.0
516.2624
1.0
4.843209
0.0
0.0
4.0
521.7042
1.0
4.8444557
0.0
0.0
4.0
527.14746
1.0
4.8455653
0.0
0.0
4.0
532.5919
1.0
4.846553
0.0
0.0
4.0
538.0375
1.0
4.8474317
0.0
0.0
4.0
543.484
1.0
4.848214
0.0
0.0
4.0
548.93146
1.0
4.8489103
0.0
0.0
4.0
554.3797
1.0
4.84953
0.0
0.0
4.0
559.8286
1.0
4.850082
0.0
0.0
4.0
565.27814
1.0
4.8505726
0.0
0.0
4.0
570.7282
1.0
4.8510094
0.0
0.0
4.0
576.1788
1.0
4.851398
0.0
0.0
4.0
581.62976
1.0
4.851744
0.0
0.0
4.0
587.0812
1.0
4.852052
0.0
0.0
4.0
592.5329
1.0
4.8523264
0.0
0.0
4.0
597.9849
1.0
4.8525705
0.0
0.0
4.0
603.43726
1.0
4.8527875
0.0
0.0
4.0
608.88983
1.0
4.8529806
0.0
0.0
4.0
614.3426
1.0
4.8531528
0.0
0.0
4.0
619.7956
1.0
4.853306
0.0
0.0
4.0
625.2487
1.0
4.853442
0.0
0.0
4.0
630.702
1.0
4.8535633
0.0
0.0
4.0
636.15546
1.0
4.853671
0.0
0.0
4.0
641.609
1.0
4.853767
0.0
0.0
4.0
647.0627
1.0
4.8538523
0.0
0.0
4.0
652.5165
1.0
4.8539286
0.0
0.0
4.0
657.97034
1.0
4.8539963
0.0
0.0
4.0
663.42426
1.0
4.8540564
0.0
0.0
4.0
668.87823
2.0
4.85411
0.0
0.0
4.0
674.3323
2.0
4.8541574
0.0
0.0
4.0
679.7864
2.0
4.8542
0.0
0.0
4.0
685.24054
2.0
4.8542376
0.0
0.0
4.0
690.69476
2.0
4.8542714
0.0
0.0
4.0
696.149
2.0
4.8543015
0.0
0.0
4.0
701.6033
2.0
4.854328
0.0
0.0
4.0
707.05756
2.0
4.854352
0.0
0.0
4.0
712.5119
2.0
4.854373
0.0
0.0
4.0
717.96625
2.0
4.8543916
0.0
0.0
4.0
723.4206
2.0
4.8544083
0.0
0.0
4.0
728.875
2.0
0.0
0.0
0.0
4.0
731.0
2.0
0.53400004
0.0
0.0
4.0
731.6
2.0
0.0
0.0
0.0
4.0
731.0
2.0
0.53400004
0.0
0.0
4.0
731.6
2.0
0.0
0.0
0.0
4.0
731.0
2.0
0.53400004
0.0
0.0
4.0
731.6
2.0
0.0
0.0
0.0
4.0
731.0
2.0
0.53400004
0.0
0.0
4.0
731.6
2.0
0.0
0.0
0.0
4.0
731.0
2.0
0.53400004
0.0
0.0
4.0
731.6
2.0
1.00926
0.0
0.0
4.0
732.73395
2.0
1.4322414
0.0
0.0
4.0
734.3432
2.0
1.8086947
0.0
0.0
4.0
736.3754
2.0
2.1437383
0.0
0.0
4.0
738.7841
2.0
2.441927
0.0
0.0
4.0
741.52783
2.0
2.707315
0.0
0.0
4.0
744.56976
2.0
2.9435103
0.0
0.0
4.0
747.8771
2.0
3.1537242
0.0
0.0
4.0
751.4206
2.0
3.3408144
0.0
0.0
4.0
755.1743
2.0
3.507325
0.0
0.0
4.0
759.1151
2.0
3.6555192
0.0
0.0
4.0
763.2224
2.0
3.7874122
0.0
0.0
4.0
767.4779
2.0
3.9047966
0.0
0.0
4.0
771.8653
2.0
4.0092688
0.0
0.0
4.0
776.3701
2.0
4.102249
0.0
0.0
4.0
780.9794
2.0
4.1850014
0.0
0.0
4.0
785.68164
2.0
4.2586513
0.0
0.0
4.0
790.4666
2.0
4.3241997
0.0
0.0
4.0
795.32526
2.0
4.3825374
0.0
0.0
4.0
800.24945
2.0
3.900458
0.0
0.0
4.0
804.63196
3.0
2.9374075
0.0
0.0
4.0
807.93243
3.0
2.0802927
0.0
0.0
4.0
810.26984
3.0
1.3174604
0.0
0.0
4.0
811.7501
3.0
0.63853973
0.0
0.0
4.0
812.4676
3.0
0.0
0.0
0.0
4.0
812.4676
3.0
-0.53400004
0.0
0.0
4.0
811.8676
3.0
-1.00926
0.0
0.0
4.0
810.73364
3.0
-1.4322414
0.0
0.0
4.0
809.1244
3.0
-1.8086947
0.0
0.0
4.0
807.09216
3.0
-2.1437383
0.0
0.0
4.0
804.6835
3.0
-2.441927
0.0
0.0
4.0
801.93976
3.0
-2.707315
0.0
0.0
4.0
798.8978
3.0
-2.9435103
0.0
0.0
4.0
795.5905
3.0
-3.1537242
0.0
0.0
4.0
792.047
3.0
-3.3408144
0.0
0.0
4.0
788.2933
3.0
-2.4393246
0.0
0.0
4.0
785.5525
3.0
-1.6369989
0.0
0.0
4.0
783.7132
3.0
-0.922929
0.0
0.0
4.0
782.6762
3.0
0.0
0.0
0.0
4.0
782.6762
3.0
0.53400004
0.0
0.0
4.0
783.2762
3.0
1.00926
0.0
0.0
4.0
784.41016
3.0
1.4322414
0.0
0.0
4.0
786.0194
3.0
1.8086947
0.0
0.0
4.0
788.05164
3.0
2.1437383
0.0
0.0
4.0
790.4603
3.0
1.907927
0.0
0.0
4.0
792.60406
3.0
1.698055
0.0
0.0
4.0
794.51196
3.0
0.97726893
0.0
0.0
4.0
795.61005
3.0
0.0
0.0
0.0
4.0
795.61005
3.0
-0.53400004
0.0
0.0
4.0
795.0101
3.0
-1.00926
0.0
0.0
4.0
793.8761
4.0
-0.89824146
0.0
0.0
4.0
792.8668
4.0
-0.7994349
0.0
0.0
4.0
791.96857
4.0
-0.71149707
0.0
0.0
4.0
791.1691
4.0
-0.63323236
0.0
0.0
4.0
790.45764
4.0
-0.56357676
0.0
0.0
4.0
789.8244
4.0
0.0
0.0
0.0
4.0
789.8244
4.0
0.53400004
0.0
0.0
4.0
790.4244
4.0
1.00926
0.0
0.0
4.0
791.55835
4.0
1.4322414
0.0
0.0
4.0
793.1676
4.0
1.8086947
0.0
0.0
4.0
795.1998
4.0
2.1437383
0.0
0.0
4.0
797.6085
4.0
2.441927
0.0
0.0
4.0
800.35223
4.0
2.707315
0.0
0.0
4.0
803.39417
4.0
2.9435103
0.0
0.0
4.0
806.7015
4.0
3.1537242
0.0
0.0
4.0
810.245
4.0
3.3408144
0.0
0.0
4.0
813.9987
4.0
3.507325
0.0
0.0
4.0
817.9395
4.0
3.6555192
0.0
0.0
4.0
822.0468
4.0
3.7874122
0.0
0.0
4.0
826.3023
4.0
3.9047966
0.0
0.0
4.0
830.6897
4.0
4.0092688
0.0
0.0
4.0
835.1945
4.0
4.102249
0.0
0.0
4.0
839.8038
4.0
4.1850014
0.0
0.0
4.0
844.50604
4.0
4.2586513
0.0
0.0
4.0
849.291
4.0
4.3241997
0.0
0.0
4.0
854.14966
4.0
4.3825374
0.0
0.0
4.0
859.07385
4.0
4.4344583
0.0
0.0
4.0
864.0564
4.0
4.4806676
0.0
0.0
4.0
869.0909
4.0
4.521794
0.0
0.0
4.0
874.1716
4.0
4.5583963
0.0
0.0
4.0
879.29333
4.0
4.5909724
0.0
0.0
4.0
884.4517
4.0
4.619965
0.0
0.0
4.0
889.6427
4.0
4.6457686
0.0
0.0
4.0
894.8627
4.0
4.668734
0.0
0.0
4.0
900.10846
4.0
4.689173
0.0
0.0
4.0
905.3772
4.0
0.0
0.0
0.0
4.0
907.0
4.0
0.53400004
0.0
0.0
4.0
907.6
4.0
0.0
0.0
0.0
4.0
907.0
4.0
0.53400004
0.0
0.0
4.0
907.6
4.0
0.0
0.0
0.0
4.0
907.0
4.0
0.53400004
0.0
0.0
4.0
907.6
4.0
0.0
0.0
0.0
4.0
907.0
4.0
0.53400004
0.0
0.0
4.0
907.6
4.0
0.0
0.0
0.0
4.0
907.0
4.0
0.53400004
0.0
0.0
4.0
907.6
4.0
0.0
0.0
0.0
4.0
907.0
4.0
0.53400004
0.0
0.0
4.0
907.6
4.0
0.0
0.0
0.0
4.0
907.0
4.0
0.53400004
0.0
0.0
4.0
907.6
4.0
0.0
0.0
0.0
4.0
907.0
4.0
0.53400004
0.0
0.0
4.0
907.6
4.0
0.0
0.0
0.0
4.0
907.0
4.0
0.53400004
0.0
0.0
4.0
907.6
4.0
0.0
0.0
0.0
4.0
907.0
4.0
0.53400004
0.0
0.0
4.0
907.6
4.0
1.00926
0.0
0.0
4.0
908.73395
4.0
1.4322414
0.0
0.0
4.0
910.3432
4.0
1.8086947
0.0
0.0
4.0
912.3754
4.0
2.1437383
0.0
0.0
4.0
914.7841
4.0
2.441927
0.0
0.0
4.0
917.52783
4.0
2.707315
0.0
0.0
4.0
920.56976
4.0
2.9435103
0.0
0.0
4.0
923.8771
4.0
3.1537242
0.0
0.0
4.0
927.4206
4.0
3.3408144
0.0
0.0
4.0
931.1743
4.0
3.507325
0.0
0.0
4.0
935.1151
4.0
3.6555192
0.0
0.0
4.0
939.2224
4.0
3.7874122
0.0
0.0
4.0
943.4779
4.0
3.9047966
0.0
0.0
4.0
947.8653
4.0
4.0092688
0.0
0.0
4.0
952.3701
4.0
4.102249
0.0
0.0
4.0
956.9794
4.0
4.1850014
0.0
0.0
4.0
961.68164
4.0
4.2586513
0.0
0.0
4.0
966.4666
4.0
4.3241997
0.0
0.0
4.0
971.32526
4.0
4.3825374
0.0
0.0
4.0
976.24945
4.0
4.4344583
0.0
0.0
4.0
981.232
4.0
4.4806676
0.0
0.0
4.0
986.2665
4.0
4.521794
0.0
0.0
4.0
991.34717
4.0
4.5583963
0.0
0.0
4.0
996.46893
4.0
4.5909724
0.0
0.0
4.0
1001.6273
4.0
4.619965
0.0
0.0
4.0
1006.8183
4.0
4.6457686
0.0
0.0
4.0
1012.03827
4.0
4.668734
0.0
0.0
4.0
1017.28406
4.0
4.689173
0.0
0.0
4.0
1022.5528
4.0
4.707364
0.0
0.0
4.0
1027.8419
4.0
4.7235537
0.0
0.0
4.0
1033.1493
4.0
4.7379627
0.0
0.0
4.0
1038.4729
4.0
4.750787
0.0
0.0
4.0
1043.8109
4.0
4.7622
0.0
0.0
4.0
1049.1617
4.0
4.772358
0.0
0.0
4.0
1054.5239
4.0
4.7813983
0.0
0.0
4.0
1059.8962
4.0
4.7894444
0.0
0.0
4.0
1065.2776
4.0
4.7966056
0.0
0.0
4.0
1070.667
4.0
4.802979
0.0
0.0
4.0
1076.0636
4.0
4.808651
0.0
0.0
4.0
1081.4666
4.0
4.8136992
0.0
0.0
4.0
1086.8752
4.0
4.818192
0.0
0.0
4.0
1092.289
4.0
4.8221908
0.0
0.0
4.0
1097.7072
4.0
4.8257494
0.0
0.0
4.0
1103.1294
4.0
4.828917
0.0
0.0
4.0
1108.5552
4.0
4.831736
0.0
0.0
4.0
1113.9841
4.0
4.8342447
0.0
0.0
4.0
1119.4159
4.0
4.8364778
0.0
0.0
4.0
1124.8501
4.0
4.838465
0.0
0.0
4.0
1130.2866
4.0
4.840234
0.0
0.0
4.0
1135.7251
4.0
4.841808
0.0
0.0
4.0
1141.1653
4.0
4.843209
0.0
0.0
4.0
1146.607
4.0
4.8444557
0.0
0.0
4.0
1152.0503
4.0
4.8455653
0.0
0.0
4.0
1157.4948
4.0
4.312553
0.0
0.0
4.0
1162.3403
4.0
3.838172
0.0
0.0
4.0
1166.6528
4.0
3.415973
0.0
0.0
4.0
1170.491
4.0
3.040216
0.0
0.0
4.0
1173.907
4.0
2.7057922
0.0
0.0
4.0
1176.9471
4.0
2.408155
0.0
0.0
4.0
1179.653
4.0
2.1432579
0.0
0.0
4.0
1182.0612
4.0
1.3734994
0.0
0.0
4.0
1183.6044
4.0
0.68841445
0.0
0.0
4.0
1184.3779
4.0
0.0
0.0
0.0
4.0
1184.3779
4.0
-0.53400004
0.0
0.0
4.0
1183.778
4.0
-1.00926
0.0
0.0
4.0
1182.6439
4.0
-1.4322414
0.0
0.0
4.0
1181.0347
4.0
-1.8086947
0.0
0.0
4.0
1179.0024
4.0
-1.6097382
0.0
0.0
4.0
1177.1937
4.0
-1.432667
0.0
0.0
4.0
1175.584
4.0
-1.2750736
0.0
0.0
4.0
1174.1514
4.0
-1.1348156
0.0
0.0
4.0
1172.8763
4.0
-1.0099858
0.0
0.0
4.0
1171.7416
4.0
-0.89888734
0.0
0.0
4.0
1170.7316
4.0
-0.8000097
0.0
0.0
4.0
1169.8326
4.0
0.0
0.0
0.0
4.0
1169.8326
4.0
0.53400004
0.0
0.0
4.0
1170.4326
4.0
1.00926
0.0
0.0
4.0
1171.5667
4.0
1.4322414
0.0
0.0
4.0
1173.1759
4.0
1.8086947
0.0
0.0
4.0
1175.2081
4.0
2.1437383
0.0
0.0
4.0
1177.6168
4.0
2.441927
0.0
0.0
4.0
1180.3606
4.0
2.173315
0.0
0.0
4.0
1182.8025
4.0
1.9342504
0.0
0.0
4.0
1184.9758
4.0
1.7214828
0.0
0.0
4.0
1186.91
4.0
1.5321196
0.0
0.0
4.0
1188.6315
4.0
1.3635864
0.0
0.0
4.0
1190.1636
4.0
1.2135919
0.0
0.0
4.0
1191.5271
4.0
1.0800968
0.0
0.0
4.0
1192.7407
5.0
0.9612862
0.0
0.0
4.0
1193.8208
5.0
0.8555447
0.0
0.0
4.0
1194.7821
5.0
0.76143473
0.0
0.0
4.0
1195.6377
5.0
0.6776769
0.0
0.0
4.0
1196.3992
5.0
0.0
0.0
0.0
4.0
1196.3992
5.0
-0.53400004
0.0
0.0
4.0
1195.7992
5.0
-1.00926
0.0
0.0
4.0
1194.6652
5.0
-1.4322414
0.0
0.0
4.0
1193.0559
5.0
-1.8086947
0.0
0.0
4.0
1191.0237
5.0
-2.1437383
0.0
0.0
4.0
1188.615
5.0
-2.441927
0.0
0.0
4.0
1185.8712
5.0
-2.707315
0.0
0.0
4.0
1182.8293
5.0
-2.9435103
0.0
0.0
4.0
1179.522
5.0
-3.1537242
0.0
0.0
4.0
1175.9785
5.0
-2.8068144
0.0
0.0
4.0
1172.8248
5.0
-2.4980648
0.0
0.0
4.0
1170.0181
5.0
-2.2232776
0.0
0.0
4.0
1167.52
5.0
-1.978717
0.0
0.0
4.0
1165.2968
5.0
-1.7610581
0.0
0.0
4.0
1163.318
5.0
-1.5673417
0.0
0.0
4.0
1161.5569
5.0
-1.394934
0.0
0.0
4.0
1159.9895
5.0
-0.7074913
0.0
0.0
4.0
1159.1946
5.0
0.0
0.0
0.0
4.0
1159.1946
5.0
0.53400004
0.0
0.0
4.0
1159.7946
5.0
1.00926
0.0
0.0
4.0
1160.9286
5.0
1.4322414
0.0
0.0
4.0
1162.5378
5.0
1.8086947
0.0
0.0
4.0
1164.5701
5.0
2.1437383
0.0
0.0
4.0
1166.9788
5.0
2.441927
0.0
0.0
4.0
1169.7225
5.0
2.707315
0.0
0.0
4.0
1172.7644
5.0
2.9435103
0.0
0.0
4.0
1176.0718
5.0
3.1537242
0.0
0.0
4.0
1179.6152
5.0
3.3408144
0.0
0.0
4.0
1183.369
5.0
3.507325
0.0
0.0
4.0
1187.3098
5.0
3.121519
0.0
0.0
4.0
1190.8171
5.0
2.778152
0.0
0.0
4.0
1193.9386
5.0
2.4725552
0.0
0.0
4.0
1196.7168
6.0
2.2005742
0.0
0.0
4.0
1199.1893
6.0
1.958511
0.0
0.0
4.0
1201.3899
6.0
1.7430748
0.0
0.0
4.0
1203.3484
6.0
1.5513365
0.0
0.0
4.0
1205.0914
6.0
1.9146897
0.0
0.0
4.0
1207.2428
6.0
2.2380738
0.0
0.0
4.0
1209.7574
6.0
2.5258856
0.0
0.0
4.0
1212.5955
6.0
2.782038
0.0
0.0
4.0
1215.7213
6.0
3.0100138
0.0
0.0
4.0
1219.1034
6.0
3.2129123
0.0
0.0
4.0
1222.7134
6.0
3.393492
0.0
0.0
4.0
1226.5262
6.0
3.554208
0.0
0.0
4.0
1230.5198
6.0
3.6972451
0.0
0.0
4.0
1234.674
6.0
3.824548
0.0
0.0
4.0
1238.9712
6.0
3.9378479
0.0
0.0
4.0
1243.3958
6.0
4.038685
0.0
0.0
4.0
1247.9336
6.0
4.1284294
0.0
0.0
4.0
1252.5723
6.0
4.208302
0.0
0.0
4.0
1257.3007
6.0
4.2793884
0.0
0.0
4.0
1262.109
6.0
4.3426557
0.0
0.0
4.0
1266.9884
6.0
4.3989635
0.0
0.0
4.0
1271.931
6.0
4.449077
0.0
0.0
4.0
1276.93
6.0
4.4936786
0.0
0.0
4.0
1281.9791
6.0
4.533374
0.0
0.0
4.0
1287.0728
6.0
4.5687027
0.0
0.0
4.0
1292.2062
6.0
4.6001453
0.0
0.0
4.0
1297.3749
6.0
4.628129
0.0
0.0
4.0
1302.5751
6.0
4.6530347
0.0
0.0
4.0
1307.8032
6.0
4.675201
0.0
0.0
4.0
1313.0563
6.0
4.6949286
0.0
0.0
4.0
1318.3314
6.0
4.7124863
0.0
0.0
4.0
1323.6263
6.0
4.7281127
0.0
0.0
4.0
1328.9388
6.0
4.74202
0.0
0.0
4.0
1334.267
6.0
4.754398
0.0
0.0
4.0
1339.609
6.0
4.7654138
0.0
0.0
4.0
1344.9634
6.0
4.775218
0.0
0.0
4.0
1350.3287
6.0
4.7839437
0.0
0.0
4.0
1355.704
6.0
4.79171
0.0
0.0
4.0
1361.0879
6.0
4.7986217
0.0
0.0
4.0
1366.4796
6.0
4.8047733
0.0
0.0
4.0
1371.8783
6.0
4.810248
0.0
0.0
4.0
1377.2831
6.0
4.8151207
0.0
0.0
4.0
1382.6934
6.0
4.819457
0.0
0.0
4.0
1388.1085
6.0
4.8233166
0.0
0.0
4.0
1393.528
6.0
4.8267517
0.0
0.0
4.0
1398.9513
6.0
4.8298087
0.0
0.0
4.0
1404.378
6.0
4.8325295
0.0
0.0
4.0
1409.8079
6.0
4.834951
0.0
0.0
4.0
1415.2404
6.0
4.837106
0.0
0.0
4.0
1420.6753
6.0
4.8390245
0.0
0.0
4.0
1426.1124
6.0
4.8407316
0.0
0.0
4.0
1431.5514
6.0
4.308251
0.0
0.0
4.0
1436.3921
6.0
3.8343432
0.0
0.0
4.0
1440.7003
6.0
3.4125655
0.0
0.0
4.0
1444.5347
6.0
3.0371833
0.0
0.0
4.0
1447.9473
6.0
2.1690931
0.0
0.0
4.0
1450.3844
6.0
1.3964928
0.0
0.0
4.0
1451.9535
6.0
0.7088786
0.0
0.0
4.0
1452.75
6.0
0.0
0.0
0.0
4.0
1452.75
6.0
0.0
0.0
0.0
4.0
1452.75
6.0
0.0
0.0
0.0
4.0
1452.75
6.0
0.0
0.0
0.0
4.0
1452.75
6.0
0.0
0.0
0.0
4.0
1452.75
6.0
0.53400004
0.0
0.0
4.0
1453.35
6.0
1.00926
0.0
0.0
4.0
1454.484
6.0
1.4322414
0.0
0.0
4.0
1456.0933
6.0
1.8086947
0.0
0.0
4.0
1458.1255
6.0
2.1437383
0.0
0.0
4.0
1460.5342
6.0
2.441927
0.0
0.0
4.0
1463.278
6.0
2.173315
0.0
0.0
4.0
1465.7198
6.0
1.9342504
0.0
0.0
4.0
1467.8932
6.0
1.7214828
0.0
0.0
4.0
1469.8274
6.0
1.5321196
0.0
0.0
4.0
1471.5488
6.0
0.82958645
0.0
0.0
4.0
1472.481
6.0
0.0
0.0
0.0
4.0
1472.481
6.0
-0.53400004
0.0
0.0
4.0
1471.881
7.0
-1.00926
0.0
0.0
4.0
1470.747
7.0
-1.4322414
0.0
0.0
4.0
1469.1377
7.0
-1.8086947
0.0
0.0
4.0
1467.1055
7.0
-2.1437383
0.0
0.0
4.0
1464.6968
7.0
-1.907927
0.0
0.0
4.0
1462.553
7.0
-1.698055
0.0
0.0
4.0
1460.645
7.0
-1.511269
0.0
0.0
4.0
1458.947
7.0
-1.3450294
0.0
0.0
4.0
1457.4358
7.0
-1.1970761
0.0
0.0
4.0
1456.0908
7.0
-1.0653977
0.0
0.0
4.0
1454.8938
7.0
-0.948204
0.0
0.0
4.0
1453.8284
7.0
-0.8439015
0.0
0.0
4.0
1452.8801
7.0
-0.75107235
0.0
0.0
4.0
1452.0363
7.0
-0.66845435
0.0
0.0
4.0
1451.2852
7.0
-0.5949244
0.0
0.0
4.0
1450.6167
7.0
0.0
0.0
0.0
4.0
1450.6167
7.0
0.53400004
0.0
0.0
4.0
1451.2167
7.0
1.00926
0.0
0.0
4.0
1452.3507
7.0
1.4322414
0.0
0.0
4.0
1453.96
7.0
1.2746949
0.0
0.0
4.0
1455.3922
7.0
1.1344784
0.0
0.0
4.0
1456.6669
7.0
1.0096858
0.0
0.0
4.0
1457.8014
7.0
0.8986203
0.0
0.0
4.0
1458.811
7.0
0.7997721
0.0
0.0
4.0
1459.7096
7.0
0.7117971
0.0
0.0
4.0
1460.5094
8.0
0.63349944
0.0
0.0
4.0
1461.2212
8.0
0.5638145
0.0
0.0
4.0
1461.8547
8.0
0.50179493
0.0
0.0
4.0
1462.4186
8.0
0.4465975
0.0
0.0
4.0
1462.9204
8.0
0.93147177
0.0
0.0
4.0
1463.967
8.0
1.3630098
0.0
0.0
4.0
1465.4985
8.0
1.7470788
0.0
0.0
4.0
1467.4615
8.0
2.0889
0.0
0.0
4.0
1469.8086
8.0
2.393121
0.0
0.0
4.0
1472.4974
8.0
2.6638777
0.0
0.0
4.0
1475.4906
8.0
2.9048512
0.0
0.0
4.0
1478.7545
8.0
3.1193175
0.0
0.0
4.0
1482.2594
8.0
3.3101923
0.0
0.0
4.0
1485.9788
8.0
3.4800713
0.0
0.0
4.0
1489.8889
8.0
3.6312635
0.0
0.0
4.0
1493.969
8.0
3.7658246
0.0
0.0
4.0
1498.2003
8.0
3.8855839
0.0
0.0
4.0
1502.5662
8.0
3.9921696
0.0
0.0
4.0
1507.0518
8.0
4.087031
0.0
0.0
4.0
1511.6439
8.0
4.1714573
0.0
0.0
4.0
1516.3309
8.0
4.246597
0.0
0.0
4.0
1521.1024
8.0
4.313471
0.0
0.0
4.0
1525.949
8.0
4.3729887
0.0
0.0
4.0
1530.8624
8.0
4.4259596
0.0
0.0
4.0
1535.8354
8.0
4.473104
0.0
0.0
4.0
1540.8615
8.0
4.5150623
0.0
0.0
4.0
1545.9346
8.0
4.5524054
0.0
0.0
4.0
1551.0497
8.0
4.5856404
0.0
0.0
4.0
1556.2021
8.0
4.6152196
0.0
0.0
4.0
1561.3878
8.0
4.6415453
0.0
0.0
4.0
1566.603
8.0
4.664975
0.0
0.0
4.0
1571.8446
8.0
4.6858277
0.0
0.0
4.0
1577.1096
8.0
4.7043867
0.0
0.0
4.0
1582.3955
8.0
4.720904
0.0
0.0
4.0
1587.7
8.0
4.7356043
0.0
0.0
4.0
1593.0209
8.0
4.7486877
0.0
0.0
4.0
1598.3564
8.0
4.760332
0.0
0.0
4.0
1603.7051
8.0
4.770695
0.0
0.0
4.0
1609.0654
8.0
4.7799187
0.0
0.0
4.0
1614.4362
8.0
4.7881274
0.0
0.0
4.0
1619.816
8.0
4.795433
0.0
0.0
4.0
1625.2042
8.0
4.801935
0.0
0.0
4.0
1630.5996
8.0
4.807722
0.0
0.0
4.0
1636.0016
8.0
4.8128724
0.0
0.0
4.0
1641.4093
8.0
4.8174562
0.0
0.0
4.0
1646.8221
8.0
3.753536
0.0
0.0
4.0
1651.0396
8.0
2.8066468
0.0
0.0
4.0
1654.1931
8.0
1.9639157
0.0
0.0
4.0
1656.3998
8.0
1.213885
0.0
0.0
4.0
1657.7637
8.0
0.5463576
0.0
0.0
4.0
1658.3776
8.0
0.48625824
0.0
0.0
4.0
1658.924
8.0
0.0
0.0
0.0
4.0
1658.924
9.0
0.0
0.0
0.0
4.0
1658.924
9.0
0.0
0.0
0.0
4.0
1658.924
9.0
0.0
0.0
0.0
4.0
1658.924
9.0
0.0
0.0
0.0
4.0
1658.924
9.0
0.53400004
0.0
0.0
4.0
1659.5239
9.0
1.00926
0.0
0.0
4.0
1660.658
9.0
1.4322414
0.0
0.0
4.0
1662.2672
9.0
1.8086947
0.0
0.0
4.0
1664.2994
9.0
2.1437383
0.0
0.0
4.0
1666.7081
9.0
2.441927
0.0
0.0
4.0
1669.4519
9.0
2.707315
0.0
0.0
4.0
1672.4938
9.0
2.9435103
0.0
0.0
4.0
1675.8011
9.0
3.1537242
0.0
0.0
4.0
1679.3446
9.0
3.3408144
0.0
0.0
4.0
1683.0984
9.0
3.507325
0.0
0.0
4.0
1687.0392
9.0
3.6555192
0.0
0.0
4.0
1691.1465
9.0
3.7874122
0.0
0.0
4.0
1695.402
9.0
3.9047966
0.0
0.0
4.0
1699.7894
9.0
4.0092688
0.0
0.0
4.0
1704.2942
9.0
4.102249
0.0
0.0
4.0
1708.9034
9.0
4.1850014
0.0
0.0
4.0
1713.6057
9.0
4.2586513
0.0
0.0
4.0
1718.3907
9.0
4.3241997
0.0
0.0
4.0
1723.2494
9.0
4.3825374
0.0
0.0
4.0
1728.1736
9.0
4.4344583
0.0
0.0
4.0
1733.1561
9.0
4.4806676
0.0
0.0
4.0
1738.1906
9.0
4.521794
0.0
0.0
4.0
1743.2712
9.0
4.5583963
0.0
0.0
4.0
1748.3931
9.0
4.5909724
0.0
0.0
4.0
1753.5515
9.0
4.619965
0.0
0.0
4.0
1758.7424
9.0
4.6457686
0.0
0.0
4.0
1763.9624
9.0
4.668734
0.0
0.0
4.0
1769.2081
9.0
4.689173
0.0
0.0
4.0
1774.4768
9.0
4.707364
0.0
0.0
4.0
1779.766
9.0
4.7235537
0.0
0.0
4.0
1785.0734
9.0
4.7379627
0.0
0.0
4.0
1790.397
9.0
4.750787
0.0
0.0
4.0
1795.735
9.0
4.7622
0.0
0.0
4.0
1801.0858
9.0
4.772358
0.0
0.0
4.0
1806.448
9.0
4.7813983
0.0
0.0
4.0
1811.8203
9.0
4.7894444
0.0
0.0
4.0
1817.2017
9.0
4.7966056
0.0
0.0
4.0
1822.5911
9.0
4.802979
0.0
0.0
4.0
1827.9877
9.0
4.808651
0.0
0.0
4.0
1833.3906
9.0
4.8136992
0.0
0.0
4.0
1838.7993
9.0
4.818192
0.0
0.0
4.0
1844.213
9.0
4.8221908
0.0
0.0
4.0
1849.6312
9.0
4.8257494
0.0
0.0
4.0
1855.0535
9.0
4.828917
0.0
0.0
4.0
1860.4792
9.0
4.831736
0.0
0.0
4.0
1865.9082
9.0
4.8342447
0.0
0.0
4.0
1871.34
9.0
4.8364778
0.0
0.0
4.0
1876.7742
9.0
4.838465
0.0
0.0
4.0
1882.2107
9.0
4.840234
0.0
0.0
4.0
1887.6492
9.0
4.841808
0.0
0.0
4.0
1893.0894
9.0
4.843209
0.0
0.0
4.0
1898.5311
9.0
4.8444557
0.0
0.0
4.0
1903.9744
9.0
4.8455653
0.0
0.0
4.0
1909.4188
9.0
4.846553
0.0
0.0
4.0
1914.8644
9.0
4.8474317
0.0
0.0
4.0
1920.3109
9.0
4.848214
0.0
0.0
4.0
1925.7583
9.0
4.8489103
0.0
0.0
4.0
1931.2065
9.0
4.84953
0.0
0.0
4.0
1936.6554
9.0
4.850082
0.0
0.0
4.0
1942.105
9.0
4.8505726
0.0
0.0
4.0
1947.555
9.0
4.8510094
0.0
0.0
4.0
1953.0056
9.0
4.851398
0.0
0.0
4.0
1958.4567
9.0
3.7837443
0.0
0.0
4.0
1962.708
9.0
2.8335326
0.0
0.0
4.0
1965.8917
9.0
1.9878439
0.0
0.0
4.0
1968.1252
9.0
1.235181
0.0
0.0
4.0
1969.5131
10.0
0.565311
0.0
0.0
4.0
1970.1482
10.0
0.0
0.0
0.0
4.0
1970.1482
10.0
-0.53400004
0.0
0.0
4.0
1969.5482
10.0
-1.00926
0.0
0.0
4.0
1968.4142
10.0
-0.89824146
0.0
0.0
4.0
1967.4049
10.0
-0.7994349
0.0
0.0
4.0
1966.5067
10.0
-0.71149707
0.0
0.0
4.0
1965.7073
10.0
-0.63323236
0.0
0.0
4.0
1964.9957
10.0
-0.56357676
0.0
0.0
4.0
1964.3625
10.0
-0.5015833
0.0
0.0
4.0
1963.799
10.0
-0.4464091
0.0
0.0
4.0
1963.2974
10.0
0.0
0.0
0.0
4.0
1963.2974
10.0
0.0
0.0
0.0
4.0
1963.2974
10.0
-0.53400004
0.0
0.0
4.0
1962.6974
10.0
-1.00926
0.0
0.0
4.0
1961.5634
10.0
-0.89824146
0.0
0.0
4.0
1960.5541
10.0
-0.7994349
0.0
0.0
4.0
1959.6559
10.0
-0.71149707
0.0
0.0
4.0
1958.8564
10.0
-0.63323236
0.0
0.0
4.0
1958.1449
10.0
-0.56357676
0.0
0.0
4.0
1957.5117
10.0
-0.5015833
0.0
0.0
4.0
1956.9481
10.0
-0.4464091
0.0
0.0
4.0
1956.4465
10.0
0.0
0.0
0.0
4.0
1956.4465
10.0
0.0
0.0
0.0
4.0
1956.4465
10.0
0.0
0.0
0.0
4.0
1956.4465
10.0
0.53400004
0.0
0.0
4.0
1957.0465
10.0
0.47526002
0.0
0.0
4.0
1957.5806
11.0
0.0
0.0
0.0
4.0
1957.5806
11.0
0.0
0.0
0.0
4.0
1957.5806
11.0
0.0
0.0
0.0
4.0
1957.5806
11.0
0.0
0.0
0.0
4.0
1957.5806
11.0
0.0
0.0
0.0
4.0
1957.5806
11.0
-0.53400004
0.0
0.0
4.0
1956.9806
11.0
-1.00926
0.0
0.0
4.0
1955.8466
11.0
-1.4322414
0.0
0.0
4.0
1954.2373
11.0
-1.8086947
0.0
0.0
4.0
1952.2051
11.0
-2.1437383
0.0
0.0
4.0
1949.7964
11.0
-2.441927
0.0
0.0
4.0
1947.0526
11.0
-2.173315
0.0
0.0
4.0
1944.6107
11.0
-1.9342504
0.0
0.0
4.0
1942.4374
11.0
-1.1874828
0.0
0.0
4.0
1941.1031
11.0
-0.5228597
0.0
0.0
4.0
1940.5156
11.0
0.0
0.0
0.0
4.0
1940.5156
11.0
0.53400004
0.0
0.0
4.0
1941.1156
11.0
1.00926
0.0
0.0
4.0
1942.2496
11.0
1.4322414
0.0
0.0
4.0
1943.8589
11.0
1.8086947
0.0
0.0
4.0
1945.8911
11.0
1.6097382
0.0
0.0
4.0
1947.6998
11.0
1.432667
0.0
0.0
4.0
1949.3096
11.0
1.2750736
0.0
0.0
4.0
1950.7422
11.0
1.1348156
0.0
0.0
4.0
1952.0172
11.0
1.0099858
0.0
0.0
4.0
1953.152
11.0
0.89888734
0.0
0.0
4.0
1954.162
11.0
0.8000097
0.0
0.0
4.0
1955.0609
12.0
0.71200866
0.0
0.0
4.0
1955.861
12.0
0.6336877
0.0
0.0
4.0
1956.573
12.0
0.563982
0.0
0.0
4.0
1957.2067
12.0
1.035944
0.0
0.0
4.0
1958.3706
12.0
1.4559902
0.0
0.0
4.0
1960.0066
12.0
1.8298312
0.0
0.0
4.0
1962.0626
12.0
2.1625497
0.0
0.0
4.0
1964.4924
12.0
2.4586694
0.0
0.0
4.0
1967.255
12.0
2.722216
0.0
0.0
4.0
1970.3137
12.0
2.9567723
0.0
0.0
4.0
1973.636
12.0
3.1655273
0.0
0.0
4.0
1977.1927
12.0
3.3513193
0.0
0.0
4.0
1980.9583
12.0
3.516674
0.0
0.0
4.0
1984.9095
12.0
3.6638398
0.0
0.0
4.0
1989.0262
12.0
3.7948172
0.0
0.0
4.0
1993.29
12.0
3.9113874
0.0
0.0
4.0
1997.6848
12.0
4.015135
0.0
0.0
4.0
2002.1962
12.0
4.10747
0.0
0.0
4.0
2006.8113
12.0
4.189648
0.0
0.0
4.0
2011.5188
12.0
4.262787
0.0
0.0
4.0
2016.3085
12.0
4.3278804
0.0
0.0
4.0
2021.1713
12.0
4.385813
0.0
0.0
4.0
2026.0991
12.0
4.4373736
0.0
0.0
4.0
2031.085
12.0
4.4832625
0.0
0.0
4.0
2036.1223
12.0
4.5241036
0.0
0.0
4.0
2041.2056
12.0
4.560452
0.0
0.0
4.0
2046.3297
12.0
4.592802
0.0
0.0
4.0
2051.4902
12.0
4.6215935
0.0
0.0
4.0
2056.683
12.0
4.647218
0.0
0.0
4.0
2061.9048
12.0
4.670024
0.0
0.0
4.0
2067.152
12.0
4.690321
0.0
0.0
4.0
2072.422
12.0
4.7083855
0.0
0.0
4.0
2077.7124
12.0
4.724463
0.0
0.0
4.0
2083.0208
12.0
4.738772
0.0
0.0
4.0
2088.3452
12.0
4.751507
0.0
0.0
4.0
2093.684
12.0
4.7628407
0.0
0.0
4.0
2099.0356
12.0
4.772928
0.0
0.0
4.0
2104.3984
12.0
4.781906
0.0
0.0
4.0
2109.7715
12.0
4.7898965
0.0
0.0
4.0
2115.1533
12.0
4.7970076
0.0
0.0
4.0
2120.5432
12.0
4.8033366
0.0
0.0
4.0
2125.9402
12.0
4.8089695
0.0
0.0
4.0
2131.3435
12.0
4.8139825
0.0
0.0
4.0
2136.7524
12.0
4.8184443
0.0
0.0
4.0
2142.1665
12.0
4.8224154
0.0
0.0
4.0
2147.585
12.0
4.8259497
0.0
0.0
4.0
2153.0073
12.0
4.829095
0.0
0.0
4.0
2158.4333
12.0
4.8318944
0.0
0.0
4.0
2163.8625
12.0
4.834386
0.0
0.0
4.0
2169.2944
12.0
4.836603
0.0
0.0
4.0
2174.7288
12.0
4.838577
0.0
0.0
4.0
2180.1653
12.0
4.840333
0.0
0.0
4.0
2185.6038
12.0
0.0
0.0
0.0
4.0
2187.0
12.0
0.53400004
0.0
0.0
4.0
2187.6
12.0
0.0
0.0
0.0
4.0
2187.0
12.0
0.53400004
0.0
0.0
4.0
2187.6
12.0
0.0
0.0
0.0
4.0
2187.0
12.0
0.53400004
0.0
0.0
4.0
2187.6
12.0
1.00926
0.0
0.0
4.0
2188.7341
12.0
1.4322414
0.0
0.0
4.0
2190.3435
12.0
1.8086947
0.0
0.0
4.0
2192.3757
12.0
2.1437383
0.0
0.0
4.0
2194.7844
12.0
2.441927
0.0
0.0
4.0
2197.528
12.0
2.707315
0.0
0.0
4.0
2200.57
12.0
2.9435103
0.0
0.0
4.0
2203.8774
12.0
3.1537242
0.0
0.0
4.0
2207.421
12.0
3.3408144
0.0
0.0
4.0
2211.1746
12.0
3.507325
0.0
0.0
4.0
2215.1155
12.0
3.6555192
0.0
0.0
4.0
2219.223
12.0
3.7874122
0.0
0.0
4.0
2223.4785
12.0
3.9047966
0.0
0.0
4.0
2227.866
12.0
4.0092688
0.0
0.0
4.0
2232.3708
12.0
0.0
0.0
0.0
4.0
2235.0
12.0
0.53400004
0.0
0.0
4.0
2235.6
12.0
0.0
0.0
0.0
4.0
2235.0
12.0
0.53400004
0.0
0.0
4.0
2235.6
12.0
0.0
0.0
0.0
4.0
2235.0
12.0
0.53400004
0.0
0.0
4.0
2235.6
12.0
0.0
0.0
0.0
4.0
2235.0
12.0
0.53400004
0.0
0.0
4.0
2235.6
12.0
0.0
0.0
0.0
4.0
2235.0
12.0
0.53400004
0.0
0.0
4.0
2235.6
12.0
0.0
0.0
0.0
4.0
2235.0
12.0
0.53400004
0.0
0.0
4.0
2235.6
12.0
0.0
0.0
0.0
4.0
2235.0
12.0
0.53400004
0.0
0.0
4.0
2235.6
12.0
1.00926
0.0
0.0
4.0
2236.7341
12.0
1.4322414
0.0
0.0
4.0
2238.3435
12.0
1.8086947
0.0
0.0
4.0
2240.3757
12.0
2.1437383
0.0
0.0
4.0
2242.7844
12.0
2.441927
0.0
0.0
4.0
2245.528
12.0
2.707315
0.0
0.0
4.0
2248.57
12.0
2.9435103
0.0
0.0
4.0
2251.8774
12.0
3.1537242
0.0
0.0
4.0
2255.421
12.0
3.3408144
0.0
0.0
4.0
2259.1746
12.0
3.507325
0.0
0.0
4.0
2263.1155
12.0
3.6555192
0.0
0.0
4.0
2267.223
12.0
3.7874122
0.0
0.0
4.0
2271.4785
12.0
3.9047966
0.0
0.0
4.0
2275.866
12.0
4.0092688
0.0
0.0
4.0
2280.3708
12.0
4.102249
0.0
0.0
4.0
2284.9802
12.0
4.1850014
0.0
0.0
4.0
2289.6824
12.0
4.2586513
0.0
0.0
4.0
2294.4673
12.0
4.3241997
0.0
0.0
4.0
2299.326
12.0
4.3825374
0.0
0.0
4.0
2304.2502
12.0
4.4344583
0.0
0.0
4.0
2309.2327
12.0
4.4806676
0.0
0.0
4.0
2314.267
12.0
4.521794
0.0
0.0
4.0
2319.3477
12.0
4.5583963
0.0
0.0
4.0
2324.4695
12.0
4.5909724
0.0
0.0
4.0
2329.628
12.0
4.619965
0.0
0.0
4.0
2334.8188
12.0
4.6457686
0.0
0.0
4.0
2340.0388
12.0
4.668734
0.0
0.0
4.0
2345.2847
12.0
4.689173
0.0
0.0
4.0
2350.5535
12.0
4.707364
0.0
0.0
4.0
2355.8425
12.0
4.7235537
0.0
0.0
4.0
2361.15
12.0
0.0
0.0
0.0
4.0
2363.0
12.0
0.53400004
0.0
0.0
4.0
2363.6
12.0
1.00926
0.0
0.0
4.0
2364.7341
12.0
1.4322414
0.0
0.0
4.0
2366.3435
12.0
1.8086947
0.0
0.0
4.0
2368.3757
12.0
2.1437383
0.0
0.0
4.0
2370.7844
12.0
2.441927
0.0
0.0
4.0
2373.528
12.0
2.707315
0.0
0.0
4.0
2376.57
12.0
2.9435103
0.0
0.0
4.0
2379.8774
12.0
3.1537242
0.0
0.0
4.0
2383.421
12.0
3.3408144
0.0
0.0
4.0
2387.1746
12.0
3.507325
0.0
0.0
4.0
2391.1155
12.0
3.6555192
0.0
0.0
4.0
2395.223
12.0
0.0
0.0
0.0
4.0
2395.0
12.0
0.53400004
0.0
0.0
4.0
2395.6
12.0
0.0
0.0
0.0
4.0
2395.0
12.0
0.0
0.0
0.0
4.0
2395.0
12.0
0.0
0.0
0.0
4.0
2395.0
12.0
0.0
0.0
0.0
4.0
2395.0
12.0
0.0
0.0
0.0
4.0
2395.0
12.0
0.0
0.0
0.0
4.0
2395.0
12.0
0.0
0.0
0.0
4.0
2395.0
12.0
0.0
0.0
0.0
4.0
2395.0
12.0
0.53400004
0.0
0.0
4.0
2395.6
12.0
1.00926
0.0
0.0
4.0
2396.7341
12.0
1.4322414
0.0
0.0
4.0
2398.3435
12.0
1.8086947
0.0
0.0
4.0
2400.3757
12.0
2.1437383
0.0
0.0
4.0
2402.7844
12.0
2.441927
0.0
0.0
4.0
2405.528
12.0
2.707315
0.0
0.0
4.0
2408.57
12.0
2.9435103
0.0
0.0
4.0
2411.8774
12.0
3.1537242
0.0
0.0
4.0
2415.421
12.0
3.3408144
0.0
0.0
4.0
2419.1746
12.0
2.9733248
0.0
0.0
4.0
2422.5154
12.0
2.646259
0.0
0.0
4.0
2425.4888
12.0
2.3551705
0.0
0.0
4.0
2428.135
12.0
2.630102
0.0
0.0
4.0
2431.09
12.0
2.874791
0.0
0.0
4.0
2434.32
12.0
3.0925639
0.0
0.0
4.0
2437.795
12.0
3.286382
0.0
0.0
4.0
2441.4875
12.0
3.45888
0.0
0.0
4.0
2445.374
12.0
3.612403
0.0
0.0
4.0
2449.4329
12.0
3.7490385
0.0
0.0
4.0
2453.6453
12.0
3.8706443
0.0
0.0
4.0
2457.9944
12.0
3.9788735
0.0
0.0
4.0
2462.465
12.0
4.0751977
0.0
0.0
4.0
2467.044
12.0
4.160926
0.0
0.0
4.0
2471.7192
12.0
4.237224
0.0
0.0
4.0
2476.4802
12.0
4.3051295
0.0
0.0
4.0
2481.3174
12.0
4.3655653
0.0
0.0
4.0
2486.2224
12.0
4.419353
0.0
0.0
4.0
2491.188
12.0
4.467224
0.0
0.0
4.0
2496.2073
12.0
4.5098295
0.0
0.0
4.0
2501.2744
12.0
4.547748
0.0
0.0
4.0
2506.3843
12.0
4.581496
0.0
0.0
4.0
2511.532
12.0
4.6115313
0.0
0.0
4.0
2516.7134
12.0
4.6382627
0.0
0.0
4.0
2521.9248
12.0
4.6620536
0.0
0.0
4.0
2527.163
12.0
4.6832275
0.0
0.0
4.0
2532.425
12.0
4.702072
0.0
0.0
4.0
2537.7083
12.0
4.718844
0.0
0.0
4.0
2543.0103
12.0
4.733771
0.0
0.0
4.0
2548.329
12.0
4.747056
0.0
0.0
4.0
2553.6628
12.0
4.7588797
0.0
0.0
4.0
2559.01
12.0
4.7694025
0.0
0.0
4.0
2564.369
12.0
4.778768
0.0
0.0
4.0
2569.7383
12.0
4.787103
0.0
0.0
4.0
2575.117
12.0
4.794522
0.0
0.0
4.0
2580.5042
12.0
4.801124
0.0
0.0
4.0
2585.8987
12.0
4.807
0.0
0.0
4.0
2591.2998
12.0
4.81223
0.0
0.0
4.0
2596.7068
12.0
4.8168845
0.0
0.0
4.0
2602.119
12.0
4.8210273
0.0
0.0
4.0
2607.536
12.0
4.824714
0.0
0.0
4.0
2612.957
12.0
4.8279953
0.0
0.0
4.0
2618.3818
12.0
4.8309155
0.0
0.0
4.0
2623.8098
12.0
4.8335147
0.0
0.0
4.0
2629.2407
12.0
4.835828
0.0
0.0
4.0
2634.6743
12.0
4.837887
0.0
0.0
4.0
2640.11
12.0
4.8397193
0.0
0.0
4.0
2645.548
12.0
4.30735
0.0
0.0
4.0
2650.3877
12.0
3.8335416
0.0
0.0
4.0
2654.695
12.0
3.411852
0.0
0.0
4.0
2658.5286
12.0
3.0365481
0.0
0.0
4.0
2661.9404
12.0
2.7025278
0.0
0.0
4.0
2664.977
12.0
2.4052496
0.0
0.0
4.0
2667.6797
12.0
2.1406722
0.0
0.0
4.0
2670.085
12.0
1.9051982
0.0
0.0
4.0
2672.2256
12.0
1.6956264
0.0
0.0
4.0
2674.1309
12.0
1.5091075
0.0
0.0
4.0
2675.8264
12.0
1.3431057
0.0
0.0
4.0
2677.3354
12.0
1.195364
0.0
0.0
4.0
2678.6785
12.0
0.5298739
0.0
0.0
4.0
2679.274
12.0
0.0
0.0
0.0
4.0
2679.274
12.0
-0.53400004
0.0
0.0
4.0
2678.6738
12.0
-1.00926
0.0
0.0
4.0
2677.5398
12.0
-1.4322414
0.0
0.0
4.0
2675.9304
12.0
-1.8086947
0.0
0.0
4.0
2673.8982
12.0
-2.1437383
0.0
0.0
4.0
2671.4895
12.0
-2.441927
0.0
0.0
4.0
2668.7458
12.0
-2.707315
0.0
0.0
4.0
2665.7039
12.0
-2.9435103
0.0
0.0
4.0
2662.3965
12.0
-3.1537242
0.0
0.0
4.0
2658.853
12.0
-2.8068144
0.0
0.0
4.0
2655.6992
12.0
-2.4980648
0.0
0.0
4.0
2652.8923
12.0
-2.2232776
0.0
0.0
4.0
2650.3943
12.0
-1.978717
0.0
0.0
4.0
2648.171
12.0
-1.7610581
0.0
0.0
4.0
2646.1921
12.0
-1.5673417
0.0
0.0
4.0
2644.4312
12.0
0.0
0.0
0.0
4.0
2644.0
12.0
0.0
0.0
0.0
4.0
2644.0
12.0
0.0
0.0
0.0
4.0
2644.0
12.0
0.0
0.0
0.0
4.0
2644.0
12.0
0.0
0.0
0.0
4.0
2644.0
12.0
0.0
0.0
0.0
4.0
2644.0
12.0
0.0
0.0
0.0
4.0
2644.0
12.0
0.0
0.0
0.0
4.0
2644.0
12.0
0.0
0.0
0.0
4.0
2644.0
12.0
0.0
0.0
0.0
4.0
2644.0
12.0
0.0
0.0
0.0
4.0
2644.0
12.0
0.0
0.0
0.0
4.0
2644.0
12.0
0.0
0.0
0.0
4.0
2644.0
12.0
0.0
0.0
0.0
4.0
2644.0
12.0
0.0
0.0
0.0
4.0
2644.0
12.0
0.0
0.0
0.0
4.0
2644.0
12.0
0.0
0.0
0.0
4.0
2644.0
12.0
0.0
0.0
0.0
4.0
2644.0
12.0
0.0
0.0
0.0
4.0
2644.0
12.0
0.0
0.0
0.0
4.0
2644.0
12.0
0.0
0.0
0.0
4.0
2644.0
12.0
0.0
0.0
0.0
4.0
2644.0
12.0
0.0
0.0
0.0
4.0
2644.0
12.0
0.53400004
0.0
0.0
4.0
2644.6
12.0
1.00926
0.0
0.0
4.0
2645.7341
12.0
1.4322414
0.0
0.0
4.0
2647.3435
12.0
1.8086947
0.0
0.0
4.0
2649.3757
12.0
2.1437383
0.0
0.0
4.0
2651.7844
12.0
2.441927
0.0
0.0
4.0
2654.528
12.0
2.707315
0.0
0.0
4.0
2657.57
12.0
2.9435103
0.0
0.0
4.0
2660.8774
12.0
3.1537242
0.0
0.0
4.0
2664.421
12.0
3.3408144
0.0
0.0
4.0
2668.1746
12.0
2.4393246
0.0
0.0
4.0
2670.9153
12.0
1.6369989
0.0
0.0
4.0
2672.7546
12.0
0.922929
0.0
0.0
4.0
2673.7917
12.0
0.0
0.0
0.0
4.0
2673.7917
12.0
-0.53400004
0.0
0.0
4.0
2673.1917
13.0
-1.00926
0.0
0.0
4.0
2672.0576
13.0
-0.89824146
0.0
0.0
4.0
2671.0483
13.0
-1.3334348
0.0
0.0
4.0
2669.55
13.0
-1.720757
0.0
0.0
4.0
2667.6167
13.0
-1.5314738
0.0
0.0
4.0
2665.896
13.0
-1.3630116
0.0
0.0
4.0
2664.3645
13.0
-1.7470803
0.0
0.0
4.0
2662.4016
13.0
-2.0889013
0.0
0.0
4.0
2660.0544
13.0
-2.3931222
0.0
0.0
4.0
2657.3655
13.0
-2.6638787
0.0
0.0
4.0
2654.3723
13.0
-2.370852
0.0
0.0
4.0
2651.7085
13.0
-2.1100583
0.0
0.0
4.0
2649.3376
13.0
-1.8779519
0.0
0.0
4.0
2647.2275
13.0
-1.6713772
0.0
0.0
4.0
2645.3496
13.0
0.0
0.0
0.0
4.0
2644.0
13.0
0.0
0.0
0.0
4.0
2644.0
13.0
0.0
0.0
0.0
4.0
2644.0
13.0
0.0
0.0
0.0
4.0
2644.0
13.0
0.0
0.0
0.0
4.0
2644.0
13.0
0.0
0.0
0.0
4.0
2644.0
13.0
0.53400004
0.0
0.0
4.0
2644.6
13.0
1.00926
0.0
0.0
4.0
2645.7341
13.0
1.4322414
0.0
0.0
4.0
2647.3435
13.0
1.8086947
0.0
0.0
4.0
2649.3757
14.0
2.1437383
0.0
0.0
4.0
2651.7844
14.0
2.441927
0.0
0.0
4.0
2654.528
14.0
2.707315
0.0
0.0
4.0
2657.57
14.0
2.9435103
0.0
0.0
4.0
2660.8774
14.0
3.1537242
0.0
0.0
4.0
2664.421
14.0
3.3408144
0.0
0.0
4.0
2668.1746
14.0
3.507325
0.0
0.0
4.0
2672.1155
14.0
3.6555192
0.0
0.0
4.0
2676.223
14.0
3.7874122
0.0
0.0
4.0
2680.4785
14.0
3.9047966
0.0
0.0
4.0
2684.866
14.0
4.0092688
0.0
0.0
4.0
2689.3708
14.0
4.102249
0.0
0.0
4.0
2693.9802
14.0
4.1850014
0.0
0.0
4.0
2698.6824
14.0
4.2586513
0.0
0.0
4.0
2703.4673
14.0
4.3241997
0.0
0.0
4.0
2708.326
14.0
4.3825374
0.0
0.0
4.0
2713.2502
14.0
4.4344583
0.0
0.0
4.0
2718.2327
14.0
4.4806676
0.0
0.0
4.0
2723.267
14.0
4.521794
0.0
0.0
4.0
2728.3477
14.0
4.5583963
0.0
0.0
4.0
2733.4695
14.0
4.5909724
0.0
0.0
4.0
2738.628
14.0
4.619965
0.0
0.0
4.0
2743.8188
14.0
4.6457686
0.0
0.0
4.0
2749.0388
14.0
4.668734
0.0
0.0
4.0
2754.2847
14.0
3.6211734
0.0
0.0
4.0
2758.3535
14.0
2.6888444
0.0
0.0
4.0
2761.3748
14.0
1.8590714
0.0
0.0
4.0
2763.4636
14.0
1.1205735
0.0
0.0
4.0
2764.7227
15.0
0.4633104
0.0
0.0
4.0
2765.2432
15.0
0.0
0.0
0.0
4.0
2765.2432
15.0
0.0
0.0
0.0
4.0
2765.2432
15.0
0.0
0.0
0.0
4.0
2765.2432
15.0
0.0
0.0
0.0
4.0
2765.2432
15.0
0.0
0.0
0.0
4.0
2765.2432
15.0
0.0
0.0
0.0
4.0
2765.2432
15.0
0.0
0.0
0.0
4.0
2765.2432
15.0
0.0
0.0
0.0
4.0
2765.2432
15.0
0.53400004
0.0
0.0
4.0
2765.8433
15.0
1.00926
0.0
0.0
4.0
2766.9773
15.0
1.4322414
0.0
0.0
4.0
2768.5867
15.0
1.8086947
0.0
0.0
4.0
2770.619
15.0
2.1437383
0.0
0.0
4.0
2773.0276
15.0
2.441927
0.0
0.0
4.0
2775.7712
15.0
2.707315
0.0
0.0
4.0
2778.8132
15.0
2.9435103
0.0
0.0
4.0
2782.1206
15.0
3.1537242
0.0
0.0
4.0
2785.664
15.0
3.3408144
0.0
0.0
4.0
2789.4177
15.0
3.507325
0.0
0.0
4.0
2793.3586
15.0
3.6555192
0.0
0.0
4.0
2797.466
15.0
3.7874122
0.0
0.0
4.0
2801.7217
15.0
3.9047966
0.0
0.0
4.0
2806.1091
15.0
4.0092688
0.0
0.0
4.0
2810.614
15.0
4.102249
0.0
0.0
4.0
2815.2234
15.0
4.1850014
0.0
0.0
4.0
2819.9255
15.0
4.2586513
0.0
0.0
4.0
2824.7104
15.0
4.3241997
0.0
0.0
4.0
2829.569
15.0
4.3825374
0.0
0.0
4.0
2834.4934
15.0
4.4344583
0.0
0.0
4.0
2839.4758
15.0
4.4806676
0.0
0.0
4.0
2844.5103
15.0
4.521794
0.0
0.0
4.0
2849.5908
15.0
4.5583963
0.0
0.0
4.0
2854.7126
15.0
4.5909724
0.0
0.0
4.0
2859.871
15.0
4.619965
0.0
0.0
4.0
2865.062
15.0
4.6457686
0.0
0.0
4.0
2870.282
15.0
4.668734
0.0
0.0
4.0
2875.5278
15.0
4.689173
0.0
0.0
4.0
2880.7966
15.0
4.707364
0.0
0.0
4.0
2886.0857
15.0
4.7235537
0.0
0.0
4.0
2891.393
15.0
4.7379627
0.0
0.0
4.0
2896.7166
15.0
4.750787
0.0
0.0
4.0
2902.0544
15.0
4.7622
0.0
0.0
4.0
2907.4053
15.0
4.772358
0.0
0.0
4.0
2912.7676
15.0
4.7813983
0.0
0.0
4.0
2918.14
15.0
4.7894444
0.0
0.0
4.0
2923.5212
15.0
4.7966056
0.0
0.0
4.0
2928.9106
15.0
4.802979
0.0
0.0
4.0
2934.3071
15.0
4.808651
0.0
0.0
4.0
2939.7102
15.0
4.8136992
0.0
0.0
4.0
2945.119
15.0
4.818192
0.0
0.0
4.0
2950.5327
15.0
4.8221908
0.0
0.0
4.0
2955.951
15.0
4.8257494
0.0
0.0
4.0
2961.373
15.0
4.828917
0.0
0.0
4.0
2966.7988
15.0
0.0
0.0
0.0
4.0
2971.0
15.0
0.53400004
0.0
0.0
4.0
2971.6
15.0
0.0
0.0
0.0
4.0
2971.0
15.0
0.53400004
0.0
0.0
4.0
2971.6
15.0
0.0
0.0
0.0
4.0
2971.0
15.0
0.53400004
0.0
0.0
4.0
2971.6
15.0
1.00926
0.0
0.0
4.0
2972.7341
15.0
1.4322414
0.0
0.0
4.0
2974.3435
15.0
1.8086947
0.0
0.0
4.0
2976.3757
15.0
2.1437383
0.0
0.0
4.0
2978.7844
15.0
2.441927
0.0
0.0
4.0
2981.528
15.0
2.707315
0.0
0.0
4.0
2984.57
15.0
2.9435103
0.0
0.0
4.0
2987.8774
15.0
3.1537242
0.0
0.0
4.0
2991.421
15.0
3.3408144
0.0
0.0
4.0
2995.1746
15.0
3.507325
0.0
0.0
4.0
2999.1155
15.0
3.6555192
0.0
0.0
4.0
3003.223
15.0
0.0
0.0
0.0
4.0
3003.0
15.0
0.53400004
0.0
0.0
4.0
3003.6
15.0
0.0
0.0
0.0
4.0
3003.0
15.0
0.53400004
0.0
0.0
4.0
3003.6
15.0
1.00926
0.0
0.0
4.0
3004.7341
15.0
1.4322414
0.0
0.0
4.0
3006.3435
15.0
1.8086947
0.0
0.0
4.0
3008.3757
15.0
2.1437383
0.0
0.0
4.0
3010.7844
15.0
2.441927
0.0
0.0
4.0
3013.528
15.0
2.707315
0.0
0.0
4.0
3016.57
15.0
2.9435103
0.0
0.0
4.0
3019.8774
15.0
3.1537242
0.0
0.0
4.0
3023.421
15.0
3.3408144
0.0
0.0
4.0
3027.1746
15.0
3.507325
0.0
0.0
4.0
3031.1155
15.0
3.6555192
0.0
0.0
4.0
3035.223
15.0
3.7874122
0.0
0.0
4.0
3039.4785
15.0
3.9047966
0.0
0.0
4.0
3043.866
15.0
4.0092688
0.0
0.0
4.0
3048.3708
15.0
4.102249
0.0
0.0
4.0
3052.9802
15.0
4.1850014
0.0
0.0
4.0
3057.6824
15.0
4.2586513
0.0
0.0
4.0
3062.4673
15.0
4.3241997
0.0
0.0
4.0
3067.326
15.0
4.3825374
0.0
0.0
4.0
3072.2502
15.0
4.4344583
0.0
0.0
4.0
3077.2327
15.0
4.4806676
0.0
0.0
4.0
3082.267
15.0
4.521794
0.0
0.0
4.0
3087.3477
15.0
4.5583963
0.0
0.0
4.0
3092.4695
15.0
4.5909724
0.0
0.0
4.0
3097.628
15.0
4.619965
0.0
0.0
4.0
3102.8188
15.0
4.6457686
0.0
0.0
4.0
3108.0388
15.0
4.668734
0.0
0.0
4.0
3113.2847
15.0
4.689173
0.0
0.0
4.0
3118.5535
15.0
4.707364
0.0
0.0
4.0
3123.8425
15.0
4.7235537
0.0
0.0
4.0
3129.15
15.0
4.7379627
0.0
0.0
4.0
3134.4734
15.0
4.750787
0.0
0.0
4.0
3139.8113
15.0
4.7622
0.0
0.0
4.0
3145.162
15.0
4.772358
0.0
0.0
4.0
3150.5244
15.0
4.7813983
0.0
0.0
4.0
3155.8967
15.0
4.7894444
0.0
0.0
4.0
3161.278
15.0
4.7966056
0.0
0.0
4.0
3166.6675
15.0
0.0
0.0
0.0
4.0
3168.0
15.0
