927, 6
0.0
0.0
0.0
4.0
56.0
0.0
0.0
0.0
0.0
4.0
56.0
0.0
0.0
0.0
0.0
4.0
56.0
0.0
0.0
0.0
0.0
4.0
56.0
0.0
0.0
0.0
0.0
4.0
56.0
0.0
0.0
0.0
0.0
4.0
56.0
0.0
0.0
0.0
0.0
4.0
56.0
0.0
0.0
0.0
0.0
4.0
56.0
0.0
0.0
0.0
0.0
4.0
56.0
0.0
0.0
0.0
0.0
4.0
56.0
0.0
0.53400004
0.0
0.0
4.0
56.6
0.0
1.00926
0.0
0.0
4.0
57.733997
0.0
1.4322414
0.0
0.0
4.0
59.343258
0.0
1.8086947
0.0
0.0
4.0
61.3755
0.0
2.1437383
0.0
0.0
4.0
63.784195
0.0
2.441927
0.0
0.0
4.0
66.52793
0.0
2.707315
0.0
0.0
4.0
69.569855
0.0
2.9435103
0.0
0.0
4.0
72.87717
0.0
3.1537242
0.0
0.0
4.0
76.42068
0.0
3.3408144
0.0
0.0
4.0
80.1744
0.0
3.507325
0.0
0.0
4.0
84.11521
0.0
3.6555192
0.0
0.0
4.0
88.222534
0.0
3.7874122
0.0
0.0
4.0
92.47805
0.0
3.9047966
0.0
0.0
4.0
96.86546
0.0
4.0092688
0.0
0.0
4.0
101.37026
0.0
4.102249
0.0
0.0
4.0
105.97953
0.0
4.1850014
0.0
0.0
4.0
110.68178
0.0
4.2586513
0.0
0.0
4.0
115.46678
0.0
4.3241997
0.0
0.0
4.0
120.32543
0.0
4.3825374
0.0
0.0
4.0
125.24963
0.0
4.4344583
0.0
0.0
4.0
130.23218
0.0
4.4806676
0.0
0.0
4.0
135.26663
0.0
4.521794
0.0
0.0
4.0
140.3473
0.0
4.5583963
0.0
0.0
4.0
145.4691
0.0
4.5909724
0.0
0.0
4.0
150.6275
0.0
4.619965
0.0
0.0
4.0
155.81848
0.0
4.6457686
0.0
0.0
4.0
161.03845
0.0
4.668734
0.0
0.0
4.0
166.28423
0.0
4.689173
0.0
0.0
4.0
171.55296
0.0
4.707364
0.0
0.0
4.0
176.84213
0.0
4.7235537
0.0
0.0
4.0
182.14949
0.0
4.7379627
0.0
0.0
4.0
187.47304
0.0
4.750787
0.0
0.0
4.0
192.811
0.0
4.7622
0.0
0.0
4.0
198.16179
0.0
4.772358
0.0
0.0
4.0
203.52399
0.0
4.7813983
0.0
0.0
4.0
208.89635
0.0
4.7894444
0.0
0.0
4.0
214.27774
0.0
4.7966056
0.0
0.0
4.0
219.66719
0.0
4.802979
0.0
0.0
4.0
225.0638
0.0
4.808651
0.0
0.0
4.0
230.46678
0.0
4.8136992
0.0
0.0
4.0
235.87543
0.0
4.818192
0.0
0.0
4.0
241.28912
0.0
4.8221908
0.0
0.0
4.0
246.70732
0.0
4.8257494
0.0
0.0
4.0
252.12952
0.0
4.828917
0.0
0.0
4.0
257.55527
0.0
4.831736
0.0
0.0
4.0
262.9842
0.0
4.8342447
0.0
0.0
4.0
268.41592
0.0
4.8364778
0.0
0.0
4.0
273.85016
0.0
4.838465
0.0
0.0
4.0
279.28662
0.0
4.840234
0.0
0.0
4.0
284.7251
0.0
4.307808
0.0
0.0
4.0
289.56534
0.0
3.833949
0.0
0.0
4.0
293.87314
0.0
3.4122145
0.0
0.0
4.0
297.7071
0.0
3.036871
0.0
0.0
4.0
301.1193
0.0
2.702815
0.0
0.0
4.0
304.15616
0.0
2.4055054
0.0
0.0
4.0
306.85898
0.0
2.1409
0.0
0.0
4.0
309.2645
0.0
1.9054009
0.0
0.0
4.0
311.4054
1.0
1.6958067
0.0
0.0
4.0
313.3108
1.0
1.5092679
0.0
0.0
4.0
315.0066
1.0
1.3432485
0.0
0.0
4.0
316.51587
1.0
1.1954911
0.0
0.0
4.0
317.85913
1.0
1.063987
0.0
0.0
4.0
319.05463
1.0
1.4809484
0.0
0.0
4.0
320.71863
1.0
1.852044
0.0
0.0
4.0
322.7996
1.0
2.1823192
0.0
0.0
4.0
325.25165
1.0
2.476264
0.0
0.0
4.0
328.03397
1.0
2.7378747
0.0
0.0
4.0
331.11023
1.0
2.9707086
0.0
0.0
4.0
334.4481
1.0
3.1779308
0.0
0.0
4.0
338.0188
1.0
3.3623583
0.0
0.0
4.0
341.79672
1.0
3.526499
0.0
0.0
4.0
345.7591
1.0
3.6725843
0.0
0.0
4.0
349.8856
1.0
3.8026001
0.0
0.0
4.0
354.15817
1.0
3.9183142
0.0
0.0
4.0
358.56076
1.0
4.0213
0.0
0.0
4.0
363.07907
1.0
4.1129565
0.0
0.0
4.0
367.70038
1.0
4.194531
0.0
0.0
4.0
372.41333
1.0
4.2671323
0.0
0.0
4.0
377.20786
1.0
4.3317475
0.0
0.0
4.0
382.07498
1.0
4.389255
0.0
0.0
4.0
387.0067
1.0
4.440437
0.0
0.0
4.0
391.99597
1.0
4.4859886
0.0
0.0
4.0
397.0364
1.0
4.52653
0.0
0.0
4.0
402.1224
1.0
4.5626116
0.0
0.0
4.0
407.24893
1.0
4.594724
0.0
0.0
4.0
412.41153
1.0
4.6233044
0.0
0.0
4.0
417.60626
1.0
4.648741
0.0
0.0
4.0
422.82956
1.0
4.671379
0.0
0.0
4.0
428.0783
1.0
4.6915274
0.0
0.0
4.0
433.3497
1.0
4.7094593
0.0
0.0
4.0
438.64124
1.0
4.7254186
0.0
0.0
4.0
443.95068
1.0
4.7396226
0.0
0.0
4.0
449.2761
1.0
4.752264
0.0
0.0
4.0
454.61572
1.0
4.763515
0.0
0.0
4.0
459.968
1.0
4.773528
0.0
0.0
4.0
465.3315
1.0
4.7824397
0.0
0.0
4.0
470.70505
1.0
4.790371
0.0
0.0
4.0
476.0875
1.0
4.79743
0.0
0.0
4.0
481.47787
1.0
4.8037124
0.0
0.0
4.0
486.8753
1.0
4.8093038
0.0
0.0
4.0
492.27902
1.0
4.81428
0.0
0.0
4.0
497.68832
1.0
4.818709
0.0
0.0
4.0
503.1026
1.0
4.822651
0.0
0.0
4.0
508.5213
1.0
4.826159
0.0
0.0
4.0
513.944
1.0
4.8292813
0.0
0.0
4.0
519.3701
1.0
4.8320603
0.0
0.0
4.0
524.7994
1.0
4.8345337
0.0
0.0
4.0
530.23145
1.0
4.836735
0.0
0.0
4.0
535.66595
1.0
4.8386936
0.0
0.0
4.0
541.10266
1.0
4.840437
0.0
0.0
4.0
546.5414
1.0
4.8419886
0.0
0.0
4.0
551.9818
1.0
4.8433695
0.0
0.0
4.0
557.4238
1.0
4.844599
0.0
0.0
4.0
562.8672
1.0
4.8456926
0.0
0.0
4.0
568.31177
1.0
4.8466663
0.0
0.0
4.0
573.75745
1.0
4.8475327
0.0
0.0
4.0
579.2041
1.0
4.848304
0.0
0.0
4.0
584.6516
1.0
4.8489904
0.0
0.0
4.0
590.0999
1.0
4.8496013
0.0
0.0
4.0
595.5489
1.0
4.850145
0.0
0.0
4.0
600.9985
1.0
4.850629
0.0
0.0
4.0
606.4486
1.0
4.8510594
0.0
0.0
4.0
611.89923
1.0
4.851443
0.0
0.0
4.0
617.3503
1.0
4.8517838
0.0
0.0
4.0
622.8017
1.0
4.8520875
0.0
0.0
4.0
628.2535
1.0
4.852358
0.0
0.0
4.0
633.70557
1.0
4.852598
0.0
0.0
4.0
639.1579
1.0
4.8528123
0.0
0.0
4.0
644.6105
1.0
4.8530025
0.0
0.0
4.0
650.0633
1.0
4.8531723
0.0
0.0
4.0
655.5163
1.0
4.853323
0.0
0.0
4.0
660.9695
1.0
4.8534575
0.0
0.0
4.0
666.4228
2.0
4.853577
0.0
0.0
4.0
671.8762
2.0
4.8536835
0.0
0.0
4.0
677.3298
2.0
4.8537784
0.0
0.0
4.0
682.78345
2.0
4.853863
0.0
0.0
4.0
688.23724
2.0
4.8539376
0.0
0.0
4.0
693.6911
2.0
4.8540044
0.0
0.0
4.0
699.145
2.0
4.8540635
0.0
0.0
4.0
704.599
2.0
4.8541164
0.0
0.0
4.0
710.05304
2.0
4.8541636
0.0
0.0
4.0
715.50714
2.0
4.8542056
0.0
0.0
4.0
720.9613
2.0
4.854243
0.0
0.0
4.0
726.4155
2.0
4.8542757
0.0
0.0
4.0
731.86975
2.0
0.0
0.0
0.0
4.0
731.0
2.0
0.53400004
0.0
0.0
4.0
731.6
2.0
0.0
0.0
0.0
4.0
731.0
2.0
0.53400004
0.0
0.0
4.0
731.6
2.0
0.0
0.0
0.0
4.0
731.0
2.0
0.53400004
0.0
0.0
4.0
731.6
2.0
0.0
0.0
0.0
4.0
731.0
2.0
0.53400004
0.0
0.0
4.0
731.6
2.0
1.00926
0.0
0.0
4.0
732.73395
2.0
1.4322414
0.0
0.0
4.0
734.3432
2.0
1.8086947
0.0
0.0
4.0
736.3754
2.0
2.1437383
0.0
0.0
4.0
738.7841
2.0
2.441927
0.0
0.0
4.0
741.52783
2.0
2.707315
0.0
0.0
4.0
744.56976
2.0
2.9435103
0.0
0.0
4.0
747.8771
2.0
3.1537242
0.0
0.0
4.0
751.4206
2.0
3.3408144
0.0
0.0
4.0
755.1743
2.0
3.507325
0.0
0.0
4.0
759.1151
2.0
3.6555192
0.0
0.0
4.0
763.2224
2.0
3.7874122
0.0
0.0
4.0
767.4779
2.0
3.9047966
0.0
0.0
4.0
771.8653
2.0
4.0092688
0.0
0.0
4.0
776.3701
2.0
4.102249
0.0
0.0
4.0
780.9794
2.0
4.1850014
0.0
0.0
4.0
785.68164
2.0
4.2586513
0.0
0.0
4.0
790.4666
2.0
4.3241997
0.0
0.0
4.0
795.32526
2.0
4.3825374
0.0
0.0
4.0
800.24945
2.0
4.4344583
0.0
0.0
4.0
805.232
3.0
4.4806676
0.0
0.0
4.0
810.2665
3.0
4.521794
0.0
0.0
4.0
815.34717
3.0
4.5583963
0.0
0.0
4.0
820.46893
3.0
4.5909724
0.0
0.0
4.0
825.6273
3.0
4.619965
0.0
0.0
4.0
830.8183
3.0
4.6457686
0.0
0.0
4.0
836.03827
3.0
4.134734
0.0
0.0
4.0
840.684
3.0
3.1459134
0.0
0.0
4.0
844.21875
3.0
2.2658627
0.0
0.0
4.0
846.76465
4.0
1.4826177
0.0
0.0
4.0
848.4305
4.0
1.3195298
0.0
0.0
4.0
849.9131
4.0
1.7083815
0.0
0.0
4.0
851.83264
4.0
2.0544596
0.0
0.0
4.0
854.14105
4.0
2.362469
0.0
0.0
4.0
856.79553
4.0
2.6365974
0.0
0.0
4.0
859.758
4.0
2.8805718
0.0
0.0
4.0
862.99457
4.0
3.0977087
0.0
0.0
4.0
866.47516
4.0
3.2909606
0.0
0.0
4.0
870.17285
4.0
3.462955
0.0
0.0
4.0
874.06384
4.0
3.6160297
0.0
0.0
4.0
878.1268
4.0
3.7522664
0.0
0.0
4.0
882.3428
4.0
3.873517
0.0
0.0
4.0
886.69507
4.0
3.98143
0.0
0.0
4.0
891.1686
4.0
4.0774727
0.0
0.0
4.0
895.75
4.0
4.1629505
0.0
0.0
4.0
900.4275
4.0
4.2390256
0.0
0.0
4.0
905.1904
4.0
0.0
0.0
0.0
4.0
907.0
4.0
0.53400004
0.0
0.0
4.0
907.6
4.0
1.00926
0.0
0.0
4.0
908.73395
4.0
1.4322414
0.0
0.0
4.0
910.3432
4.0
1.8086947
0.0
0.0
4.0
912.3754
4.0
2.1437383
0.0
0.0
4.0
914.7841
4.0
2.441927
0.0
0.0
4.0
917.52783
4.0
2.707315
0.0
0.0
4.0
920.56976
4.0
2.9435103
0.0
0.0
4.0
923.8771
4.0
3.1537242
0.0
0.0
4.0
927.4206
4.0
3.3408144
0.0
0.0
4.0
931.1743
4.0
3.507325
0.0
0.0
4.0
935.1151
4.0
3.6555192
0.0
0.0
4.0
939.2224
4.0
3.7874122
0.0
0.0
4.0
943.4779
4.0
3.9047966
0.0
0.0
4.0
947.8653
4.0
4.0092688
0.0
0.0
4.0
952.3701
4.0
4.102249
0.0
0.0
4.0
956.9794
4.0
4.1850014
0.0
0.0
4.0
961.68164
4.0
4.2586513
0.0
0.0
4.0
966.4666
4.0
4.3241997
0.0
0.0
4.0
971.32526
4.0
4.3825374
0.0
0.0
4.0
976.24945
4.0
4.4344583
0.0
0.0
4.0
981.232
4.0
4.4806676
0.0
0.0
4.0
986.2665
4.0
4.521794
0.0
0.0
4.0
991.34717
4.0
4.5583963
0.0
0.0
4.0
996.46893
4.0
4.5909724
0.0
0.0
4.0
1001.6273
4.0
4.619965
0.0
0.0
4.0
1006.8183
4.0
4.6457686
0.0
0.0
4.0
1012.03827
4.0
4.668734
0.0
0.0
4.0
1017.28406
4.0
4.689173
0.0
0.0
4.0
1022.5528
4.0
4.707364
0.0
0.0
4.0
1027.8419
4.0
4.7235537
0.0
0.0
4.0
1033.1493
4.0
4.7379627
0.0
0.0
4.0
1038.4729
4.0
4.750787
0.0
0.0
4.0
1043.8109
4.0
4.7622
0.0
0.0
4.0
1049.1617
4.0
4.772358
0.0
0.0
4.0
1054.5239
4.0
4.7813983
0.0
0.0
4.0
1059.8962
4.0
4.7894444
0.0
0.0
4.0
1065.2776
4.0
4.7966056
0.0
0.0
4.0
1070.667
4.0
4.802979
0.0
0.0
4.0
1076.0636
4.0
4.808651
0.0
0.0
4.0
1081.4666
4.0
4.8136992
0.0
0.0
4.0
1086.8752
4.0
4.818192
0.0
0.0
4.0
1092.289
4.0
4.8221908
0.0
0.0
4.0
1097.7072
4.0
4.8257494
0.0
0.0
4.0
1103.1294
4.0
4.828917
0.0
0.0
4.0
1108.5552
4.0
4.831736
0.0
0.0
4.0
1113.9841
4.0
4.8342447
0.0
0.0
4.0
1119.4159
4.0
4.8364778
0.0
0.0
4.0
1124.8501
4.0
4.838465
0.0
0.0
4.0
1130.2866
4.0
4.840234
0.0
0.0
4.0
1135.7251
4.0
4.841808
0.0
0.0
4.0
1141.1653
4.0
4.843209
0.0
0.0
4.0
1146.607
4.0
4.8444557
0.0
0.0
4.0
1152.0503
4.0
4.8455653
0.0
0.0
4.0
1157.4948
4.0
4.846553
0.0
0.0
4.0
1162.9403
4.0
4.8474317
0.0
0.0
4.0
1168.3868
4.0
4.848214
0.0
0.0
4.0
1173.8342
4.0
4.8489103
0.0
0.0
4.0
1179.2825
4.0
4.84953
0.0
0.0
4.0
1184.7313
4.0
4.850082
0.0
0.0
4.0
1190.1809
4.0
4.8505726
0.0
0.0
4.0
1195.631
4.0
4.3170094
0.0
0.0
4.0
1200.4816
4.0
3.3081384
0.0
0.0
4.0
1204.1986
4.0
2.4102433
0.0
0.0
4.0
1206.9067
4.0
1.6111164
0.0
0.0
4.0
1208.717
4.0
0.8998936
0.0
0.0
4.0
1209.7281
4.0
0.0
0.0
0.0
4.0
1209.7281
4.0
-0.53400004
0.0
0.0
4.0
1209.1282
4.0
-1.00926
0.0
0.0
4.0
1207.9941
4.0
-1.4322414
0.0
0.0
4.0
1206.3849
4.0
-1.8086947
0.0
0.0
4.0
1204.3527
4.0
-2.1437383
0.0
0.0
4.0
1201.944
4.0
-2.441927
0.0
0.0
4.0
1199.2002
4.0
-2.707315
0.0
0.0
4.0
1196.1583
4.0
-2.9435103
0.0
0.0
4.0
1192.851
4.0
-3.1537242
0.0
0.0
4.0
1189.3075
4.0
-3.3408144
0.0
0.0
4.0
1185.5537
4.0
-2.9733248
0.0
0.0
4.0
1182.2129
4.0
-2.646259
0.0
0.0
4.0
1179.2396
4.0
-1.8211704
0.0
0.0
4.0
1177.1934
4.0
-1.0868417
0.0
0.0
4.0
1175.9722
4.0
0.0
0.0
0.0
4.0
1175.9722
4.0
0.53400004
0.0
0.0
4.0
1176.5721
4.0
1.00926
0.0
0.0
4.0
1177.7062
4.0
1.4322414
0.0
0.0
4.0
1179.3154
4.0
1.8086947
0.0
0.0
4.0
1181.3477
4.0
2.1437383
0.0
0.0
4.0
1183.7563
4.0
2.441927
0.0
0.0
4.0
1186.5001
4.0
2.707315
0.0
0.0
4.0
1189.542
4.0
2.4095104
0.0
0.0
4.0
1192.2493
4.0
2.1444643
0.0
0.0
4.0
1194.6588
4.0
1.3745731
0.0
0.0
4.0
1196.2032
4.0
0.68937004
0.0
0.0
4.0
1196.9778
5.0
0.0
0.0
0.0
4.0
1196.9778
5.0
-0.53400004
0.0
0.0
4.0
1196.3778
5.0
-1.00926
0.0
0.0
4.0
1195.2438
5.0
-1.4322414
0.0
0.0
4.0
1193.6345
5.0
-1.8086947
0.0
0.0
4.0
1191.6023
5.0
-2.1437383
0.0
0.0
4.0
1189.1936
5.0
-2.441927
0.0
0.0
4.0
1186.4498
5.0
-2.173315
0.0
0.0
4.0
1184.0079
5.0
-1.9342504
0.0
0.0
4.0
1181.8346
5.0
-1.7214828
0.0
0.0
4.0
1179.9004
5.0
-1.5321196
0.0
0.0
4.0
1178.179
5.0
-1.3635864
0.0
0.0
4.0
1176.6469
5.0
-1.2135919
0.0
0.0
4.0
1175.2832
5.0
-1.0800968
0.0
0.0
4.0
1174.0696
5.0
-0.9612862
0.0
0.0
4.0
1172.9895
5.0
-0.8555447
0.0
0.0
4.0
1172.0282
5.0
-0.76143473
0.0
0.0
4.0
1171.1726
5.0
0.0
0.0
0.0
4.0
1171.1726
5.0
0.53400004
0.0
0.0
4.0
1171.7726
5.0
1.00926
0.0
0.0
4.0
1172.9066
5.0
1.4322414
0.0
0.0
4.0
1174.5159
5.0
1.8086947
0.0
0.0
4.0
1176.5481
5.0
2.1437383
0.0
0.0
4.0
1178.9568
5.0
2.441927
0.0
0.0
4.0
1181.7006
5.0
2.707315
0.0
0.0
4.0
1184.7424
5.0
2.9435103
0.0
0.0
4.0
1188.0498
5.0
2.619724
0.0
0.0
4.0
1190.9933
5.0
2.3315544
0.0
0.0
4.0
1193.613
5.0
2.0750835
0.0
0.0
4.0
1195.9446
5.0
1.8468243
0.0
0.0
4.0
1198.0197
5.0
1.1096736
0.0
0.0
4.0
1199.2665
5.0
0.4536095
0.0
0.0
4.0
1199.7761
5.0
0.0
0.0
0.0
4.0
1199.7761
6.0
0.0
0.0
0.0
4.0
1199.7761
6.0
0.0
0.0
0.0
4.0
1199.7761
6.0
0.53400004
0.0
0.0
4.0
1200.3761
6.0
1.00926
0.0
0.0
4.0
1201.5101
6.0
1.4322414
0.0
0.0
4.0
1203.1194
6.0
1.8086947
0.0
0.0
4.0
1205.1516
6.0
2.1437383
0.0
0.0
4.0
1207.5603
6.0
2.441927
0.0
0.0
4.0
1210.3041
6.0
2.707315
0.0
0.0
4.0
1213.346
6.0
2.9435103
0.0
0.0
4.0
1216.6533
6.0
3.1537242
0.0
0.0
4.0
1220.1968
6.0
3.3408144
0.0
0.0
4.0
1223.9506
6.0
3.507325
0.0
0.0
4.0
1227.8914
6.0
3.6555192
0.0
0.0
4.0
1231.9987
6.0
3.7874122
0.0
0.0
4.0
1236.2542
6.0
3.9047966
0.0
0.0
4.0
1240.6416
6.0
4.0092688
0.0
0.0
4.0
1245.1464
6.0
4.102249
0.0
0.0
4.0
1249.7556
6.0
4.1850014
0.0
0.0
4.0
1254.4579
6.0
4.2586513
0.0
0.0
4.0
1259.2429
6.0
4.3241997
0.0
0.0
4.0
1264.1016
6.0
4.3825374
0.0
0.0
4.0
1269.0258
6.0
4.4344583
0.0
0.0
4.0
1274.0083
6.0
4.4806676
0.0
0.0
4.0
1279.0427
6.0
4.521794
0.0
0.0
4.0
1284.1234
6.0
4.5583963
0.0
0.0
4.0
1289.2452
6.0
4.5909724
0.0
0.0
4.0
1294.4037
6.0
4.619965
0.0
0.0
4.0
1299.5946
6.0
4.6457686
0.0
0.0
4.0
1304.8146
6.0
4.668734
0.0
0.0
4.0
1310.0603
6.0
4.689173
0.0
0.0
4.0
1315.329
6.0
4.707364
0.0
0.0
4.0
1320.6182
6.0
4.7235537
0.0
0.0
4.0
1325.9255
6.0
4.7379627
0.0
0.0
4.0
1331.2491
6.0
4.750787
0.0
0.0
4.0
1336.5872
6.0
4.7622
0.0
0.0
4.0
1341.938
6.0
4.772358
0.0
0.0
4.0
1347.3002
6.0
4.7813983
0.0
0.0
4.0
1352.6725
6.0
4.7894444
0.0
0.0
4.0
1358.0538
6.0
4.7966056
0.0
0.0
4.0
1363.4432
6.0
4.802979
0.0
0.0
4.0
1368.8398
6.0
4.808651
0.0
0.0
4.0
1374.2428
6.0
4.8136992
0.0
0.0
4.0
1379.6515
6.0
4.818192
0.0
0.0
4.0
1385.0652
6.0
4.8221908
0.0
0.0
4.0
1390.4834
6.0
4.8257494
0.0
0.0
4.0
1395.9056
6.0
4.828917
0.0
0.0
4.0
1401.3314
6.0
4.831736
0.0
0.0
4.0
1406.7604
6.0
4.8342447
0.0
0.0
4.0
1412.1921
6.0
4.8364778
0.0
0.0
4.0
1417.6263
6.0
4.838465
0.0
0.0
4.0
1423.0629
6.0
4.840234
0.0
0.0
4.0
1428.5013
6.0
4.307808
0.0
0.0
4.0
1433.3416
6.0
3.833949
0.0
0.0
4.0
1437.6494
6.0
3.4122145
0.0
0.0
4.0
1441.4834
6.0
3.036871
0.0
0.0
4.0
1444.8956
6.0
2.702815
0.0
0.0
4.0
1447.9325
6.0
2.4055054
0.0
0.0
4.0
1450.6353
6.0
2.1409
0.0
0.0
4.0
1453.0408
6.0
1.9054009
0.0
0.0
4.0
1455.1816
6.0
1.6958067
0.0
0.0
4.0
1457.087
6.0
1.5092679
0.0
0.0
4.0
1458.7828
6.0
1.8772484
0.0
0.0
4.0
1460.8921
6.0
2.204751
0.0
0.0
4.0
1463.3694
6.0
2.4962282
0.0
0.0
4.0
1466.1742
6.0
2.221643
0.0
0.0
4.0
1468.6704
6.0
1.9772623
0.0
0.0
4.0
1470.8921
6.0
1.7597634
0.0
0.0
4.0
1472.8694
6.0
1.5661894
0.0
0.0
4.0
1474.6292
6.0
1.3939085
0.0
0.0
4.0
1476.1953
6.0
1.2405785
0.0
0.0
4.0
1477.5892
7.0
1.1041149
0.0
0.0
4.0
1478.8298
7.0
0.44866222
0.0
0.0
4.0
1479.334
7.0
0.0
0.0
0.0
4.0
1479.334
7.0
-0.53400004
0.0
0.0
4.0
1478.734
7.0
-1.00926
0.0
0.0
4.0
1477.6
7.0
-1.4322414
0.0
0.0
4.0
1475.9907
7.0
-1.8086947
0.0
0.0
4.0
1473.9585
7.0
-2.1437383
0.0
0.0
4.0
1471.5498
7.0
-2.441927
0.0
0.0
4.0
1468.806
7.0
-2.173315
0.0
0.0
4.0
1466.3641
7.0
-1.9342504
0.0
0.0
4.0
1464.1908
7.0
-1.1874828
0.0
0.0
4.0
1462.8566
7.0
-0.5228597
0.0
0.0
4.0
1462.269
7.0
0.0
0.0
0.0
4.0
1462.269
7.0
0.53400004
0.0
0.0
4.0
1462.869
7.0
1.00926
0.0
0.0
4.0
1464.003
7.0
1.4322414
0.0
0.0
4.0
1465.6123
7.0
1.8086947
0.0
0.0
4.0
1467.6445
7.0
1.6097382
0.0
0.0
4.0
1469.4532
7.0
1.432667
0.0
0.0
4.0
1471.063
7.0
1.2750736
0.0
0.0
4.0
1472.4956
7.0
1.1348156
0.0
0.0
4.0
1473.7706
7.0
1.0099858
0.0
0.0
4.0
1474.9054
7.0
0.89888734
0.0
0.0
4.0
1475.9154
7.0
0.8000097
0.0
0.0
4.0
1476.8143
7.0
0.71200866
0.0
0.0
4.0
1477.6144
8.0
0.6336877
0.0
0.0
4.0
1478.3264
8.0
0.563982
0.0
0.0
4.0
1478.9601
8.0
1.035944
0.0
0.0
4.0
1480.124
8.0
1.4559902
0.0
0.0
4.0
1481.76
8.0
1.8298312
0.0
0.0
4.0
1483.816
8.0
2.1625497
0.0
0.0
4.0
1486.2458
8.0
2.4586694
0.0
0.0
4.0
1489.0084
8.0
2.722216
0.0
0.0
4.0
1492.0671
8.0
2.9567723
0.0
0.0
4.0
1495.3894
8.0
3.1655273
0.0
0.0
4.0
1498.9462
8.0
3.3513193
0.0
0.0
4.0
1502.7117
8.0
3.516674
0.0
0.0
4.0
1506.663
8.0
3.6638398
0.0
0.0
4.0
1510.7797
8.0
3.7948172
0.0
0.0
4.0
1515.0435
8.0
3.9113874
0.0
0.0
4.0
1519.4382
8.0
4.015135
0.0
0.0
4.0
1523.9496
8.0
4.10747
0.0
0.0
4.0
1528.5647
8.0
4.189648
0.0
0.0
4.0
1533.2722
8.0
4.262787
0.0
0.0
4.0
1538.0619
8.0
4.3278804
0.0
0.0
4.0
1542.9247
8.0
4.385813
0.0
0.0
4.0
1547.8525
8.0
4.4373736
0.0
0.0
4.0
1552.8384
8.0
4.4832625
0.0
0.0
4.0
1557.8757
8.0
4.5241036
0.0
0.0
4.0
1562.959
8.0
4.560452
0.0
0.0
4.0
1568.0831
8.0
4.592802
0.0
0.0
4.0
1573.2435
8.0
4.6215935
0.0
0.0
4.0
1578.4363
8.0
4.647218
0.0
0.0
4.0
1583.6578
8.0
4.670024
0.0
0.0
4.0
1588.905
8.0
4.690321
0.0
0.0
4.0
1594.175
8.0
4.7083855
0.0
0.0
4.0
1599.4653
8.0
4.724463
0.0
0.0
4.0
1604.7737
8.0
4.738772
0.0
0.0
4.0
1610.0981
8.0
4.751507
0.0
0.0
4.0
1615.4369
8.0
4.7628407
0.0
0.0
4.0
1620.7885
8.0
4.772928
0.0
0.0
4.0
1626.1512
8.0
4.781906
0.0
0.0
4.0
1631.5242
8.0
4.7898965
0.0
0.0
4.0
1636.9061
8.0
4.7970076
0.0
0.0
4.0
1642.296
8.0
4.8033366
0.0
0.0
4.0
1647.693
8.0
4.8089695
0.0
0.0
4.0
1653.0963
8.0
3.745983
0.0
0.0
4.0
1657.3053
8.0
2.7999246
0.0
0.0
4.0
1660.4513
8.0
1.9579327
0.0
0.0
4.0
1662.6512
8.0
1.2085601
0.0
0.0
4.0
1664.0092
8.0
0.54161847
0.0
0.0
4.0
1664.6177
9.0
0.48204044
0.0
0.0
4.0
1665.1593
9.0
0.0
0.0
0.0
4.0
1665.1593
9.0
0.0
0.0
0.0
4.0
1665.1593
9.0
0.0
0.0
0.0
4.0
1665.1593
9.0
0.0
0.0
0.0
4.0
1665.1593
9.0
0.0
0.0
0.0
4.0
1665.1593
9.0
0.0
0.0
0.0
4.0
1665.1593
9.0
0.0
0.0
0.0
4.0
1665.1593
9.0
0.0
0.0
0.0
4.0
1665.1593
9.0
0.0
0.0
0.0
4.0
1665.1593
9.0
0.0
0.0
0.0
4.0
1665.1593
9.0
0.0
0.0
0.0
4.0
1665.1593
9.0
0.53400004
0.0
0.0
4.0
1665.7593
9.0
1.00926
0.0
0.0
4.0
1666.8933
9.0
1.4322414
0.0
0.0
4.0
1668.5026
9.0
1.8086947
0.0
0.0
4.0
1670.5348
9.0
2.1437383
0.0
0.0
4.0
1672.9435
9.0
2.441927
0.0
0.0
4.0
1675.6873
9.0
2.707315
0.0
0.0
4.0
1678.7291
9.0
2.9435103
0.0
0.0
4.0
1682.0365
9.0
3.1537242
0.0
0.0
4.0
1685.58
9.0
3.3408144
0.0
0.0
4.0
1689.3337
9.0
3.507325
0.0
0.0
4.0
1693.2745
9.0
3.6555192
0.0
0.0
4.0
1697.3818
9.0
3.7874122
0.0
0.0
4.0
1701.6373
9.0
3.9047966
0.0
0.0
4.0
1706.0248
9.0
4.0092688
0.0
0.0
4.0
1710.5295
9.0
4.102249
0.0
0.0
4.0
1715.1388
9.0
4.1850014
0.0
0.0
4.0
1719.8411
9.0
4.2586513
0.0
0.0
4.0
1724.6261
9.0
4.3241997
0.0
0.0
4.0
1729.4847
9.0
4.3825374
0.0
0.0
4.0
1734.4089
9.0
4.4344583
0.0
0.0
4.0
1739.3915
9.0
4.4806676
0.0
0.0
4.0
1744.4259
9.0
4.521794
0.0
0.0
4.0
1749.5066
9.0
4.5583963
0.0
0.0
4.0
1754.6284
9.0
4.5909724
0.0
0.0
4.0
1759.7869
9.0
4.619965
0.0
0.0
4.0
1764.9778
9.0
4.6457686
0.0
0.0
4.0
1770.1978
9.0
4.668734
0.0
0.0
4.0
1775.4435
9.0
4.689173
0.0
0.0
4.0
1780.7122
9.0
4.707364
0.0
0.0
4.0
1786.0013
9.0
4.7235537
0.0
0.0
4.0
1791.3087
9.0
4.7379627
0.0
0.0
4.0
1796.6323
9.0
4.750787
0.0
0.0
4.0
1801.9703
9.0
4.7622
0.0
0.0
4.0
1807.3212
9.0
4.772358
0.0
0.0
4.0
1812.6833
9.0
4.7813983
0.0
0.0
4.0
1818.0557
9.0
4.7894444
0.0
0.0
4.0
1823.437
9.0
4.7966056
0.0
0.0
4.0
1828.8264
9.0
4.802979
0.0
0.0
4.0
1834.223
9.0
4.808651
0.0
0.0
4.0
1839.626
9.0
4.8136992
0.0
0.0
4.0
1845.0347
9.0
4.818192
0.0
0.0
4.0
1850.4484
9.0
4.8221908
0.0
0.0
4.0
1855.8666
9.0
4.8257494
0.0
0.0
4.0
1861.2888
9.0
4.828917
0.0
0.0
4.0
1866.7146
9.0
4.831736
0.0
0.0
4.0
1872.1436
9.0
4.8342447
0.0
0.0
4.0
1877.5753
9.0
4.8364778
0.0
0.0
4.0
1883.0095
9.0
4.838465
0.0
0.0
4.0
1888.446
9.0
4.840234
0.0
0.0
4.0
1893.8845
9.0
4.841808
0.0
0.0
4.0
1899.3247
9.0
4.843209
0.0
0.0
4.0
1904.7665
9.0
4.8444557
0.0
0.0
4.0
1910.2097
9.0
4.8455653
0.0
0.0
4.0
1915.6542
9.0
4.846553
0.0
0.0
4.0
1921.0997
9.0
4.8474317
0.0
0.0
4.0
1926.5463
9.0
4.848214
0.0
0.0
4.0
1931.9937
9.0
4.8489103
0.0
0.0
4.0
1937.4419
9.0
4.3155303
0.0
0.0
4.0
1942.2908
9.0
3.306822
0.0
0.0
4.0
1946.0063
9.0
2.4090714
0.0
0.0
4.0
1948.7131
9.0
1.6100736
0.0
0.0
4.0
1950.5222
9.0
0.8989654
0.0
0.0
4.0
1951.5323
9.0
0.8000792
0.0
0.0
4.0
1952.4313
9.0
0.7120705
0.0
0.0
4.0
1953.2313
10.0
0.63374275
0.0
0.0
4.0
1953.9434
10.0
0.56403106
0.0
0.0
4.0
1954.5771
10.0
0.50198764
0.0
0.0
4.0
1955.1412
10.0
0.446769
0.0
0.0
4.0
1955.6432
10.0
0.0
0.0
0.0
4.0
1955.6432
10.0
0.0
0.0
0.0
4.0
1955.6432
10.0
0.0
0.0
0.0
4.0
1955.6432
10.0
0.0
0.0
0.0
4.0
1955.6432
10.0
0.0
0.0
0.0
4.0
1955.6432
11.0
0.0
0.0
0.0
4.0
1955.6432
11.0
-0.53400004
0.0
0.0
4.0
1955.0432
11.0
-1.00926
0.0
0.0
4.0
1953.9092
11.0
-1.4322414
0.0
0.0
4.0
1952.2999
11.0
-1.8086947
0.0
0.0
4.0
1950.2677
11.0
-2.1437383
0.0
0.0
4.0
1947.859
11.0
-2.441927
0.0
0.0
4.0
1945.1152
11.0
-2.707315
0.0
0.0
4.0
1942.0734
11.0
-2.4095104
0.0
0.0
4.0
1939.3661
11.0
-1.6104642
0.0
0.0
4.0
1937.5565
11.0
-0.8993131
0.0
0.0
4.0
1936.546
11.0
0.0
0.0
0.0
4.0
1936.546
11.0
0.53400004
0.0
0.0
4.0
1937.146
11.0
1.00926
0.0
0.0
4.0
1938.28
11.0
1.4322414
0.0
0.0
4.0
1939.8893
11.0
1.8086947
0.0
0.0
4.0
1941.9215
11.0
2.1437383
0.0
0.0
4.0
1944.3302
11.0
1.907927
0.0
0.0
4.0
1946.474
11.0
1.698055
0.0
0.0
4.0
1948.382
11.0
1.511269
0.0
0.0
4.0
1950.08
11.0
0.8110294
0.0
0.0
4.0
1950.9912
11.0
0.0
0.0
0.0
4.0
1950.9912
11.0
-0.53400004
0.0
0.0
4.0
1950.3912
11.0
-1.00926
0.0
0.0
4.0
1949.2572
12.0
-1.4322414
0.0
0.0
4.0
1947.648
12.0
-1.8086947
0.0
0.0
4.0
1945.6157
12.0
-2.1437383
0.0
0.0
4.0
1943.207
12.0
-2.441927
0.0
0.0
4.0
1940.4633
12.0
-2.707315
0.0
0.0
4.0
1937.4214
12.0
-2.4095104
0.0
0.0
4.0
1934.7141
12.0
-2.1444643
0.0
0.0
4.0
1932.3046
12.0
-1.9085732
0.0
0.0
4.0
1930.1602
12.0
-1.6986301
0.0
0.0
4.0
1928.2516
12.0
-0.97778076
0.0
0.0
4.0
1927.153
12.0
0.0
0.0
0.0
4.0
1927.153
12.0
0.53400004
0.0
0.0
4.0
1927.7529
12.0
1.00926
0.0
0.0
4.0
1928.887
12.0
1.4322414
0.0
0.0
4.0
1930.4962
12.0
1.8086947
0.0
0.0
4.0
1932.5284
12.0
2.1437383
0.0
0.0
4.0
1934.9371
12.0
2.441927
0.0
0.0
4.0
1937.6809
12.0
2.173315
0.0
0.0
4.0
1940.1228
12.0
1.9342504
0.0
0.0
4.0
1942.2961
12.0
1.7214828
0.0
0.0
4.0
1944.2303
12.0
1.5321196
0.0
0.0
4.0
1945.9518
12.0
1.3635864
0.0
0.0
4.0
1947.4839
12.0
1.2135919
0.0
0.0
4.0
1948.8474
12.0
1.0800968
0.0
0.0
4.0
1950.061
12.0
0.9612862
0.0
0.0
4.0
1951.1411
13.0
0.8555447
0.0
0.0
4.0
1952.1024
13.0
0.76143473
0.0
0.0
4.0
1952.958
13.0
1.2116768
0.0
0.0
4.0
1954.3195
13.0
1.6123924
0.0
0.0
4.0
1956.1311
13.0
1.9690292
0.0
0.0
4.0
1958.3435
13.0
2.286436
0.0
0.0
4.0
1960.9125
13.0
2.568928
0.0
0.0
4.0
1963.799
13.0
2.820346
0.0
0.0
4.0
1966.9679
13.0
3.0441082
0.0
0.0
4.0
1970.3882
13.0
3.2432563
0.0
0.0
4.0
1974.0323
13.0
3.4204981
0.0
0.0
4.0
1977.8756
13.0
3.5782435
0.0
0.0
4.0
1981.8961
13.0
3.7186368
0.0
0.0
4.0
1986.0743
13.0
3.8435867
0.0
0.0
4.0
1990.393
13.0
3.9547923
0.0
0.0
4.0
1994.8365
13.0
4.0537653
0.0
0.0
4.0
1999.3914
13.0
4.141851
0.0
0.0
4.0
2004.0452
13.0
4.2202473
0.0
0.0
4.0
2008.787
13.0
4.29002
0.0
0.0
4.0
2013.6072
13.0
4.3521175
0.0
0.0
4.0
2018.4972
13.0
4.4073844
0.0
0.0
4.0
2023.4493
13.0
4.456572
0.0
0.0
4.0
2028.4567
13.0
4.500349
0.0
0.0
4.0
2033.5132
13.0
4.5393105
0.0
0.0
4.0
2038.6135
13.0
4.573986
0.0
0.0
4.0
2043.7528
13.0
4.6048474
0.0
0.0
4.0
2048.9268
13.0
4.632314
0.0
0.0
4.0
2054.1316
13.0
4.6567593
0.0
0.0
4.0
2059.364
13.0
4.6785154
0.0
0.0
4.0
2064.6208
13.0
4.6978784
0.0
0.0
4.0
2069.8994
13.0
4.7151117
0.0
0.0
4.0
2075.1973
13.0
4.730449
0.0
0.0
4.0
2080.5125
13.0
4.7440996
0.0
0.0
4.0
2085.843
13.0
4.7562485
0.0
0.0
4.0
2091.187
13.0
4.7670608
0.0
0.0
4.0
2096.5432
13.0
4.776684
0.0
0.0
4.0
2101.9102
13.0
4.7852483
0.0
0.0
4.0
2107.2869
13.0
4.792871
0.0
0.0
4.0
2112.672
13.0
4.799655
0.0
0.0
4.0
2118.065
13.0
4.8056927
0.0
0.0
4.0
2123.4646
13.0
4.811066
0.0
0.0
4.0
2128.8704
13.0
4.815849
0.0
0.0
4.0
2134.2815
13.0
4.820105
0.0
0.0
4.0
2139.6973
13.0
4.8238935
0.0
0.0
4.0
2145.1174
13.0
4.8272653
0.0
0.0
4.0
2150.5413
13.0
4.830266
0.0
0.0
4.0
2155.9685
13.0
4.832937
0.0
0.0
4.0
2161.3987
13.0
4.8353133
0.0
0.0
4.0
2166.8315
13.0
4.8374286
0.0
0.0
4.0
2172.2668
13.0
4.305311
0.0
0.0
4.0
2177.1042
13.0
3.831727
0.0
0.0
4.0
2181.4097
13.0
3.410237
0.0
0.0
4.0
2185.2415
13.0
0.0
0.0
0.0
4.0
2187.0
13.0
0.0
0.0
0.0
4.0
2187.0
13.0
0.0
0.0
0.0
4.0
2187.0
13.0
0.0
0.0
0.0
4.0
2187.0
13.0
0.0
0.0
0.0
4.0
2187.0
13.0
0.0
0.0
0.0
4.0
2187.0
13.0
0.53400004
0.0
0.0
4.0
2187.6
13.0
1.00926
0.0
0.0
4.0
2188.7341
13.0
1.4322414
0.0
0.0
4.0
2190.3435
13.0
1.8086947
0.0
0.0
4.0
2192.3757
13.0
2.1437383
0.0
0.0
4.0
2194.7844
13.0
2.441927
0.0
0.0
4.0
2197.528
13.0
2.707315
0.0
0.0
4.0
2200.57
13.0
2.9435103
0.0
0.0
4.0
2203.8774
13.0
3.1537242
0.0
0.0
4.0
2207.421
13.0
3.3408144
0.0
0.0
4.0
2211.1746
13.0
3.507325
0.0
0.0
4.0
2215.1155
13.0
3.6555192
0.0
0.0
4.0
2219.223
13.0
3.7874122
0.0
0.0
4.0
2223.4785
13.0
3.9047966
0.0
0.0
4.0
2227.866
13.0
4.0092688
0.0
0.0
4.0
2232.3708
13.0
4.102249
0.0
0.0
4.0
2236.9802
13.0
4.1850014
0.0
0.0
4.0
2241.6824
13.0
4.2586513
0.0
0.0
4.0
2246.4673
13.0
4.3241997
0.0
0.0
4.0
2251.326
13.0
4.3825374
0.0
0.0
4.0
2256.2502
13.0
4.4344583
0.0
0.0
4.0
2261.2327
13.0
4.4806676
0.0
0.0
4.0
2266.267
13.0
4.521794
0.0
0.0
4.0
2271.3477
13.0
4.5583963
0.0
0.0
4.0
2276.4695
13.0
4.5909724
0.0
0.0
4.0
2281.628
13.0
4.619965
0.0
0.0
4.0
2286.8188
13.0
4.6457686
0.0
0.0
4.0
2292.0388
13.0
4.668734
0.0
0.0
4.0
2297.2847
13.0
4.689173
0.0
0.0
4.0
2302.5535
13.0
4.707364
0.0
0.0
4.0
2307.8425
13.0
4.7235537
0.0
0.0
4.0
2313.15
13.0
4.7379627
0.0
0.0
4.0
2318.4734
13.0
4.750787
0.0
0.0
4.0
2323.8113
13.0
4.7622
0.0
0.0
4.0
2329.162
13.0
4.772358
0.0
0.0
4.0
2334.5244
13.0
4.7813983
0.0
0.0
4.0
2339.8967
13.0
4.7894444
0.0
0.0
4.0
2345.278
13.0
4.7966056
0.0
0.0
4.0
2350.6675
13.0
4.802979
0.0
0.0
4.0
2356.064
13.0
4.808651
0.0
0.0
4.0
2361.467
13.0
4.8136992
0.0
0.0
4.0
2366.8757
13.0
4.818192
0.0
0.0
4.0
2372.2896
13.0
4.8221908
0.0
0.0
4.0
2377.7078
13.0
4.8257494
0.0
0.0
4.0
2383.13
13.0
4.828917
0.0
0.0
4.0
2388.5557
13.0
4.831736
0.0
0.0
4.0
2393.9846
13.0
4.8342447
0.0
0.0
4.0
2399.4163
13.0
4.8364778
0.0
0.0
4.0
2404.8506
13.0
4.3044653
0.0
0.0
4.0
2409.687
13.0
0.0
0.0
0.0
4.0
2411.0
13.0
0.0
0.0
0.0
4.0
2411.0
13.0
0.0
0.0
0.0
4.0
2411.0
13.0
0.0
0.0
0.0
4.0
2411.0
13.0
0.0
0.0
0.0
4.0
2411.0
13.0
0.0
0.0
0.0
4.0
2411.0
13.0
0.53400004
0.0
0.0
4.0
2411.6
13.0
1.00926
0.0
0.0
4.0
2412.7341
13.0
1.4322414
0.0
0.0
4.0
2414.3435
13.0
1.8086947
0.0
0.0
4.0
2416.3757
13.0
2.1437383
0.0
0.0
4.0
2418.7844
13.0
2.441927
0.0
0.0
4.0
2421.528
13.0
2.707315
0.0
0.0
4.0
2424.57
13.0
2.9435103
0.0
0.0
4.0
2427.8774
13.0
3.1537242
0.0
0.0
4.0
2431.421
13.0
3.3408144
0.0
0.0
4.0
2435.1746
13.0
3.507325
0.0
0.0
4.0
2439.1155
13.0
3.6555192
0.0
0.0
4.0
2443.223
13.0
3.7874122
0.0
0.0
4.0
2447.4785
13.0
3.9047966
0.0
0.0
4.0
2451.866
13.0
4.0092688
0.0
0.0
4.0
2456.3708
13.0
4.102249
0.0
0.0
4.0
2460.9802
13.0
4.1850014
0.0
0.0
4.0
2465.6824
13.0
4.2586513
0.0
0.0
4.0
2470.4673
13.0
4.3241997
0.0
0.0
4.0
2475.326
13.0
4.3825374
0.0
0.0
4.0
2480.2502
13.0
4.4344583
0.0
0.0
4.0
2485.2327
13.0
4.4806676
0.0
0.0
4.0
2490.267
13.0
4.521794
0.0
0.0
4.0
2495.3477
13.0
4.5583963
0.0
0.0
4.0
2500.4695
13.0
4.5909724
0.0
0.0
4.0
2505.628
13.0
4.619965
0.0
0.0
4.0
2510.8188
13.0
4.6457686
0.0
0.0
4.0
2516.0388
13.0
4.668734
0.0
0.0
4.0
2521.2847
13.0
4.689173
0.0
0.0
4.0
2526.5535
13.0
4.707364
0.0
0.0
4.0
2531.8425
13.0
4.7235537
0.0
0.0
4.0
2537.15
13.0
4.7379627
0.0
0.0
4.0
2542.4734
13.0
4.750787
0.0
0.0
4.0
2547.8113
13.0
4.7622
0.0
0.0
4.0
2553.162
13.0
4.772358
0.0
0.0
4.0
2558.5244
13.0
4.7813983
0.0
0.0
4.0
2563.8967
13.0
4.7894444
0.0
0.0
4.0
2569.278
13.0
4.7966056
0.0
0.0
4.0
2574.6675
13.0
4.802979
0.0
0.0
4.0
2580.064
13.0
4.808651
0.0
0.0
4.0
2585.467
13.0
4.8136992
0.0
0.0
4.0
2590.8757
13.0
4.818192
0.0
0.0
4.0
2596.2896
13.0
4.8221908
0.0
0.0
4.0
2601.7078
13.0
4.8257494
0.0
0.0
4.0
2607.13
13.0
4.828917
0.0
0.0
4.0
2612.5557
13.0
4.831736
0.0
0.0
4.0
2617.9846
13.0
4.8342447
0.0
0.0
4.0
2623.4163
13.0
4.8364778
0.0
0.0
4.0
2628.8506
13.0
4.838465
0.0
0.0
4.0
2634.287
13.0
4.840234
0.0
0.0
4.0
2639.7256
13.0
4.841808
0.0
0.0
4.0
2645.1658
13.0
4.843209
0.0
0.0
4.0
2650.6077
13.0
4.8444557
0.0
0.0
4.0
2656.0508
13.0
4.8455653
0.0
0.0
4.0
2661.495
13.0
4.846553
0.0
0.0
4.0
2666.9407
13.0
4.8474317
0.0
0.0
4.0
2672.3872
13.0
4.848214
0.0
0.0
4.0
2677.8347
13.0
4.8489103
0.0
0.0
4.0
2683.283
13.0
4.84953
0.0
0.0
4.0
2688.732
13.0
4.850082
0.0
0.0
4.0
2694.1814
13.0
4.8505726
0.0
0.0
4.0
2699.6316
13.0
4.8510094
0.0
0.0
4.0
2705.0823
13.0
4.851398
0.0
0.0
4.0
2710.5332
13.0
4.851744
0.0
0.0
4.0
2715.9846
13.0
4.852052
0.0
0.0
4.0
2721.4363
13.0
4.8523264
0.0
0.0
4.0
2726.8884
13.0
4.8525705
0.0
0.0
4.0
2732.3408
13.0
4.8527875
0.0
0.0
4.0
2737.7935
13.0
4.8529806
0.0
0.0
4.0
2743.2463
13.0
4.8531528
0.0
0.0
4.0
2748.6992
13.0
4.319306
0.0
0.0
4.0
2753.5525
13.0
3.3101823
0.0
0.0
4.0
2757.2717
13.0
2.4120622
0.0
0.0
4.0
2759.982
13.0
1.6127353
0.0
0.0
4.0
2761.794
14.0
0.90133435
0.0
0.0
4.0
2762.8066
14.0
0.0
0.0
0.0
4.0
2762.8066
14.0
0.0
0.0
0.0
4.0
2762.8066
14.0
0.0
0.0
0.0
4.0
2762.8066
14.0
0.0
0.0
0.0
4.0
2762.8066
14.0
0.0
0.0
0.0
4.0
2762.8066
14.0
0.0
0.0
0.0
4.0
2762.8066
14.0
0.53400004
0.0
0.0
4.0
2763.4067
14.0
1.00926
0.0
0.0
4.0
2764.5408
14.0
1.4322414
0.0
0.0
4.0
2766.1501
14.0
1.8086947
0.0
0.0
4.0
2768.1824
14.0
2.1437383
0.0
0.0
4.0
2770.591
14.0
2.441927
0.0
0.0
4.0
2773.3347
14.0
2.707315
0.0
0.0
4.0
2776.3767
14.0
2.9435103
0.0
0.0
4.0
2779.684
14.0
3.1537242
0.0
0.0
4.0
2783.2275
14.0
3.3408144
0.0
0.0
4.0
2786.9812
14.0
3.507325
0.0
0.0
4.0
2790.922
14.0
3.6555192
0.0
0.0
4.0
2795.0295
14.0
3.7874122
0.0
0.0
4.0
2799.2852
14.0
3.9047966
0.0
0.0
4.0
2803.6726
14.0
4.0092688
0.0
0.0
4.0
2808.1775
14.0
4.102249
0.0
0.0
4.0
2812.7869
14.0
4.1850014
0.0
0.0
4.0
2817.489
14.0
4.2586513
0.0
0.0
4.0
2822.274
14.0
4.3241997
0.0
0.0
4.0
2827.1326
14.0
4.3825374
0.0
0.0
4.0
2832.057
14.0
4.4344583
0.0
0.0
4.0
2837.0393
14.0
4.4806676
0.0
0.0
4.0
2842.0737
14.0
4.521794
0.0
0.0
4.0
2847.1543
14.0
4.5583963
0.0
0.0
4.0
2852.2761
14.0
4.5909724
0.0
0.0
4.0
2857.4346
14.0
4.619965
0.0
0.0
4.0
2862.6255
14.0
4.6457686
0.0
0.0
4.0
2867.8455
14.0
4.668734
0.0
0.0
4.0
2873.0913
14.0
4.689173
0.0
0.0
4.0
2878.36
14.0
4.707364
0.0
0.0
4.0
2883.6492
14.0
4.7235537
0.0
0.0
4.0
2888.9565
14.0
4.7379627
0.0
0.0
4.0
2894.28
14.0
4.750787
0.0
0.0
4.0
2899.618
14.0
4.7622
0.0
0.0
4.0
2904.9688
14.0
4.772358
0.0
0.0
4.0
2910.331
14.0
4.7813983
0.0
0.0
4.0
2915.7034
14.0
4.7894444
0.0
0.0
4.0
2921.0847
14.0
4.7966056
0.0
0.0
4.0
2926.474
14.0
4.802979
0.0
0.0
4.0
2931.8706
14.0
4.808651
0.0
0.0
4.0
2937.2737
14.0
4.8136992
0.0
0.0
4.0
2942.6824
14.0
4.818192
0.0
0.0
4.0
2948.0962
14.0
4.8221908
0.0
0.0
4.0
2953.5144
14.0
0.0
0.0
0.0
4.0
2955.0
14.0
0.53400004
0.0
0.0
4.0
2955.6
14.0
0.0
0.0
0.0
4.0
2955.0
14.0
0.53400004
0.0
0.0
4.0
2955.6
14.0
0.0
0.0
0.0
4.0
2955.0
14.0
0.53400004
0.0
0.0
4.0
2955.6
14.0
0.0
0.0
0.0
4.0
2955.0
14.0
0.53400004
0.0
0.0
4.0
2955.6
14.0
0.0
0.0
0.0
4.0
2955.0
14.0
0.53400004
0.0
0.0
4.0
2955.6
14.0
0.0
0.0
0.0
4.0
2955.0
14.0
0.53400004
0.0
0.0
4.0
2955.6
14.0
0.0
0.0
0.0
4.0
2955.0
14.0
0.53400004
0.0
0.0
4.0
2955.6
14.0
1.00926
0.0
0.0
4.0
2956.7341
14.0
1.4322414
0.0
0.0
4.0
2958.3435
14.0
1.8086947
0.0
0.0
4.0
2960.3757
14.0
2.1437383
0.0
0.0
4.0
2962.7844
14.0
2.441927
0.0
0.0
4.0
2965.528
14.0
2.707315
0.0
0.0
4.0
2968.57
14.0
2.9435103
0.0
0.0
4.0
2971.8774
14.0
3.1537242
0.0
0.0
4.0
2975.421
14.0
3.3408144
0.0
0.0
4.0
2979.1746
14.0
3.507325
0.0
0.0
4.0
2983.1155
14.0
3.6555192
0.0
0.0
4.0
2987.223
14.0
0.0
0.0
0.0
4.0
2987.0
14.0
0.53400004
0.0
0.0
4.0
2987.6
14.0
0.0
0.0
0.0
4.0
2987.0
14.0
0.53400004
0.0
0.0
4.0
2987.6
14.0
0.0
0.0
0.0
4.0
2987.0
14.0
0.53400004
0.0
0.0
4.0
2987.6
14.0
0.0
0.0
0.0
4.0
2987.0
14.0
0.53400004
0.0
0.0
4.0
2987.6
14.0
0.0
0.0
0.0
4.0
2987.0
14.0
0.53400004
0.0
0.0
4.0
2987.6
14.0
1.00926
0.0
0.0
4.0
2988.7341
14.0
1.4322414
0.0
0.0
4.0
2990.3435
14.0
1.8086947
0.0
0.0
4.0
2992.3757
14.0
2.1437383
0.0
0.0
4.0
2994.7844
14.0
2.441927
0.0
0.0
4.0
2997.528
14.0
2.707315
0.0
0.0
4.0
3000.57
14.0
2.9435103
0.0
0.0
4.0
3003.8774
14.0
3.1537242
0.0
0.0
4.0
3007.421
14.0
3.3408144
0.0
0.0
4.0
3011.1746
14.0
3.507325
0.0
0.0
4.0
3015.1155
14.0
3.6555192
0.0
0.0
4.0
3019.223
14.0
3.7874122
0.0
0.0
4.0
3023.4785
14.0
3.9047966
0.0
0.0
4.0
3027.866
14.0
4.0092688
0.0
0.0
4.0
3032.3708
14.0
4.102249
0.0
0.0
4.0
3036.9802
14.0
4.1850014
0.0
0.0
4.0
3041.6824
14.0
4.2586513
0.0
0.0
4.0
3046.4673
14.0
4.3241997
0.0
0.0
4.0
3051.326
14.0
4.3825374
0.0
0.0
4.0
3056.2502
14.0
4.4344583
0.0
0.0
4.0
3061.2327
14.0
4.4806676
0.0
0.0
4.0
3066.267
14.0
4.521794
0.0
0.0
4.0
3071.3477
14.0
4.5583963
0.0
0.0
4.0
3076.4695
14.0
4.5909724
0.0
0.0
4.0
3081.628
14.0
4.619965
0.0
0.0
4.0
3086.8188
14.0
4.6457686
0.0
0.0
4.0
3092.0388
14.0
4.668734
0.0
0.0
4.0
3097.2847
14.0
4.689173
0.0
0.0
4.0
3102.5535
14.0
4.707364
0.0
0.0
4.0
3107.8425
14.0
4.7235537
0.0
0.0
4.0
3113.15
14.0
4.7379627
0.0
0.0
4.0
3118.4734
14.0
4.750787
0.0
0.0
4.0
3123.8113
14.0
4.7622
0.0
0.0
4.0
3129.162
14.0
4.772358
0.0
0.0
4.0
3134.5244
14.0
4.7813983
0.0
0.0
4.0
3139.8967
14.0
4.7894444
0.0
0.0
4.0
3145.278
14.0
4.7966056
0.0
0.0
4.0
3150.6675
14.0
4.802979
0.0
0.0
4.0
3156.064
14.0
4.808651
0.0
0.0
4.0
3161.467
14.0
4.8136992
0.0
0.0
4.0
3166.8757
14.0
0.0
0.0
0.0
4.0
3168.0
14.0
